

Software Version	3.12.08



Experiment File Path:	C:\Users\Sarela\Documents\Rita Pires\Exp23_RP_2plates_part2_Exp37_OB_3Plates_Part1_31012024.xpt
Protocol File Path:	C:\Users\Public\Documents\Protocols\New_96well_578_24H.prt



Plate Number	Plate 1
Date	1/31/2024
Time	7:06:35 PM
Reader Type:	Epoch 2
Reader Serial Number:	2202232E
Reading Type	Reader

Procedure Details

Plate Type	96 WELL PLATE
Discontinuous Kinetics	Runtime 2:00:00 (D:HH:MM), Interval 0:01:00, 49 Reads
Eject plate on completion	
Set Temperature	Setpoint 37°C, Gradient 0 °C
Shake	Double Orbital: 0:01:01 (HH:MM:SS)
	Frequency: 282 cpm (3 mm)
Read	Absorbance Endpoint
	Full Plate
	Wavelengths:  578
	Read Speed: Normal,  Delay: 100 msec,  Measurements/Data Point: 8

578

Time	T° 578	A1	A2	A3	A4	A5	A6	A7	A8	A9	A10	A11	A12	B1	B2	B3	B4	B5	B6	B7	B8	B9	B10	B11	B12	C1	C2	C3	C4	C5	C6	C7	C8	C9	C10	C11	C12	D1	D2	D3	D4	D5	D6	D7	D8	D9	D10	D11	D12	E1	E2	E3	E4	E5	E6	E7	E8	E9	E10	E11	E12	F1	F2	F3	F4	F5	F6	F7	F8	F9	F10	F11	F12	G1	G2	G3	G4	G5	G6	G7	G8	G9	G10	G11	G12	H1	H2	H3	H4	H5	H6	H7	H8	H9	H10	H11	H12
0:01:05	38.9	0.141	0.405	0.401	0.405	0.440	0.181	0.191	0.203	0.184	0.187	0.177	0.182	0.149	0.307	0.305	0.305	0.307	0.182	0.182	0.179	0.178	0.167	0.167	0.218	0.147	0.817	0.843	0.843	0.868	0.188	0.195	0.191	0.186	0.183	0.185	0.194	0.112	0.140	0.120	0.122	0.133	0.114	0.117	0.119	0.116	0.119	0.125	0.118	0.151	0.152	0.156	0.156	0.151	0.149	0.145	0.129	0.117	0.122	0.118	0.121	0.147	0.408	0.405	0.411	0.413	0.192	0.187	0.190	0.185	0.193	0.195	0.185	0.138	0.300	0.298	0.304	0.299	0.173	0.175	0.180	0.184	0.178	0.185	0.188	0.140	0.831	0.901	0.868	0.880	0.209	0.188	0.197	0.194	0.200	0.191	0.199
1:01:05	38.6	0.141	0.411	0.409	0.413	0.451	0.185	0.196	0.208	0.189	0.192	0.179	0.184	0.148	0.364	0.368	0.363	0.372	0.182	0.181	0.180	0.179	0.168	0.168	0.218	0.146	0.910	0.942	0.944	0.967	0.193	0.197	0.196	0.190	0.186	0.189	0.196	0.113	0.140	0.120	0.122	0.130	0.115	0.116	0.119	0.116	0.119	0.124	0.118	0.179	0.198	0.199	0.245	0.188	0.200	0.160	0.137	0.119	0.122	0.118	0.121	0.147	0.416	0.410	0.416	0.420	0.197	0.190	0.193	0.190	0.195	0.196	0.186	0.137	0.359	0.358	0.363	0.358	0.174	0.176	0.180	0.184	0.178	0.185	0.186	0.139	0.941	0.999	0.966	0.976	0.214	0.192	0.201	0.199	0.204	0.197	0.205
2:01:06	39.2	0.140	0.426	0.422	0.423	0.455	0.190	0.196	0.213	0.193	0.197	0.183	0.186	0.146	0.380	0.382	0.377	0.387	0.182	0.181	0.180	0.180	0.168	0.167	0.216	0.145	0.977	1.019	1.007	1.032	0.196	0.200	0.201	0.192	0.190	0.192	0.199	0.113	0.134	0.120	0.121	0.130	0.115	0.116	0.118	0.115	0.118	0.124	0.117	0.348	0.405	0.432	0.408	0.396	0.439	0.213	0.163	0.120	0.122	0.117	0.119	0.145	0.419	0.415	0.420	0.422	0.202	0.192	0.193	0.191	0.197	0.198	0.187	0.137	0.373	0.370	0.377	0.373	0.175	0.177	0.180	0.183	0.179	0.186	0.185	0.138	1.003	1.080	1.042	1.035	0.217	0.195	0.204	0.201	0.204	0.200	0.209
3:01:06	39.5	0.140	0.454	0.451	0.447	0.470	0.195	0.198	0.215	0.199	0.201	0.188	0.188	0.145	0.376	0.383	0.377	0.388	0.182	0.181	0.180	0.180	0.169	0.168	0.212	0.145	1.022	1.053	1.054	1.083	0.200	0.203	0.204	0.196	0.193	0.195	0.203	0.114	0.137	0.121	0.121	0.129	0.115	0.116	0.118	0.115	0.118	0.123	0.117	0.507	0.556	0.546	0.542	0.552	0.607	0.346	0.263	0.123	0.122	0.117	0.119	0.145	0.433	0.429	0.426	0.431	0.208	0.197	0.194	0.196	0.199	0.202	0.190	0.136	0.368	0.367	0.373	0.374	0.176	0.177	0.181	0.183	0.180	0.186	0.187	0.138	1.054	1.129	1.088	1.086	0.221	0.200	0.208	0.204	0.208	0.202	0.213
4:01:07	39.5	0.140	0.487	0.488	0.478	0.495	0.199	0.201	0.218	0.202	0.204	0.189	0.193	0.145	0.369	0.377	0.371	0.384	0.182	0.181	0.180	0.181	0.170	0.168	0.206	0.144	1.075	1.116	1.108	1.134	0.203	0.205	0.205	0.199	0.195	0.200	0.206	0.115	0.138	0.122	0.121	0.128	0.116	0.116	0.118	0.114	0.119	0.122	0.116	0.632	0.648	0.645	0.648	0.636	0.731	0.517	0.360	0.126	0.122	0.117	0.119	0.144	0.455	0.453	0.443	0.459	0.213	0.200	0.197	0.201	0.202	0.209	0.194	0.136	0.362	0.363	0.370	0.371	0.176	0.179	0.183	0.183	0.180	0.187	0.187	0.138	1.101	1.179	1.142	1.139	0.220	0.202	0.210	0.206	0.210	0.205	0.215
5:01:07	39.5	0.138	0.531	0.536	0.518	0.527	0.204	0.203	0.219	0.202	0.207	0.190	0.193	0.144	0.357	0.374	0.368	0.381	0.182	0.182	0.181	0.181	0.171	0.168	0.211	0.144	1.121	1.154	1.145	1.160	0.207	0.208	0.206	0.201	0.196	0.202	0.209	0.116	0.139	0.123	0.122	0.128	0.116	0.116	0.117	0.114	0.119	0.122	0.117	0.703	0.722	0.736	0.725	0.677	0.805	0.663	0.399	0.128	0.124	0.117	0.118	0.143	0.496	0.486	0.474	0.504	0.217	0.203	0.198	0.202	0.204	0.211	0.198	0.136	0.360	0.362	0.367	0.368	0.175	0.179	0.182	0.183	0.181	0.188	0.188	0.137	1.142	1.209	1.176	1.165	0.216	0.204	0.211	0.208	0.211	0.206	0.217
6:01:08	39.5	0.139	0.576	0.581	0.559	0.563	0.207	0.205	0.221	0.203	0.209	0.191	0.194	0.144	0.356	0.373	0.366	0.381	0.182	0.182	0.181	0.182	0.171	0.169	0.218	0.144	1.141	1.164	1.164	1.164	0.206	0.210	0.208	0.201	0.198	0.205	0.211	0.119	0.142	0.124	0.122	0.129	0.117	0.116	0.118	0.114	0.119	0.123	0.116	0.766	0.781	0.805	0.771	0.716	0.852	0.754	0.437	0.131	0.124	0.117	0.117	0.143	0.531	0.524	0.510	0.548	0.221	0.205	0.201	0.204	0.206	0.216	0.198	0.136	0.358	0.360	0.367	0.367	0.175	0.180	0.185	0.184	0.182	0.189	0.188	0.137	1.157	1.205	1.169	1.157	0.214	0.205	0.211	0.209	0.213	0.206	0.218
7:01:09	39.5	0.139	0.619	0.622	0.599	0.597	0.210	0.205	0.223	0.204	0.210	0.191	0.195	0.144	0.357	0.375	0.368	0.386	0.182	0.183	0.180	0.184	0.172	0.170	0.209	0.143	1.111	1.132	1.129	1.136	0.207	0.209	0.209	0.201	0.199	0.206	0.213	0.122	0.147	0.126	0.122	0.129	0.117	0.115	0.118	0.114	0.119	0.123	0.116	0.805	0.842	0.854	0.821	0.760	0.892	0.830	0.531	0.137	0.125	0.117	0.117	0.142	0.573	0.566	0.543	0.590	0.224	0.209	0.202	0.206	0.209	0.216	0.197	0.136	0.360	0.361	0.367	0.370	0.175	0.180	0.185	0.184	0.184	0.190	0.190	0.137	1.137	1.166	1.134	1.128	0.215	0.205	0.211	0.210	0.213	0.206	0.219
8:01:09	39.2	0.138	0.658	0.662	0.636	0.627	0.212	0.206	0.226	0.207	0.212	0.192	0.194	0.143	0.362	0.381	0.374	0.399	0.183	0.184	0.181	0.185	0.172	0.171	0.208	0.143	1.040	1.068	1.066	1.073	0.203	0.209	0.208	0.203	0.201	0.208	0.215	0.125	0.157	0.127	0.123	0.130	0.117	0.115	0.119	0.115	0.118	0.122	0.116	0.876	0.893	0.902	0.875	0.797	0.937	0.877	0.615	0.144	0.127	0.116	0.117	0.142	0.612	0.598	0.577	0.625	0.227	0.212	0.206	0.209	0.210	0.218	0.198	0.135	0.364	0.368	0.374	0.381	0.176	0.181	0.187	0.185	0.185	0.192	0.192	0.138	1.080	1.098	1.065	1.071	0.217	0.204	0.211	0.209	0.215	0.208	0.221
9:01:10	38.9	0.138	0.696	0.696	0.670	0.654	0.215	0.207	0.228	0.208	0.212	0.192	0.195	0.144	0.369	0.391	0.384	0.424	0.184	0.185	0.182	0.186	0.172	0.172	0.210	0.142	0.948	0.982	0.980	1.000	0.203	0.212	0.209	0.202	0.201	0.209	0.217	0.130	0.164	0.129	0.124	0.128	0.118	0.115	0.119	0.115	0.118	0.120	0.116	0.928	0.940	0.958	0.919	0.829	0.983	0.925	0.689	0.156	0.130	0.117	0.116	0.141	0.641	0.629	0.604	0.654	0.230	0.215	0.207	0.210	0.213	0.219	0.205	0.135	0.373	0.380	0.386	0.403	0.176	0.182	0.187	0.186	0.187	0.193	0.193	0.138	1.000	1.013	0.981	1.007	0.215	0.204	0.210	0.209	0.216	0.205	0.222
10:01:10	39.2	0.138	0.724	0.725	0.700	0.677	0.217	0.209	0.228	0.209	0.214	0.191	0.194	0.144	0.381	0.409	0.398	0.473	0.185	0.185	0.182	0.186	0.173	0.173	0.218	0.141	0.846	0.894	0.891	0.917	0.201	0.210	0.207	0.203	0.199	0.209	0.217	0.135	0.174	0.131	0.124	0.130	0.119	0.116	0.119	0.115	0.118	0.123	0.116	0.967	0.971	0.999	0.956	0.862	1.000	0.963	0.720	0.165	0.133	0.117	0.115	0.141	0.671	0.662	0.632	0.680	0.233	0.216	0.207	0.212	0.214	0.221	0.205	0.135	0.389	0.400	0.403	0.442	0.177	0.184	0.188	0.188	0.188	0.195	0.194	0.138	0.912	0.927	0.899	0.941	0.216	0.204	0.212	0.210	0.217	0.205	0.224
11:01:11	39.7	0.139	0.750	0.744	0.717	0.695	0.220	0.208	0.228	0.210	0.215	0.192	0.193	0.143	0.400	0.441	0.416	0.546	0.185	0.185	0.182	0.186	0.173	0.173	0.220	0.141	0.759	0.812	0.810	0.842	0.199	0.209	0.207	0.202	0.199	0.209	0.217	0.139	0.183	0.132	0.125	0.131	0.119	0.116	0.119	0.116	0.118	0.121	0.116	1.004	1.000	1.025	0.980	0.870	1.011	0.975	0.758	0.172	0.135	0.116	0.115	0.141	0.697	0.680	0.648	0.704	0.235	0.217	0.207	0.212	0.215	0.220	0.205	0.135	0.406	0.419	0.420	0.515	0.177	0.183	0.187	0.189	0.189	0.196	0.195	0.138	0.831	0.855	0.827	0.874	0.211	0.205	0.212	0.209	0.213	0.203	0.222
12:01:12	39.3	0.139	0.766	0.760	0.736	0.708	0.222	0.207	0.227	0.210	0.214	0.191	0.194	0.143	0.416	0.482	0.443	0.640	0.185	0.186	0.182	0.187	0.173	0.173	0.217	0.141	0.681	0.747	0.746	0.774	0.196	0.210	0.207	0.200	0.200	0.209	0.218	0.143	0.189	0.131	0.126	0.131	0.120	0.116	0.119	0.116	0.119	0.120	0.117	1.049	1.035	1.061	1.013	0.900	1.045	1.012	0.789	0.185	0.140	0.116	0.114	0.140	0.713	0.695	0.671	0.722	0.238	0.214	0.210	0.214	0.218	0.223	0.204	0.136	0.435	0.444	0.441	0.616	0.177	0.184	0.188	0.191	0.191	0.198	0.196	0.138	0.754	0.799	0.769	0.817	0.209	0.201	0.208	0.208	0.211	0.205	0.223
13:01:13	38.9	0.139	0.781	0.775	0.755	0.722	0.224	0.207	0.226	0.208	0.213	0.191	0.195	0.143	0.439	0.541	0.480	0.713	0.186	0.187	0.182	0.187	0.174	0.173	0.225	0.142	0.629	0.689	0.697	0.713	0.197	0.209	0.209	0.199	0.203	0.211	0.219	0.147	0.196	0.131	0.127	0.132	0.120	0.117	0.119	0.116	0.119	0.122	0.117	1.075	1.075	1.113	1.058	0.916	1.072	1.031	0.813	0.194	0.144	0.116	0.115	0.140	0.732	0.719	0.692	0.742	0.241	0.216	0.210	0.215	0.219	0.222	0.204	0.136	0.473	0.480	0.471	0.700	0.178	0.186	0.190	0.192	0.193	0.199	0.198	0.139	0.697	0.743	0.721	0.765	0.207	0.201	0.210	0.208	0.213	0.206	0.225
14:01:13	39.8	0.140	0.796	0.792	0.767	0.733	0.226	0.206	0.226	0.206	0.211	0.190	0.194	0.143	0.466	0.599	0.512	0.765	0.185	0.187	0.182	0.188	0.174	0.174	0.202	0.141	0.594	0.643	0.655	0.668	0.198	0.209	0.205	0.199	0.201	0.209	0.218	0.150	0.167	0.131	0.126	0.131	0.121	0.117	0.120	0.116	0.119	0.122	0.116	1.113	1.098	1.137	1.086	0.925	1.076	1.038	0.825	0.199	0.147	0.117	0.114	0.140	0.748	0.730	0.704	0.753	0.243	0.218	0.211	0.214	0.220	0.221	0.202	0.136	0.516	0.514	0.506	0.749	0.179	0.187	0.191	0.193	0.194	0.201	0.200	0.138	0.649	0.689	0.664	0.717	0.213	0.199	0.212	0.206	0.211	0.203	0.226
15:01:13	37.1	0.140	0.815	0.810	0.782	0.752	0.229	0.206	0.225	0.204	0.209	0.188	0.193	0.143	0.503	0.651	0.550	0.798	0.184	0.186	0.181	0.188	0.174	0.174	0.219	0.142	0.564	0.604	0.621	0.627	0.196	0.208	0.206	0.202	0.202	0.209	0.220	0.152	0.170	0.132	0.127	0.132	0.122	0.118	0.120	0.116	0.119	0.119	0.116	1.149	1.144	1.173	1.126	0.961	1.114	1.068	0.826	0.209	0.151	0.117	0.115	0.140	0.774	0.753	0.721	0.775	0.246	0.219	0.212	0.217	0.221	0.221	0.202	0.137	0.563	0.550	0.546	0.786	0.179	0.188	0.190	0.195	0.195	0.201	0.204	0.140	0.629	0.660	0.622	0.670	0.210	0.201	0.212	0.212	0.214	0.205	0.223
16:01:14	37.1	0.140	0.820	0.814	0.791	0.755	0.230	0.206	0.224	0.202	0.207	0.187	0.191	0.144	0.553	0.695	0.586	0.817	0.184	0.186	0.182	0.188	0.175	0.173	0.206	0.142	0.561	0.573	0.585	0.601	0.194	0.206	0.203	0.200	0.202	0.208	0.219	0.153	0.171	0.132	0.127	0.133	0.122	0.118	0.121	0.117	0.119	0.122	0.117	1.148	1.159	1.186	1.157	0.982	1.130	1.075	0.819	0.213	0.155	0.118	0.115	0.141	0.784	0.774	0.742	0.786	0.249	0.220	0.214	0.218	0.223	0.224	0.203	0.137	0.622	0.598	0.584	0.808	0.180	0.190	0.192	0.196	0.197	0.203	0.201	0.141	0.619	0.648	0.592	0.647	0.210	0.201	0.211	0.214	0.215	0.205	0.225
17:01:14	37.1	0.141	0.820	0.821	0.798	0.761	0.232	0.204	0.223	0.200	0.205	0.186	0.189	0.144	0.572	0.719	0.612	0.822	0.184	0.185	0.182	0.187	0.174	0.173	0.203	0.142	0.555	0.552	0.577	0.584	0.193	0.202	0.203	0.200	0.202	0.207	0.220	0.154	0.171	0.133	0.128	0.134	0.123	0.119	0.121	0.118	0.119	0.119	0.117	1.160	1.147	1.198	1.176	0.999	1.139	1.087	0.850	0.218	0.157	0.118	0.115	0.140	0.784	0.773	0.749	0.797	0.251	0.221	0.217	0.221	0.226	0.223	0.201	0.137	0.653	0.621	0.602	0.818	0.180	0.191	0.193	0.198	0.198	0.204	0.201	0.141	0.618	0.637	0.580	0.648	0.205	0.203	0.209	0.213	0.213	0.205	0.223
0:00:00																																																																																																	
0:00:00																																																																																																	
0:00:00																																																																																																	
0:00:00																																																																																																	
0:00:00																																																																																																	
0:00:00																																																																																																	
0:00:00																																																																																																	
0:00:00																																																																																																	
0:00:00																																																																																																	
0:00:00																																																																																																	
0:00:00																																																																																																	
0:00:00																																																																																																	
0:00:00																																																																																																	
0:00:00																																																																																																	
0:00:00																																																																																																	
0:00:00																																																																																																	
0:00:00																																																																																																	
0:00:00																																																																																																	
0:00:00																																																																																																	
0:00:00																																																																																																	
0:00:00																																																																																																	
0:00:00																																																																																																	
0:00:00																																																																																																	
0:00:00																																																																																																	
0:00:00																																																																																																	
0:00:00																																																																																																	
0:00:00																																																																																																	
0:00:00																																																																																																	
0:00:00																																																																																																	
0:00:00																																																																																																	
0:00:00																																																																																																	

Results
	1	2	3	4	5	6	7	8	9	10	11	12
A	-0.009	0.718	0.725	0.661	0.558	0.078	0.039	0.061	0.076	0.071	0.055	0.043	Max V [578]
	0.938	0.999	0.998	1.000	0.999	1.000	0.990	0.983	0.996	0.987	0.974	0.977	R-Squared [578]
	3:01:06	6:01:08	5:01:08	6:01:08	6:01:08	2:01:06	4:01:07	2:01:06	2:01:06	2:01:06	2:01:06	2:01:06	t at Max V [578]
	?????	2:06:23	1:54:43	2:10:07	2:22:48	0:02:37	?????	?????	?????	?????	0:09:45	0:05:16	Lagtime [578]
B	-0.017	0.589	0.894	0.592	1.252	0.012	0.012	0.005	0.017	0.012	0.014	-0.067	Max V [578]
	0.942	0.984	0.997	0.999	0.991	0.988	0.985	0.713	0.992	0.988	0.987	0.367	R-Squared [578]
	2:01:06	15:01:14	13:01:12	14:01:13	12:01:12	9:01:10	7:01:09	9:01:10	7:01:09	4:01:07	7:01:09	15:01:14	t at Max V [578]
	?????	9:21:51	8:35:17	8:08:42	7:45:08	6:03:36	4:51:31	2:37:53	2:07:22	0:38:54	3:32:50	13:21:28	Lagtime [578]
C	-0.010	-1.510	-1.355	-1.355	-1.261	0.063	0.044	0.061	0.053	0.049	0.058	0.053	Max V [578]
	0.988	0.998	0.997	0.997	0.999	0.992	0.997	0.968	0.994	0.983	0.994	0.999	R-Squared [578]
	2:01:06	10:01:11	9:01:10	9:01:10	10:01:11	2:01:06	3:01:06	2:01:06	2:01:06	2:01:06	2:01:06	3:01:06	t at Max V [578]
	?????	10:26:28	10:40:27	10:38:49	10:43:14	?????	0:09:39	?????	0:04:50	?????	0:05:55	0:18:41	Lagtime [578]
D	0.075	0.146	0.029	0.012	-0.016	0.011	0.013	0.006	0.007	0.003	-0.011	-0.008	Max V [578]
	0.997	0.998	0.999	0.988	0.861	0.955	0.920	0.963	0.710	0.870	0.939	0.966	R-Squared [578]
	9:01:10	9:01:10	8:01:09	10:01:11	2:01:06	10:01:11	15:01:14	7:01:09	15:01:14	11:01:12	2:01:06	2:01:06	t at Max V [578]
	5:01:40	6:06:33	3:45:04	6:29:56	?????	3:18:07	13:26:29	7:32:44	12:42:33	12:25:55	0:17:57	?????	Lagtime [578]
E	2.217	2.252	2.208	2.136	2.225	2.617	2.332	1.261	0.163	0.064	0.009	-0.011	Max V [578]
	0.978	0.970	0.964	0.993	0.965	0.973	0.991	0.987	0.992	0.992	0.953	0.972	R-Squared [578]
	3:01:06	2:01:06	2:01:06	2:01:06	2:01:06	2:01:06	4:01:07	7:01:09	10:01:11	13:01:12	14:01:13	9:01:10	t at Max V [578]
	0:35:27	0:14:38	0:12:35	0:06:58	0:15:54	0:15:36	1:29:40	1:39:37	5:10:16	7:33:35	16:36:47	0:50:11	Lagtime [578]
F	-0.014	0.650	0.618	0.560	0.695	0.089	0.057	0.038	0.064	0.039	0.077	0.049	Max V [578]
	0.953	1.000	0.999	1.000	0.998	0.998	0.974	0.973	0.977	0.996	0.981	0.968	R-Squared [578]
	2:01:06	6:01:08	6:01:08	6:01:08	6:01:08	2:01:06	3:01:06	7:01:09	2:01:06	2:01:06	4:01:07	3:01:06	t at Max V [578]
	?????	2:48:27	2:46:49	3:06:24	2:51:33	0:04:13	0:13:43	1:20:28	?????	?????	1:25:10	1:09:13	Lagtime [578]
G	-0.010	0.774	0.633	0.602	1.331	0.011	0.021	0.019	0.025	0.026	0.026	0.033	Max V [578]
	0.891	0.994	0.995	0.998	0.989	0.973	0.991	0.919	0.997	0.997	0.997	0.930	R-Squared [578]
	2:01:06	15:01:14	14:01:13	14:01:13	12:01:12	2:01:06	14:01:13	7:01:09	13:01:12	8:01:09	12:01:12	13:01:12	t at Max V [578]
	?????	9:18:26	8:15:07	8:19:44	8:11:48	?????	4:54:04	2:13:54	7:45:10	3:22:09	3:42:37	7:31:45	Lagtime [578]
H	0.013	-1.370	-1.323	-1.298	-1.067	0.047	0.057	0.055	0.049	0.040	0.053	0.070	Max V [578]
	0.908	1.000	0.999	0.999	0.999	0.834	0.993	0.983	0.976	0.936	0.943	0.978	R-Squared [578]
	15:01:14	10:01:11	9:01:10	9:01:10	10:01:11	2:01:06	2:01:06	2:01:06	2:01:06	2:01:06	2:01:06	2:01:06	t at Max V [578]
	15:07:09	11:02:53	10:24:57	10:28:11	10:58:51	?????	?????	?????	?????	?????	?????	?????	Lagtime [578]



Software Version	3.12.08



Experiment File Path:	C:\Users\Sarela\Documents\Rita Pires\Exp23_RP_2plates_part2_Exp37_OB_3Plates_Part1_31012024.xpt
Protocol File Path:	C:\Users\Public\Documents\Protocols\New_96well_578_24H.prt



Plate Number	Plate 2
Date	1/31/2024
Time	7:08:59 PM
Reader Type:	Epoch 2
Reader Serial Number:	2202232E
Reading Type	Reader

Procedure Details

Plate Type	96 WELL PLATE
Discontinuous Kinetics	Runtime 2:00:00 (D:HH:MM), Interval 0:01:00, 49 Reads
Eject plate on completion	
Set Temperature	Setpoint 37°C, Gradient 0 °C
Shake	Double Orbital: 0:01:01 (HH:MM:SS)
	Frequency: 282 cpm (3 mm)
Read	Absorbance Endpoint
	Full Plate
	Wavelengths:  578
	Read Speed: Normal,  Delay: 100 msec,  Measurements/Data Point: 8

578

Time	T° 578	A1	A2	A3	A4	A5	A6	A7	A8	A9	A10	A11	A12	B1	B2	B3	B4	B5	B6	B7	B8	B9	B10	B11	B12	C1	C2	C3	C4	C5	C6	C7	C8	C9	C10	C11	C12	D1	D2	D3	D4	D5	D6	D7	D8	D9	D10	D11	D12	E1	E2	E3	E4	E5	E6	E7	E8	E9	E10	E11	E12	F1	F2	F3	F4	F5	F6	F7	F8	F9	F10	F11	F12	G1	G2	G3	G4	G5	G6	G7	G8	G9	G10	G11	G12	H1	H2	H3	H4	H5	H6	H7	H8	H9	H10	H11	H12
0:01:05	38.9	0.139	0.140	0.147	0.148	0.137	0.146	0.140	0.137	0.132	0.154	0.167	0.155	0.184	0.193	0.208	0.234	0.210	0.210	0.191	0.171	0.157	0.159	0.152	0.151	0.161	0.481	0.491	0.497	0.490	0.254	0.249	0.253	0.252	0.246	0.256	0.252	0.183	0.362	0.385	0.369	0.376	0.259	0.237	0.244	0.251	0.246	0.239	0.246	0.185	0.814	0.838	0.851	0.864	0.268	0.257	0.252	0.260	0.260	0.251	0.238	0.156	0.168	0.186	0.182	0.179	0.181	0.173	0.171	0.176	0.177	0.175	0.172	0.209	0.217	0.239	0.221	0.217	0.195	0.201	0.194	0.188	0.208	0.174	0.172	0.119	0.133	0.128	0.128	0.123	0.113	0.116	0.116	0.129	0.119	0.130	0.129
1:01:04	38.6	0.125	0.116	0.122	0.118	0.123	0.131	0.122	0.121	0.115	0.120	0.122	0.116	0.204	0.202	0.221	0.316	0.220	0.203	0.201	0.138	0.127	0.126	0.121	0.120	0.139	0.425	0.432	0.431	0.432	0.202	0.198	0.206	0.196	0.195	0.192	0.198	0.149	0.354	0.376	0.365	0.374	0.194	0.176	0.180	0.183	0.182	0.176	0.179	0.150	0.823	0.863	0.873	0.893	0.212	0.195	0.204	0.201	0.204	0.202	0.200	0.119	0.116	0.128	0.121	0.124	0.125	0.121	0.115	0.121	0.118	0.122	0.123	0.204	0.198	0.288	0.257	0.187	0.169	0.159	0.132	0.127	0.155	0.122	0.128	0.119	0.132	0.128	0.127	0.132	0.112	0.116	0.116	0.129	0.119	0.128	0.128
2:01:05	39.1	0.125	0.116	0.123	0.118	0.122	0.131	0.121	0.123	0.114	0.119	0.121	0.115	0.407	0.461	0.474	0.517	0.464	0.454	0.358	0.160	0.128	0.126	0.121	0.119	0.139	0.429	0.437	0.434	0.436	0.208	0.201	0.209	0.199	0.198	0.196	0.201	0.159	0.368	0.391	0.380	0.390	0.193	0.177	0.180	0.183	0.183	0.177	0.179	0.149	0.896	0.943	0.952	0.960	0.218	0.199	0.209	0.207	0.208	0.207	0.203	0.120	0.115	0.128	0.122	0.124	0.125	0.121	0.116	0.121	0.118	0.123	0.123	0.429	0.460	0.495	0.477	0.404	0.359	0.252	0.139	0.129	0.152	0.121	0.127	0.118	0.132	0.128	0.127	0.132	0.112	0.116	0.116	0.128	0.119	0.128	0.128
3:01:06	39.4	0.126	0.117	0.123	0.119	0.123	0.131	0.121	0.121	0.114	0.118	0.121	0.116	0.560	0.646	0.640	0.665	0.622	0.628	0.520	0.265	0.130	0.127	0.121	0.119	0.140	0.441	0.448	0.442	0.441	0.213	0.205	0.213	0.203	0.201	0.200	0.204	0.286	0.367	0.392	0.380	0.392	0.187	0.178	0.181	0.184	0.184	0.178	0.180	0.148	0.944	0.989	1.000	1.016	0.223	0.203	0.215	0.211	0.211	0.212	0.208	0.121	0.116	0.129	0.122	0.125	0.125	0.121	0.115	0.120	0.118	0.123	0.123	0.587	0.638	0.650	0.626	0.584	0.575	0.453	0.157	0.130	0.147	0.122	0.127	0.119	0.132	0.128	0.127	0.132	0.112	0.116	0.116	0.127	0.119	0.128	0.127
4:01:07	39.4	0.127	0.119	0.125	0.120	0.123	0.131	0.120	0.120	0.114	0.117	0.121	0.115	0.671	0.769	0.757	0.764	0.730	0.755	0.680	0.374	0.132	0.127	0.120	0.119	0.140	0.458	0.466	0.460	0.460	0.218	0.211	0.215	0.207	0.205	0.203	0.208	0.444	0.361	0.385	0.374	0.388	0.202	0.179	0.181	0.185	0.186	0.179	0.181	0.147	1.002	1.045	1.054	1.066	0.229	0.207	0.218	0.214	0.215	0.216	0.211	0.122	0.117	0.130	0.123	0.125	0.126	0.121	0.115	0.121	0.118	0.123	0.123	0.695	0.729	0.739	0.721	0.685	0.690	0.627	0.195	0.132	0.142	0.122	0.126	0.118	0.131	0.127	0.127	0.132	0.112	0.116	0.116	0.127	0.118	0.127	0.127
5:01:07	39.4	0.130	0.121	0.126	0.120	0.122	0.130	0.121	0.120	0.113	0.117	0.121	0.115	0.739	0.849	0.831	0.827	0.796	0.833	0.769	0.466	0.135	0.127	0.119	0.118	0.140	0.483	0.491	0.487	0.491	0.222	0.216	0.216	0.208	0.205	0.206	0.210	0.551	0.359	0.382	0.371	0.384	0.195	0.179	0.182	0.186	0.187	0.180	0.182	0.146	1.050	1.096	1.103	1.102	0.231	0.211	0.221	0.217	0.217	0.219	0.213	0.124	0.119	0.131	0.124	0.125	0.125	0.120	0.114	0.120	0.118	0.123	0.123	0.771	0.823	0.814	0.797	0.758	0.780	0.762	0.282	0.135	0.146	0.121	0.126	0.118	0.131	0.127	0.126	0.131	0.112	0.115	0.116	0.127	0.118	0.126	0.127
6:01:08	39.4	0.134	0.126	0.127	0.120	0.122	0.130	0.120	0.120	0.113	0.116	0.122	0.114	0.811	0.906	0.885	0.882	0.837	0.870	0.845	0.555	0.140	0.129	0.117	0.118	0.138	0.516	0.525	0.520	0.526	0.225	0.218	0.217	0.210	0.208	0.210	0.212	0.575	0.358	0.380	0.370	0.383	0.195	0.180	0.184	0.187	0.189	0.181	0.183	0.146	1.098	1.125	1.127	1.123	0.232	0.213	0.223	0.220	0.219	0.222	0.215	0.127	0.122	0.133	0.125	0.125	0.125	0.120	0.114	0.120	0.118	0.123	0.123	0.842	0.879	0.878	0.856	0.808	0.830	0.837	0.369	0.138	0.142	0.121	0.125	0.118	0.130	0.127	0.126	0.131	0.112	0.115	0.116	0.127	0.117	0.126	0.127
7:01:08	39.4	0.139	0.132	0.128	0.121	0.122	0.130	0.121	0.119	0.113	0.116	0.121	0.114	0.823	0.957	0.941	0.932	0.887	0.915	0.911	0.625	0.149	0.134	0.118	0.118	0.140	0.552	0.561	0.556	0.560	0.228	0.219	0.219	0.213	0.209	0.210	0.214	0.578	0.358	0.380	0.369	0.383	0.191	0.181	0.185	0.188	0.190	0.182	0.183	0.148	1.106	1.111	1.110	1.114	0.234	0.215	0.224	0.222	0.220	0.224	0.218	0.131	0.126	0.134	0.125	0.126	0.125	0.120	0.113	0.121	0.118	0.123	0.122	0.893	0.938	0.928	0.903	0.858	0.863	0.870	0.451	0.142	0.142	0.121	0.122	0.118	0.130	0.127	0.126	0.131	0.111	0.115	0.115	0.127	0.117	0.126	0.126
8:01:09	39.2	0.145	0.138	0.129	0.122	0.122	0.129	0.121	0.119	0.112	0.115	0.121	0.114	0.877	1.005	0.990	0.974	0.919	0.945	0.942	0.677	0.162	0.139	0.116	0.118	0.198	0.587	0.589	0.587	0.596	0.230	0.221	0.221	0.213	0.209	0.212	0.213	0.570	0.359	0.381	0.370	0.389	0.198	0.183	0.186	0.190	0.191	0.184	0.184	0.165	1.080	1.065	1.061	1.077	0.234	0.216	0.225	0.222	0.220	0.227	0.219	0.135	0.129	0.136	0.126	0.126	0.125	0.120	0.113	0.121	0.118	0.123	0.122	0.931	0.987	0.984	0.962	0.907	0.904	0.907	0.518	0.147	0.145	0.120	0.124	0.117	0.129	0.126	0.125	0.131	0.111	0.115	0.115	0.126	0.117	0.125	0.126
9:01:09	38.9	0.153	0.145	0.132	0.122	0.122	0.129	0.120	0.119	0.112	0.115	0.120	0.114	0.934	1.057	1.031	1.018	0.962	0.994	0.950	0.709	0.175	0.144	0.116	0.118	0.387	0.618	0.625	0.622	0.624	0.233	0.223	0.224	0.215	0.213	0.212	0.215	0.540	0.363	0.385	0.374	0.400	0.205	0.184	0.188	0.191	0.193	0.185	0.184	0.377	1.021	0.994	0.984	1.021	0.229	0.218	0.222	0.223	0.222	0.229	0.221	0.141	0.134	0.139	0.127	0.126	0.126	0.120	0.113	0.121	0.118	0.123	0.122	0.985	1.038	1.022	1.015	0.944	0.962	0.938	0.571	0.155	0.148	0.120	0.126	0.117	0.129	0.126	0.125	0.131	0.111	0.115	0.115	0.126	0.116	0.125	0.126
10:01:10	39.0	0.160	0.151	0.134	0.123	0.123	0.129	0.120	0.119	0.112	0.115	0.120	0.114	0.971	1.087	1.070	1.049	1.010	1.028	0.987	0.746	0.185	0.154	0.116	0.119	0.476	0.646	0.650	0.647	0.647	0.236	0.225	0.221	0.216	0.214	0.212	0.215	0.518	0.367	0.390	0.383	0.421	0.203	0.185	0.189	0.193	0.195	0.186	0.185	0.561	0.938	0.904	0.900	0.959	0.230	0.219	0.223	0.225	0.222	0.230	0.222	0.145	0.138	0.141	0.128	0.127	0.126	0.120	0.113	0.121	0.118	0.123	0.122	1.023	1.067	1.054	1.048	0.980	1.003	0.959	0.609	0.162	0.149	0.119	0.127	0.117	0.129	0.126	0.125	0.131	0.111	0.115	0.115	0.126	0.116	0.125	0.126
11:01:11	39.6	0.166	0.156	0.134	0.123	0.123	0.129	0.120	0.119	0.112	0.114	0.120	0.113	1.015	1.122	1.086	1.076	1.027	1.051	0.998	0.758	0.196	0.163	0.116	0.121	0.498	0.670	0.666	0.670	0.673	0.238	0.226	0.220	0.216	0.213	0.211	0.216	0.508	0.373	0.398	0.389	0.454	0.205	0.186	0.189	0.195	0.196	0.186	0.185	0.624	0.848	0.820	0.813	0.893	0.226	0.219	0.225	0.225	0.223	0.230	0.222	0.149	0.141	0.142	0.129	0.126	0.126	0.119	0.112	0.121	0.118	0.122	0.121	1.059	1.093	1.088	1.073	0.988	1.015	0.975	0.634	0.169	0.151	0.120	0.130	0.117	0.128	0.126	0.125	0.131	0.111	0.115	0.114	0.126	0.116	0.124	0.126
12:01:11	39.3	0.171	0.161	0.136	0.124	0.123	0.129	0.120	0.119	0.112	0.114	0.120	0.113	1.039	1.135	1.114	1.097	1.044	1.082	1.022	0.783	0.204	0.167	0.116	0.121	0.516	0.689	0.688	0.688	0.687	0.240	0.226	0.220	0.216	0.213	0.213	0.213	0.509	0.380	0.411	0.400	0.502	0.200	0.186	0.190	0.195	0.198	0.187	0.185	0.682	0.762	0.744	0.742	0.836	0.223	0.218	0.222	0.225	0.223	0.230	0.222	0.153	0.144	0.143	0.130	0.127	0.127	0.119	0.112	0.121	0.118	0.122	0.121	1.091	1.121	1.111	1.096	1.018	1.044	1.000	0.667	0.178	0.154	0.121	0.132	0.117	0.128	0.126	0.125	0.131	0.111	0.115	0.114	0.126	0.116	0.124	0.126
13:01:12	38.9	0.175	0.163	0.135	0.124	0.124	0.128	0.120	0.118	0.112	0.114	0.120	0.113	1.061	1.167	1.139	1.122	1.068	1.100	1.050	0.812	0.212	0.171	0.117	0.121	0.507	0.708	0.705	0.705	0.707	0.243	0.220	0.220	0.216	0.215	0.213	0.213	0.506	0.393	0.420	0.418	0.561	0.197	0.188	0.192	0.197	0.199	0.187	0.186	0.707	0.687	0.685	0.679	0.783	0.222	0.217	0.224	0.225	0.225	0.230	0.223	0.157	0.146	0.144	0.131	0.128	0.127	0.119	0.112	0.120	0.118	0.122	0.121	1.119	1.149	1.139	1.118	1.044	1.057	1.022	0.683	0.182	0.166	0.120	0.129	0.117	0.128	0.126	0.125	0.131	0.111	0.115	0.114	0.126	0.116	0.124	0.125
14:01:13	39.6	0.178	0.163	0.135	0.123	0.124	0.128	0.120	0.118	0.112	0.114	0.121	0.113	1.088	1.188	1.160	1.143	1.091	1.119	1.061	0.828	0.214	0.173	0.116	0.120	0.515	0.727	0.726	0.721	0.717	0.245	0.222	0.219	0.218	0.216	0.212	0.212	0.490	0.401	0.437	0.432	0.624	0.210	0.188	0.195	0.199	0.200	0.188	0.186	0.690	0.625	0.640	0.634	0.735	0.219	0.219	0.223	0.226	0.225	0.230	0.223	0.159	0.147	0.145	0.131	0.129	0.127	0.119	0.112	0.120	0.118	0.122	0.121	1.140	1.166	1.157	1.148	1.057	1.071	1.027	0.690	0.186	0.164	0.123	0.130	0.117	0.128	0.126	0.124	0.130	0.111	0.115	0.114	0.125	0.116	0.123	0.124
15:01:12	37.1	0.179	0.161	0.134	0.123	0.124	0.128	0.119	0.117	0.112	0.113	0.120	0.113	1.129	1.222	1.195	1.173	1.111	1.147	1.089	0.862	0.222	0.177	0.117	0.120	0.578	0.750	0.745	0.744	0.738	0.247	0.222	0.217	0.218	0.214	0.210	0.212	0.518	0.418	0.455	0.445	0.673	0.205	0.190	0.195	0.199	0.200	0.188	0.187	0.741	0.590	0.611	0.606	0.689	0.212	0.218	0.224	0.226	0.225	0.231	0.223	0.161	0.147	0.146	0.132	0.129	0.127	0.119	0.112	0.120	0.118	0.122	0.121	1.181	1.209	1.179	1.173	1.092	1.107	1.063	0.750	0.192	0.168	0.124	0.128	0.117	0.128	0.126	0.124	0.131	0.111	0.115	0.114	0.125	0.116	0.124	0.125
16:01:13	37.1	0.179	0.160	0.134	0.123	0.125	0.128	0.119	0.118	0.112	0.113	0.120	0.113	1.135	1.213	1.200	1.179	1.121	1.152	1.091	0.869	0.232	0.190	0.119	0.121	0.568	0.764	0.762	0.755	0.749	0.249	0.222	0.220	0.220	0.217	0.213	0.212	0.536	0.446	0.487	0.470	0.716	0.206	0.191	0.196	0.201	0.201	0.190	0.188	0.707	0.572	0.588	0.589	0.657	0.213	0.216	0.224	0.226	0.225	0.233	0.223	0.162	0.145	0.147	0.133	0.130	0.127	0.119	0.112	0.121	0.118	0.122	0.121	1.185	1.219	1.191	1.187	1.119	1.129	1.075	0.771	0.192	0.174	0.129	0.124	0.117	0.127	0.126	0.124	0.130	0.111	0.115	0.114	0.124	0.116	0.123	0.125
17:01:13	37.1	0.178	0.158	0.132	0.123	0.125	0.127	0.119	0.118	0.111	0.113	0.119	0.112	1.143	1.225	1.205	1.197	1.131	1.168	1.107	0.873	0.232	0.191	0.118	0.122	0.567	0.767	0.767	0.761	0.757	0.251	0.221	0.220	0.220	0.217	0.212	0.211	0.539	0.454	0.502	0.487	0.740	0.203	0.193	0.196	0.202	0.202	0.191	0.189	0.634	0.554	0.567	0.566	0.634	0.210	0.213	0.221	0.226	0.225	0.232	0.223	0.163	0.145	0.147	0.134	0.131	0.128	0.120	0.112	0.120	0.119	0.122	0.121	1.193	1.217	1.196	1.188	1.126	1.142	1.082	0.785	0.194	0.178	0.132	0.126	0.117	0.127	0.126	0.124	0.130	0.111	0.115	0.114	0.124	0.116	0.123	0.124
0:00:00																																																																																																	
0:00:00																																																																																																	
0:00:00																																																																																																	
0:00:00																																																																																																	
0:00:00																																																																																																	
0:00:00																																																																																																	
0:00:00																																																																																																	
0:00:00																																																																																																	
0:00:00																																																																																																	
0:00:00																																																																																																	
0:00:00																																																																																																	
0:00:00																																																																																																	
0:00:00																																																																																																	
0:00:00																																																																																																	
0:00:00																																																																																																	
0:00:00																																																																																																	
0:00:00																																																																																																	
0:00:00																																																																																																	
0:00:00																																																																																																	
0:00:00																																																																																																	
0:00:00																																																																																																	
0:00:00																																																																																																	
0:00:00																																																																																																	
0:00:00																																																																																																	
0:00:00																																																																																																	
0:00:00																																																																																																	
0:00:00																																																																																																	
0:00:00																																																																																																	
0:00:00																																																																																																	
0:00:00																																																																																																	
0:00:00																																																																																																	

Results
	1	2	3	4	5	6	7	8	9	10	11	12
A	0.114	0.106	-0.073	-0.092	-0.049	-0.051	-0.068	-0.056	-0.064	-0.126	-0.153	-0.131	Max V [578]
	0.999	1.000	0.413	0.453	0.498	0.510	0.569	0.579	0.552	0.562	0.518	0.505	R-Squared [578]
	9:01:10	8:01:09	2:01:06	2:01:06	2:01:06	2:01:06	2:01:06	2:01:06	2:01:06	2:01:06	2:01:06	2:01:06	t at Max V [578]
	6:58:10	8:20:09	?????	?????	?????	?????	?????	?????	?????	?????	?????	?????	Lagtime [578]
B	2.224	2.669	2.528	2.348	2.401	2.599	2.432	1.650	0.198	0.128	-0.109	-0.110	Max V [578]
	0.962	0.953	0.953	0.984	0.951	0.956	0.991	0.998	0.997	0.985	0.532	0.521	R-Squared [578]
	3:01:06	3:01:06	2:01:06	2:01:06	2:01:06	3:01:06	3:01:06	4:01:07	9:01:10	10:01:10	2:01:06	2:01:06	t at Max V [578]
	0:31:54	0:34:12	0:21:28	0:08:01	0:21:37	0:40:49	0:51:31	2:03:50	7:37:14	10:47:33	?????	?????	Lagtime [578]
C	1.657	0.570	0.552	0.562	0.569	-0.101	-0.114	-0.118	-0.137	-0.127	-0.163	-0.136	Max V [578]
	0.933	0.999	0.999	1.000	0.999	0.219	0.263	0.340	0.322	0.323	0.344	0.332	R-Squared [578]
	9:01:10	7:01:08	7:01:08	7:01:08	6:01:08	2:01:06	2:01:06	2:01:06	2:01:06	2:01:06	2:01:06	2:01:06	t at Max V [578]
	7:13:25	4:57:34	5:00:30	5:19:27	4:56:26	?????	?????	?????	?????	?????	?????	?????	Lagtime [578]
D	1.828	0.277	0.358	0.292	0.931	-0.200	-0.192	-0.209	-0.219	-0.196	-0.193	-0.214	Max V [578]
	0.953	0.962	0.986	0.985	0.998	0.419	0.463	0.480	0.476	0.451	0.449	0.471	R-Squared [578]
	4:01:07	15:01:13	15:01:13	15:01:13	13:01:12	2:01:06	2:01:06	2:01:06	2:01:06	2:01:06	2:01:06	2:01:06	t at Max V [578]
	2:00:44	11:21:48	11:32:07	10:21:23	9:39:54	?????	?????	?????	?????	?????	?????	?????	Lagtime [578]
E	2.247	-1.406	-1.359	-1.350	-1.020	-0.113	-0.153	-0.096	-0.136	-0.139	-0.100	-0.075	Max V [578]
	0.945	0.999	0.999	0.999	0.999	0.232	0.323	0.232	0.301	0.331	0.235	0.226	R-Squared [578]
	9:01:10	11:01:11	10:01:10	10:01:10	10:01:10	2:01:06	2:01:06	2:01:06	2:01:06	2:01:06	2:01:06	2:01:06	t at Max V [578]
	7:36:22	11:27:38	10:50:56	10:37:39	11:32:07	?????	?????	?????	?????	?????	?????	?????	Lagtime [578]
F	-0.110	-0.168	-0.184	-0.193	-0.180	-0.184	-0.175	-0.185	-0.185	-0.197	-0.172	-0.162	Max V [578]
	0.432	0.475	0.470	0.460	0.490	0.490	0.498	0.499	0.507	0.494	0.479	0.501	R-Squared [578]
	2:01:06	2:01:06	2:01:06	2:01:06	2:01:06	2:01:06	2:01:06	2:01:06	2:01:06	2:01:06	2:01:06	2:01:06	t at Max V [578]
	?????	?????	?????	?????	?????	?????	?????	?????	?????	?????	?????	?????	Lagtime [578]
G	2.336	2.529	2.269	2.281	2.372	2.587	2.637	1.358	-0.180	-0.233	-0.173	-0.154	Max V [578]
	0.957	0.944	0.971	0.964	0.955	0.970	0.990	0.998	0.424	0.676	0.492	0.526	R-Squared [578]
	3:01:06	3:01:06	2:01:06	2:01:06	3:01:06	3:01:06	3:01:06	6:01:08	2:01:06	2:01:06	2:01:06	2:01:06	t at Max V [578]
	0:40:29	0:41:52	0:13:50	0:16:12	0:51:56	0:57:22	1:26:14	3:56:36	?????	?????	?????	?????	Lagtime [578]
H	-0.005	-0.009	-0.004	-0.006	0.028	-0.004	-0.003	-0.004	-0.008	-0.008	-0.011	-0.007	Max V [578]
	0.995	0.995	0.965	0.961	0.417	0.643	0.955	0.995	0.960	0.988	0.918	0.998	R-Squared [578]
	6:01:08	5:01:07	4:01:07	3:01:06	2:01:06	2:01:06	6:01:08	9:01:10	2:01:06	5:01:07	2:01:06	2:01:06	t at Max V [578]
	2:01:06	1:44:44	1:03:41	0:11:03	?????	?????	1:08:35	3:20:17	?????	1:57:34	?????	?????	Lagtime [578]



Software Version	3.12.08



Experiment File Path:	C:\Users\Sarela\Documents\Rita Pires\Exp23_RP_2plates_part2_Exp37_OB_3Plates_Part1_31012024.xpt
Protocol File Path:	C:\Users\Public\Documents\Protocols\New_96well_578_24H.prt



Plate Number	Plate 3
Date	1/31/2024
Time	7:11:23 PM
Reader Type:	Epoch 2
Reader Serial Number:	2202232E
Reading Type	Reader

Procedure Details

Plate Type	96 WELL PLATE
Discontinuous Kinetics	Runtime 2:00:00 (D:HH:MM), Interval 0:01:00, 49 Reads
Eject plate on completion	
Set Temperature	Setpoint 37°C, Gradient 0 °C
Shake	Double Orbital: 0:01:01 (HH:MM:SS)
	Frequency: 282 cpm (3 mm)
Read	Absorbance Endpoint
	Full Plate
	Wavelengths:  578
	Read Speed: Normal,  Delay: 100 msec,  Measurements/Data Point: 8

578

Time	T° 578	A1	A2	A3	A4	A5	A6	A7	A8	A9	A10	A11	A12	B1	B2	B3	B4	B5	B6	B7	B8	B9	B10	B11	B12	C1	C2	C3	C4	C5	C6	C7	C8	C9	C10	C11	C12	D1	D2	D3	D4	D5	D6	D7	D8	D9	D10	D11	D12	E1	E2	E3	E4	E5	E6	E7	E8	E9	E10	E11	E12	F1	F2	F3	F4	F5	F6	F7	F8	F9	F10	F11	F12	G1	G2	G3	G4	G5	G6	G7	G8	G9	G10	G11	G12	H1	H2	H3	H4	H5	H6	H7	H8	H9	H10	H11	H12
0:01:05	38.9	0.152	0.139	0.135	0.142	0.128	0.129	0.134	0.123	0.136	0.141	0.133	0.142	0.134	0.151	0.194	0.132	0.138	0.133	0.140	0.129	0.138	0.129	0.138	0.138	0.145	0.140	0.125	0.143	0.162	0.199	0.146	0.142	0.150	0.139	0.149	0.132	0.140	0.132	0.130	0.144	0.146	0.135	0.129	0.137	0.142	0.137	0.132	0.150	0.130	0.134	0.139	0.134	0.139	0.142	0.138	0.133	0.134	0.151	0.145	0.137	0.140	0.138	0.140	0.141	0.143	0.155	0.133	0.122	0.141	0.135	0.138	0.131	0.139	0.140	0.138	0.148	0.145	0.141	0.144	0.137	0.141	0.153	0.138	0.147	0.146	0.133	0.127	0.133	0.128	0.134	0.132	0.118	0.121	0.125	0.131	0.133
1:01:05	38.6	0.150	0.144	0.139	0.156	0.143	0.146	0.133	0.125	0.137	0.150	0.143	0.141	0.136	0.156	0.194	0.147	0.150	0.154	0.135	0.129	0.132	0.131	0.141	0.132	0.143	0.143	0.132	0.154	0.162	0.200	0.140	0.141	0.144	0.142	0.148	0.137	0.143	0.137	0.135	0.149	0.153	0.145	0.130	0.136	0.136	0.141	0.138	0.152	0.132	0.135	0.141	0.142	0.144	0.148	0.130	0.131	0.129	0.150	0.154	0.142	0.140	0.142	0.139	0.168	0.151	0.180	0.127	0.121	0.132	0.130	0.135	0.132	0.139	0.137	0.140	0.156	0.153	0.152	0.142	0.130	0.141	0.155	0.141	0.149	0.152	0.137	0.131	0.150	0.146	0.151	0.128	0.118	0.121	0.126	0.129	0.131
2:01:06	39.1	0.162	0.155	0.146	0.186	0.165	0.175	0.143	0.137	0.147	0.156	0.142	0.139	0.142	0.156	0.202	0.173	0.170	0.185	0.142	0.136	0.139	0.131	0.140	0.132	0.157	0.154	0.143	0.192	0.187	0.272	0.143	0.143	0.145	0.156	0.167	0.154	0.152	0.145	0.144	0.174	0.176	0.177	0.142	0.147	0.145	0.169	0.170	0.184	0.138	0.140	0.145	0.159	0.158	0.167	0.133	0.131	0.132	0.152	0.167	0.155	0.146	0.146	0.144	0.211	0.175	0.203	0.129	0.124	0.132	0.131	0.134	0.129	0.145	0.142	0.146	0.175	0.171	0.174	0.146	0.132	0.148	0.155	0.140	0.151	0.162	0.144	0.141	0.187	0.168	0.188	0.142	0.127	0.127	0.127	0.128	0.130
3:01:06	39.4	0.173	0.173	0.171	0.255	0.199	0.273	0.199	0.183	0.214	0.166	0.141	0.140	0.156	0.169	0.213	0.236	0.236	0.247	0.193	0.177	0.189	0.134	0.147	0.137	0.204	0.183	0.167	0.307	0.288	0.409	0.174	0.183	0.159	0.231	0.277	0.288	0.186	0.164	0.162	0.283	0.274	0.279	0.184	0.183	0.186	0.223	0.279	0.321	0.148	0.148	0.158	0.203	0.197	0.212	0.148	0.144	0.149	0.164	0.160	0.198	0.156	0.158	0.154	0.283	0.259	0.307	0.146	0.136	0.144	0.135	0.135	0.127	0.156	0.160	0.188	0.232	0.235	0.229	0.181	0.150	0.189	0.158	0.140	0.152	0.191	0.164	0.168	0.270	0.261	0.277	0.199	0.170	0.159	0.126	0.131	0.132
4:01:07	39.4	0.244	0.252	0.251	0.388	0.280	0.402	0.302	0.292	0.367	0.195	0.149	0.141	0.202	0.218	0.260	0.408	0.409	0.434	0.298	0.290	0.322	0.154	0.193	0.176	0.272	0.250	0.226	0.463	0.426	0.521	0.250	0.268	0.233	0.345	0.413	0.452	0.275	0.240	0.202	0.433	0.408	0.431	0.269	0.264	0.268	0.328	0.447	0.498	0.164	0.163	0.178	0.308	0.294	0.323	0.203	0.208	0.215	0.197	0.157	0.238	0.177	0.178	0.169	0.376	0.366	0.412	0.198	0.202	0.198	0.137	0.138	0.128	0.204	0.222	0.235	0.327	0.344	0.351	0.271	0.229	0.275	0.175	0.161	0.164	0.257	0.215	0.229	0.404	0.406	0.424	0.283	0.267	0.270	0.127	0.135	0.139
5:01:08	39.4	0.300	0.303	0.348	0.494	0.398	0.484	0.415	0.415	0.512	0.249	0.216	0.175	0.291	0.313	0.339	0.477	0.478	0.497	0.433	0.428	0.441	0.353	0.370	0.382	0.371	0.369	0.315	0.626	0.590	0.635	0.357	0.380	0.359	0.489	0.558	0.639	0.378	0.330	0.284	0.592	0.569	0.597	0.379	0.378	0.379	0.478	0.592	0.656	0.210	0.195	0.217	0.382	0.379	0.414	0.303	0.312	0.324	0.239	0.160	0.281	0.225	0.241	0.198	0.511	0.482	0.548	0.300	0.329	0.307	0.141	0.150	0.132	0.306	0.312	0.320	0.479	0.494	0.500	0.355	0.334	0.354	0.203	0.201	0.196	0.339	0.298	0.334	0.535	0.541	0.589	0.350	0.347	0.356	0.148	0.157	0.162
6:01:09	39.4	0.401	0.413	0.470	0.573	0.479	0.569	0.528	0.504	0.592	0.305	0.320	0.310	0.415	0.456	0.460	0.609	0.596	0.612	0.543	0.546	0.539	0.490	0.522	0.522	0.498	0.477	0.445	0.792	0.779	0.808	0.428	0.450	0.432	0.666	0.714	0.802	0.472	0.462	0.391	0.759	0.722	0.761	0.448	0.452	0.453	0.683	0.771	0.807	0.318	0.283	0.308	0.462	0.473	0.496	0.405	0.407	0.427	0.279	0.176	0.308	0.333	0.349	0.275	0.628	0.592	0.674	0.398	0.429	0.406	0.158	0.217	0.170	0.429	0.429	0.438	0.616	0.642	0.646	0.426	0.432	0.442	0.249	0.243	0.246	0.454	0.445	0.460	0.689	0.699	0.756	0.449	0.458	0.470	0.217	0.222	0.254
7:01:09	39.4	0.503	0.518	0.583	0.679	0.546	0.673	0.596	0.586	0.637	0.401	0.525	0.506	0.542	0.597	0.569	0.737	0.716	0.750	0.614	0.604	0.618	0.516	0.540	0.532	0.614	0.594	0.570	0.939	0.931	0.964	0.454	0.474	0.456	0.835	0.873	0.950	0.580	0.566	0.516	0.907	0.844	0.906	0.479	0.474	0.488	0.782	0.831	0.850	0.426	0.398	0.410	0.552	0.536	0.606	0.487	0.477	0.503	0.323	0.201	0.337	0.449	0.468	0.399	0.737	0.710	0.780	0.468	0.496	0.476	0.210	0.345	0.326	0.559	0.583	0.580	0.750	0.776	0.780	0.521	0.531	0.532	0.321	0.313	0.318	0.601	0.569	0.612	0.831	0.830	0.874	0.554	0.568	0.552	0.291	0.303	0.311
8:01:10	39.1	0.620	0.652	0.699	0.795	0.626	0.779	0.639	0.593	0.642	0.550	0.661	0.661	0.630	0.701	0.651	0.848	0.838	0.862	0.662	0.631	0.663	0.530	0.541	0.541	0.702	0.690	0.670	1.056	1.058	1.074	0.465	0.484	0.455	0.964	0.991	1.056	0.661	0.669	0.622	1.039	1.001	1.056	0.487	0.476	0.520	0.833	0.874	0.892	0.548	0.526	0.536	0.664	0.612	0.706	0.521	0.507	0.530	0.364	0.234	0.379	0.566	0.590	0.516	0.799	0.826	0.866	0.501	0.528	0.506	0.387	0.444	0.459	0.735	0.761	0.745	0.876	0.898	0.904	0.602	0.607	0.609	0.435	0.441	0.437	0.722	0.731	0.762	0.917	0.918	0.946	0.603	0.624	0.609	0.329	0.340	0.352
9:01:10	38.9	0.716	0.748	0.794	0.872	0.712	0.891	0.630	0.618	0.619	0.656	0.726	0.707	0.739	0.817	0.747	0.944	0.922	0.969	0.669	0.626	0.662	0.534	0.547	0.548	0.753	0.731	0.732	1.128	1.120	1.129	0.459	0.479	0.461	1.061	1.090	1.137	0.710	0.715	0.684	1.125	1.092	1.151	0.510	0.478	0.518	0.886	0.936	0.949	0.652	0.639	0.651	0.731	0.700	0.793	0.535	0.511	0.542	0.429	0.267	0.460	0.641	0.728	0.656	0.933	0.933	0.969	0.514	0.541	0.523	0.463	0.478	0.482	0.895	0.944	0.912	1.015	1.038	1.049	0.661	0.676	0.682	0.586	0.609	0.612	0.801	0.838	0.861	1.025	1.027	1.054	0.638	0.674	0.660	0.347	0.373	0.380
10:01:10	38.9	0.837	0.840	0.903	0.954	0.796	0.984	0.632	0.636	0.613	0.638	0.701	0.694	0.839	0.897	0.856	1.017	1.009	1.044	0.655	0.599	0.647	0.532	0.548	0.547	0.790	0.778	0.789	1.169	1.163	1.163	0.435	0.466	0.447	1.112	1.144	1.177	0.753	0.755	0.743	1.182	1.150	1.204	0.508	0.474	0.495	0.957	0.991	0.996	0.777	0.738	0.775	0.817	0.796	0.876	0.530	0.503	0.541	0.522	0.323	0.568	0.781	0.819	0.800	1.019	1.016	1.048	0.513	0.540	0.522	0.475	0.479	0.485	0.998	1.054	1.017	1.123	1.129	1.135	0.735	0.773	0.740	0.711	0.734	0.749	0.896	0.928	0.958	1.095	1.094	1.121	0.705	0.751	0.747	0.361	0.404	0.423
11:01:11	39.6	0.897	0.926	0.984	1.034	0.855	1.051	0.656	0.627	0.648	0.636	0.706	0.690	0.914	0.999	0.940	1.100	1.084	1.114	0.621	0.595	0.630	0.529	0.544	0.545	0.817	0.801	0.814	1.190	1.190	1.193	0.439	0.469	0.434	1.140	1.162	1.185	0.772	0.791	0.777	1.208	1.185	1.240	0.512	0.461	0.488	1.001	1.027	1.035	0.839	0.815	0.837	0.885	0.874	0.930	0.517	0.504	0.531	0.637	0.437	0.627	0.842	0.918	0.871	1.055	1.078	1.111	0.500	0.527	0.508	0.472	0.469	0.484	1.061	1.121	1.080	1.183	1.185	1.189	0.847	0.903	0.829	0.814	0.832	0.854	1.000	0.994	1.033	1.141	1.133	1.163	0.823	0.853	0.839	0.394	0.454	0.471
12:01:12	39.3	1.021	1.060	1.077	1.089	0.921	1.116	0.700	0.680	0.670	0.648	0.704	0.686	1.036	1.100	1.029	1.154	1.136	1.176	0.635	0.608	0.621	0.536	0.542	0.549	0.854	0.841	0.853	1.204	1.207	1.214	0.425	0.448	0.440	1.139	1.162	1.182	0.814	0.843	0.820	1.221	1.206	1.249	0.481	0.458	0.475	1.017	1.036	1.041	0.944	0.893	0.946	0.954	0.935	0.995	0.520	0.506	0.544	0.653	0.569	0.616	0.942	0.984	0.953	1.136	1.147	1.172	0.508	0.527	0.511	0.480	0.469	0.488	1.131	1.173	1.145	1.231	1.239	1.236	1.004	1.087	0.988	0.889	0.914	0.944	1.086	1.080	1.120	1.186	1.177	1.204	0.943	0.978	0.988	0.460	0.504	0.540
13:01:13	38.9	1.091	1.130	1.146	1.134	0.973	1.169	0.747	0.741	0.723	0.656	0.716	0.694	1.127	1.177	1.119	1.197	1.193	1.218	0.627	0.622	0.637	0.544	0.551	0.558	0.889	0.874	0.885	1.210	1.220	1.230	0.430	0.451	0.475	1.134	1.157	1.173	0.854	0.882	0.865	1.211	1.209	1.243	0.471	0.467	0.489	1.021	1.042	1.044	0.997	0.972	0.992	1.016	0.995	1.052	0.538	0.527	0.545	0.658	0.583	0.620	0.993	1.040	1.027	1.196	1.198	1.223	0.519	0.536	0.511	0.488	0.476	0.492	1.186	1.219	1.193	1.271	1.282	1.271	1.190	1.228	1.142	0.948	0.969	1.011	1.156	1.137	1.182	1.224	1.213	1.238	0.967	1.014	0.990	0.509	0.567	0.622
14:01:13	39.3	1.155	1.181	1.211	1.186	1.031	1.207	0.800	0.807	0.764	0.652	0.704	0.685	1.178	1.228	1.207	1.235	1.228	1.249	0.649	0.637	0.646	0.541	0.551	0.549	0.923	0.905	0.918	1.211	1.228	1.238	0.435	0.450	0.470	1.131	1.150	1.164	0.886	0.920	0.905	1.180	1.181	1.214	0.497	0.469	0.474	1.019	1.033	1.037	1.058	1.029	1.053	1.068	1.059	1.097	0.541	0.532	0.547	0.657	0.592	0.622	1.047	1.086	1.061	1.232	1.242	1.262	0.525	0.539	0.518	0.490	0.483	0.491	1.229	1.250	1.231	1.305	1.323	1.305	1.228	1.246	1.188	0.997	1.010	1.062	1.207	1.172	1.231	1.255	1.246	1.266	0.969	1.020	0.976	0.560	0.643	0.708
15:01:13	37.1	1.215	1.242	1.257	1.232	1.095	1.257	0.876	0.893	0.857	0.685	0.730	0.711	1.221	1.288	1.273	1.274	1.271	1.290	0.672	0.667	0.675	0.565	0.558	0.568	0.946	0.932	0.953	1.217	1.234	1.245	0.445	0.464	0.474	1.128	1.147	1.160	0.930	0.970	0.941	1.148	1.148	1.181	0.481	0.473	0.472	1.021	1.035	1.042	1.113	1.079	1.106	1.121	1.112	1.146	0.556	0.538	0.547	0.667	0.604	0.629	1.097	1.127	1.113	1.269	1.280	1.305	0.538	0.552	0.535	0.500	0.481	0.490	1.265	1.278	1.266	1.340	1.367	1.338	1.200	1.215	1.169	1.057	1.063	1.113	1.265	1.223	1.270	1.285	1.280	1.296	0.962	1.015	0.960	0.618	0.714	0.790
16:01:14	37.1	1.249	1.266	1.287	1.256	1.124	1.284	0.944	0.968	0.905	0.692	0.742	0.700	1.251	1.310	1.306	1.298	1.297	1.314	0.699	0.701	0.703	0.559	0.570	0.576	0.968	0.949	0.953	1.212	1.233	1.245	0.450	0.463	0.468	1.123	1.142	1.158	0.954	0.997	0.985	1.119	1.113	1.161	0.475	0.472	0.474	1.017	1.031	1.039	1.139	1.104	1.132	1.167	1.146	1.186	0.560	0.548	0.539	0.665	0.615	0.636	1.116	1.158	1.139	1.292	1.306	1.326	0.550	0.555	0.546	0.507	0.492	0.501	1.288	1.305	1.291	1.370	1.406	1.369	1.178	1.175	1.146	1.099	1.101	1.159	1.297	1.255	1.304	1.313	1.307	1.323	0.973	1.012	0.956	0.657	0.758	0.839
17:01:14	37.1	1.272	1.294	1.311	1.284	1.156	1.307	1.016	1.040	0.975	0.700	0.750	0.710	1.286	1.343	1.338	1.322	1.321	1.338	0.736	0.746	0.735	0.566	0.579	0.580	0.997	0.977	0.987	1.210	1.232	1.244	0.446	0.463	0.485	1.123	1.138	1.153	0.979	1.030	1.009	1.104	1.095	1.149	0.478	0.475	0.473	1.017	1.029	1.035	1.155	1.149	1.157	1.199	1.182	1.216	0.563	0.556	0.542	0.663	0.621	0.642	1.151	1.181	1.165	1.317	1.330	1.350	0.559	0.566	0.558	0.511	0.497	0.504	1.314	1.328	1.316	1.400	1.440	1.401	1.149	1.147	1.120	1.141	1.137	1.204	1.334	1.287	1.346	1.337	1.332	1.345	0.982	1.016	0.960	0.703	0.809	0.889
0:00:00																																																																																																	
0:00:00																																																																																																	
0:00:00																																																																																																	
0:00:00																																																																																																	
0:00:00																																																																																																	
0:00:00																																																																																																	
0:00:00																																																																																																	
0:00:00																																																																																																	
0:00:00																																																																																																	
0:00:00																																																																																																	
0:00:00																																																																																																	
0:00:00																																																																																																	
0:00:00																																																																																																	
0:00:00																																																																																																	
0:00:00																																																																																																	
0:00:00																																																																																																	
0:00:00																																																																																																	
0:00:00																																																																																																	
0:00:00																																																																																																	
0:00:00																																																																																																	
0:00:00																																																																																																	
0:00:00																																																																																																	
0:00:00																																																																																																	
0:00:00																																																																																																	
0:00:00																																																																																																	
0:00:00																																																																																																	
0:00:00																																																																																																	
0:00:00																																																																																																	
0:00:00																																																																																																	
0:00:00																																																																																																	
0:00:00																																																																																																	

Results
	1	2	3	4	5	6	7	8	9	10	11	12
A	1.812	1.883	1.884	1.719	1.487	1.746	1.699	1.695	1.977	1.766	2.271	2.356	Max V [578]
	0.999	0.998	0.999	0.992	0.992	0.999	0.993	0.993	0.984	0.978	0.974	0.969	R-Squared [578]
	8:01:10	7:01:09	6:01:09	5:01:08	5:01:08	8:01:10	5:01:08	5:01:08	4:01:08	7:01:09	7:01:09	7:01:09	t at Max V [578]
	3:45:13	3:35:13	3:03:25	1:45:56	2:11:16	1:48:33	2:19:37	2:20:01	2:04:44	4:15:55	4:23:59	4:41:12	Lagtime [578]
B	1.849	2.090	1.689	2.006	1.913	1.990	1.812	1.851	1.792	1.832	1.859	1.893	Max V [578]
	0.996	0.996	0.995	0.988	0.986	0.998	0.991	0.984	0.990	0.930	0.943	0.926	R-Squared [578]
	7:01:09	7:01:09	6:01:09	5:01:08	5:01:08	7:01:09	5:01:08	5:01:08	5:01:08	5:01:08	5:01:08	5:01:08	t at Max V [578]
	3:30:17	3:37:21	3:26:02	2:01:01	1:58:50	1:56:52	2:28:46	2:29:42	2:22:56	3:11:28	3:04:52	3:09:07	Lagtime [578]
C	1.837	1.843	1.906	2.654	2.733	2.392	1.255	1.350	1.320	2.638	2.490	2.788	Max V [578]
	0.997	0.999	0.996	1.000	0.998	0.994	0.973	0.980	0.956	0.997	0.999	0.999	R-Squared [578]
	6:01:09	6:01:09	6:01:09	5:01:08	5:01:08	6:01:09	4:01:08	4:01:08	5:01:08	6:01:09	5:01:08	5:01:08	t at Max V [578]
	2:52:37	2:58:39	3:13:09	1:59:16	2:19:50	1:49:39	2:22:09	2:15:25	2:46:38	2:43:35	2:13:10	2:04:00	Lagtime [578]
D	1.644	1.822	1.787	2.621	2.437	2.638	1.344	1.340	1.346	2.454	2.527	2.634	Max V [578]
	0.999	0.997	0.996	1.000	0.998	0.999	0.982	0.976	0.980	0.987	0.994	0.999	R-Squared [578]
	5:01:08	6:01:09	6:01:09	5:01:08	6:01:09	5:01:08	4:01:08	4:01:08	4:01:08	5:01:08	4:01:08	4:01:08	t at Max V [578]
	2:35:57	3:04:53	3:28:21	2:08:59	2:10:17	2:06:54	2:05:28	2:10:40	2:13:37	2:34:00	1:54:29	1:50:54	Lagtime [578]
E	1.906	1.918	1.959	1.500	1.434	1.611	1.463	1.444	1.534	1.312	1.461	1.283	Max V [578]
	0.999	0.998	0.999	0.995	0.999	0.998	0.992	0.994	0.994	0.965	0.956	0.981	R-Squared [578]
	8:01:10	8:01:10	8:01:10	7:01:09	9:01:10	7:01:09	5:01:08	5:01:08	5:01:08	9:01:10	11:01:12	9:01:10	t at Max V [578]
	4:23:34	4:41:29	4:38:35	2:18:24	2:27:23	2:14:46	3:03:55	2:59:04	2:57:18	5:09:09	7:41:59	4:38:24	Lagtime [578]
F	1.814	2.021	2.180	1.932	1.910	2.012	1.407	1.576	1.451	1.478	1.472	1.650	Max V [578]
	0.994	0.998	0.998	0.998	1.000	0.998	0.990	0.988	0.990	0.919	0.972	0.948	R-Squared [578]
	8:01:10	7:01:09	8:01:10	5:01:08	6:01:09	5:01:08	5:01:08	5:01:08	5:01:08	8:01:10	7:01:09	7:01:09	t at Max V [578]
	4:12:56	4:14:27	5:02:32	1:51:28	2:04:29	1:47:50	3:00:44	2:56:37	3:07:22	5:43:47	4:53:21	5:10:22	Lagtime [578]
G	2.473	2.683	2.485	2.282	2.317	2.330	2.216	2.360	2.016	2.102	2.220	2.308	Max V [578]
	0.994	0.994	0.995	0.999	0.998	0.999	0.972	0.989	0.975	0.997	0.992	0.994	R-Squared [578]
	7:01:09	8:01:10	7:01:09	6:01:09	6:01:09	5:01:08	12:01:12	11:01:12	12:01:12	9:01:10	9:01:10	9:01:10	t at Max V [578]
	4:00:54	4:12:14	3:55:36	2:38:45	2:31:25	2:26:24	5:34:37	5:23:44	5:06:34	5:40:58	5:39:17	5:47:28	Lagtime [578]
H	1.987	2.275	2.257	2.344	2.385	2.544	1.494	1.647	1.645	0.914	1.097	1.345	Max V [578]
	0.991	0.997	0.996	0.999	0.999	0.997	0.968	0.996	0.997	0.998	0.994	0.999	R-Squared [578]
	7:01:09	7:01:09	7:01:09	5:01:08	5:01:08	5:01:08	11:01:12	5:01:08	5:01:08	13:01:12	13:01:12	13:01:12	t at Max V [578]
	3:21:00	3:46:20	3:28:57	2:04:51	2:05:07	2:04:09	3:23:51	2:32:55	2:35:09	6:02:26	6:15:27	6:54:21	Lagtime [578]



Software Version	3.12.08



Experiment File Path:	C:\Users\Sarela\Documents\Rita Pires\Exp23_RP_2plates_part2_Exp37_OB_3Plates_Part1_31012024.xpt
Protocol File Path:	C:\Users\Public\Documents\Protocols\New_96well_578_24H.prt



Plate Number	Plate 4
Date	1/31/2024
Time	7:13:46 PM
Reader Type:	Epoch 2
Reader Serial Number:	2202232E
Reading Type	Reader

Procedure Details

Plate Type	96 WELL PLATE
Discontinuous Kinetics	Runtime 2:00:00 (D:HH:MM), Interval 0:01:00, 49 Reads
Eject plate on completion	
Set Temperature	Setpoint 37°C, Gradient 0 °C
Shake	Double Orbital: 0:01:01 (HH:MM:SS)
	Frequency: 282 cpm (3 mm)
Read	Absorbance Endpoint
	Full Plate
	Wavelengths:  578
	Read Speed: Normal,  Delay: 100 msec,  Measurements/Data Point: 8

578

Time	T° 578	A1	A2	A3	A4	A5	A6	A7	A8	A9	A10	A11	A12	B1	B2	B3	B4	B5	B6	B7	B8	B9	B10	B11	B12	C1	C2	C3	C4	C5	C6	C7	C8	C9	C10	C11	C12	D1	D2	D3	D4	D5	D6	D7	D8	D9	D10	D11	D12	E1	E2	E3	E4	E5	E6	E7	E8	E9	E10	E11	E12	F1	F2	F3	F4	F5	F6	F7	F8	F9	F10	F11	F12	G1	G2	G3	G4	G5	G6	G7	G8	G9	G10	G11	G12	H1	H2	H3	H4	H5	H6	H7	H8	H9	H10	H11	H12
0:01:05	38.8	0.155	0.146	0.125	0.125	0.132	0.135	0.121	0.130	0.131	0.141	0.157	0.129	0.147	0.139	0.138	0.131	0.120	0.143	0.133	0.136	0.147	0.135	0.145	0.148	0.143	0.134	0.133	0.148	0.139	0.138	0.141	0.136	0.128	0.143	0.142	0.132	0.137	0.131	0.148	0.138	0.134	0.134	0.132	0.139	0.128	0.152	0.146	0.148	0.133	0.129	0.136	0.145	0.138	0.140	0.133	0.124	0.125	0.139	0.131	0.133	0.123	0.141	0.127	0.151	0.128	0.138	0.123	0.121	0.123	0.153	0.140	0.125	0.131	0.149	0.126	0.123	0.141	0.148	0.119	0.132	0.121	0.144	0.150	0.150	0.147	0.135	0.174	0.129	0.129	0.125	0.133	0.127	0.140	0.134	0.151	0.148
1:01:04	38.6	0.150	0.145	0.130	0.144	0.148	0.149	0.120	0.128	0.131	0.135	0.145	0.126	0.149	0.135	0.138	0.140	0.129	0.147	0.133	0.134	0.142	0.133	0.140	0.146	0.143	0.135	0.137	0.157	0.149	0.145	0.134	0.137	0.126	0.148	0.152	0.152	0.136	0.134	0.150	0.147	0.141	0.144	0.129	0.133	0.126	0.152	0.159	0.152	0.140	0.136	0.138	0.159	0.148	0.151	0.128	0.122	0.124	0.141	0.134	0.140	0.129	0.144	0.131	0.154	0.139	0.149	0.123	0.121	0.124	0.155	0.144	0.131	0.134	0.145	0.129	0.131	0.148	0.155	0.118	0.126	0.120	0.151	0.144	0.146	0.148	0.136	0.175	0.139	0.131	0.135	0.127	0.122	0.137	0.137	0.149	0.147
2:01:06	39.1	0.154	0.152	0.139	0.176	0.182	0.179	0.135	0.137	0.152	0.137	0.139	0.124	0.155	0.138	0.142	0.158	0.146	0.165	0.141	0.158	0.161	0.133	0.140	0.146	0.148	0.140	0.142	0.172	0.165	0.170	0.135	0.139	0.130	0.149	0.152	0.158	0.142	0.138	0.153	0.160	0.159	0.170	0.132	0.130	0.128	0.152	0.163	0.151	0.151	0.145	0.146	0.173	0.175	0.184	0.131	0.121	0.125	0.153	0.148	0.165	0.137	0.150	0.141	0.172	0.169	0.194	0.126	0.124	0.125	0.167	0.157	0.145	0.139	0.148	0.134	0.148	0.163	0.167	0.119	0.126	0.121	0.151	0.147	0.146	0.152	0.141	0.181	0.154	0.138	0.168	0.129	0.122	0.138	0.146	0.151	0.146
3:01:06	39.3	0.167	0.172	0.159	0.238	0.300	0.298	0.213	0.192	0.250	0.135	0.138	0.122	0.165	0.148	0.155	0.196	0.175	0.223	0.194	0.252	0.243	0.135	0.151	0.157	0.159	0.150	0.154	0.219	0.260	0.277	0.144	0.165	0.149	0.193	0.173	0.185	0.152	0.148	0.161	0.189	0.233	0.272	0.147	0.134	0.143	0.173	0.221	0.175	0.166	0.159	0.180	0.216	0.287	0.282	0.143	0.126	0.138	0.256	0.261	0.276	0.153	0.162	0.190	0.265	0.310	0.343	0.137	0.139	0.139	0.247	0.208	0.266	0.148	0.155	0.143	0.189	0.196	0.240	0.126	0.127	0.134	0.175	0.164	0.152	0.163	0.151	0.191	0.183	0.146	0.236	0.140	0.129	0.144	0.181	0.164	0.170
4:01:07	39.3	0.189	0.198	0.205	0.376	0.424	0.430	0.346	0.325	0.386	0.136	0.137	0.122	0.180	0.165	0.178	0.273	0.285	0.339	0.314	0.391	0.373	0.148	0.179	0.180	0.175	0.182	0.216	0.315	0.393	0.388	0.173	0.230	0.193	0.259	0.257	0.234	0.168	0.162	0.175	0.286	0.342	0.387	0.171	0.152	0.164	0.259	0.298	0.240	0.202	0.205	0.238	0.316	0.395	0.398	0.165	0.137	0.170	0.392	0.419	0.427	0.224	0.215	0.253	0.387	0.456	0.500	0.186	0.196	0.196	0.403	0.326	0.452	0.161	0.167	0.169	0.256	0.291	0.356	0.142	0.134	0.151	0.228	0.231	0.203	0.181	0.164	0.212	0.257	0.196	0.331	0.168	0.157	0.167	0.235	0.215	0.200
5:01:07	39.3	0.254	0.281	0.297	0.520	0.514	0.545	0.467	0.466	0.521	0.139	0.139	0.125	0.246	0.205	0.228	0.403	0.382	0.423	0.436	0.516	0.517	0.196	0.221	0.212	0.256	0.277	0.330	0.424	0.518	0.489	0.231	0.316	0.272	0.337	0.333	0.307	0.240	0.235	0.299	0.367	0.435	0.490	0.206	0.177	0.185	0.338	0.353	0.323	0.308	0.298	0.339	0.443	0.521	0.532	0.202	0.149	0.230	0.546	0.570	0.584	0.317	0.311	0.350	0.500	0.593	0.626	0.284	0.298	0.305	0.561	0.457	0.632	0.197	0.233	0.233	0.352	0.365	0.437	0.175	0.156	0.176	0.262	0.281	0.269	0.235	0.221	0.292	0.334	0.216	0.432	0.229	0.229	0.229	0.279	0.266	0.246
6:01:08	39.4	0.385	0.415	0.446	0.648	0.631	0.680	0.553	0.556	0.602	0.153	0.149	0.139	0.366	0.362	0.372	0.552	0.491	0.522	0.562	0.611	0.595	0.242	0.257	0.248	0.381	0.384	0.460	0.553	0.619	0.605	0.313	0.400	0.364	0.406	0.407	0.388	0.371	0.365	0.447	0.497	0.547	0.597	0.248	0.209	0.209	0.413	0.412	0.396	0.432	0.421	0.458	0.563	0.643	0.670	0.264	0.167	0.319	0.675	0.709	0.742	0.444	0.410	0.470	0.636	0.743	0.760	0.390	0.393	0.408	0.712	0.611	0.782	0.307	0.352	0.343	0.451	0.507	0.555	0.230	0.198	0.213	0.286	0.306	0.308	0.346	0.343	0.417	0.460	0.273	0.541	0.306	0.332	0.322	0.306	0.302	0.274
7:01:09	39.3	0.498	0.557	0.559	0.759	0.748	0.803	0.577	0.571	0.596	0.272	0.267	0.251	0.480	0.504	0.505	0.637	0.590	0.634	0.616	0.641	0.608	0.292	0.290	0.287	0.487	0.504	0.584	0.658	0.740	0.714	0.397	0.504	0.467	0.497	0.515	0.516	0.501	0.490	0.577	0.597	0.625	0.692	0.298	0.243	0.250	0.473	0.445	0.491	0.540	0.527	0.538	0.695	0.785	0.800	0.350	0.202	0.433	0.809	0.846	0.887	0.522	0.510	0.550	0.761	0.881	0.907	0.446	0.433	0.459	0.849	0.778	0.929	0.419	0.464	0.466	0.580	0.604	0.658	0.313	0.265	0.269	0.317	0.329	0.346	0.459	0.458	0.539	0.564	0.353	0.658	0.385	0.427	0.418	0.330	0.331	0.300
8:01:09	39.1	0.646	0.681	0.685	0.864	0.869	0.919	0.569	0.567	0.589	0.403	0.394	0.399	0.600	0.632	0.652	0.738	0.693	0.735	0.617	0.643	0.611	0.338	0.331	0.337	0.611	0.631	0.683	0.754	0.832	0.801	0.557	0.615	0.555	0.597	0.630	0.656	0.601	0.622	0.640	0.687	0.735	0.790	0.364	0.302	0.307	0.563	0.525	0.614	0.630	0.617	0.625	0.845	0.918	0.928	0.437	0.262	0.523	0.912	0.947	0.981	0.600	0.602	0.628	0.897	1.005	1.035	0.453	0.486	0.491	0.954	0.905	1.032	0.554	0.587	0.589	0.656	0.690	0.753	0.401	0.346	0.339	0.341	0.364	0.375	0.607	0.567	0.653	0.651	0.406	0.762	0.444	0.494	0.488	0.359	0.356	0.335
9:01:10	38.8	0.730	0.778	0.782	0.943	0.945	1.005	0.531	0.524	0.570	0.434	0.431	0.431	0.713	0.744	0.752	0.827	0.768	0.839	0.566	0.625	0.593	0.402	0.389	0.405	0.717	0.735	0.768	0.820	0.904	0.872	0.645	0.678	0.631	0.668	0.684	0.678	0.727	0.712	0.743	0.789	0.834	0.884	0.437	0.381	0.379	0.649	0.612	0.687	0.695	0.678	0.685	0.972	1.021	1.040	0.487	0.371	0.556	1.010	1.043	1.073	0.642	0.658	0.674	1.014	1.111	1.127	0.468	0.459	0.478	1.047	1.011	1.093	0.682	0.699	0.703	0.752	0.786	0.844	0.458	0.419	0.398	0.372	0.386	0.407	0.699	0.684	0.767	0.758	0.471	0.866	0.475	0.515	0.536	0.380	0.393	0.366
10:01:10	38.9	0.844	0.878	0.886	1.033	1.035	1.087	0.522	0.516	0.547	0.440	0.442	0.442	0.810	0.838	0.863	0.902	0.838	0.925	0.550	0.610	0.577	0.530	0.497	0.533	0.816	0.805	0.851	0.891	0.968	0.947	0.685	0.700	0.691	0.682	0.681	0.670	0.797	0.818	0.838	0.860	0.899	0.960	0.520	0.477	0.483	0.713	0.708	0.700	0.735	0.718	0.731	1.055	1.081	1.107	0.508	0.461	0.557	1.089	1.112	1.123	0.686	0.699	0.715	1.089	1.172	1.182	0.488	0.484	0.498	1.091	1.063	1.120	0.777	0.771	0.786	0.827	0.859	0.930	0.491	0.473	0.445	0.394	0.424	0.443	0.772	0.781	0.861	0.848	0.528	0.952	0.491	0.514	0.530	0.439	0.442	0.406
11:01:11	39.4	0.922	0.973	0.966	1.107	1.103	1.150	0.500	0.492	0.546	0.447	0.447	0.452	0.879	0.924	0.950	0.973	0.931	0.998	0.523	0.590	0.546	0.654	0.632	0.648	0.909	0.909	0.947	0.971	1.044	1.016	0.741	0.786	0.729	0.664	0.666	0.673	0.903	0.926	0.929	0.929	0.963	1.024	0.633	0.608	0.611	0.720	0.750	0.682	0.771	0.754	0.767	1.107	1.123	1.149	0.516	0.506	0.563	1.123	1.138	1.147	0.721	0.739	0.752	1.135	1.208	1.216	0.477	0.473	0.499	1.113	1.093	1.135	0.876	0.875	0.865	0.887	0.920	0.992	0.503	0.507	0.472	0.441	0.449	0.477	0.838	0.852	0.910	0.913	0.549	1.013	0.498	0.510	0.530	0.503	0.493	0.458
12:01:11	39.2	1.000	1.041	1.045	1.162	1.158	1.204	0.475	0.476	0.508	0.455	0.453	0.455	0.975	1.010	1.030	1.038	0.994	1.056	0.503	0.559	0.542	0.676	0.651	0.651	1.006	1.022	1.053	1.018	1.094	1.069	0.765	0.782	0.750	0.660	0.659	0.673	1.005	1.041	1.030	0.987	1.021	1.081	0.747	0.715	0.764	0.704	0.745	0.680	0.818	0.793	0.811	1.145	1.163	1.178	0.539	0.490	0.597	1.137	1.148	1.154	0.762	0.784	0.787	1.167	1.233	1.244	0.462	0.451	0.483	1.120	1.101	1.137	0.936	0.940	0.942	0.953	0.989	1.066	0.512	0.522	0.502	0.513	0.522	0.561	0.916	0.930	0.980	0.992	0.604	1.076	0.502	0.514	0.513	0.567	0.592	0.535
13:01:12	38.9	1.061	1.107	1.109	1.206	1.202	1.243	0.461	0.471	0.497	0.449	0.451	0.453	1.033	1.073	1.081	1.095	1.055	1.121	0.488	0.559	0.519	0.665	0.635	0.634	1.103	1.103	1.131	1.075	1.141	1.120	0.836	0.867	0.841	0.652	0.652	0.674	1.105	1.120	1.122	1.059	1.075	1.127	0.821	0.815	0.916	0.693	0.730	0.678	0.861	0.841	0.852	1.171	1.194	1.193	0.529	0.522	0.587	1.132	1.141	1.147	0.804	0.822	0.831	1.187	1.246	1.257	0.455	0.473	0.470	1.108	1.091	1.125	0.993	0.994	1.002	1.032	1.050	1.119	0.517	0.533	0.522	0.595	0.622	0.660	0.968	0.997	1.060	1.055	0.652	1.137	0.515	0.527	0.514	0.623	0.653	0.625
14:01:13	39.2	1.132	1.162	1.163	1.243	1.238	1.276	0.437	0.453	0.481	0.449	0.445	0.438	1.098	1.126	1.142	1.135	1.096	1.168	0.494	0.532	0.517	0.654	0.629	0.628	1.179	1.163	1.190	1.123	1.177	1.170	0.888	0.894	0.861	0.658	0.652	0.678	1.165	1.184	1.195	1.101	1.118	1.166	0.861	0.881	0.999	0.687	0.725	0.674	0.903	0.879	0.894	1.179	1.214	1.197	0.519	0.574	0.567	1.124	1.131	1.139	0.842	0.860	0.876	1.193	1.249	1.263	0.446	0.447	0.438	1.096	1.084	1.121	1.049	1.037	1.048	1.067	1.088	1.159	0.550	0.560	0.536	0.626	0.675	0.702	1.013	1.032	1.117	1.111	0.688	1.183	0.535	0.550	0.534	0.620	0.639	0.636
15:01:13	37.1	1.178	1.209	1.216	1.284	1.275	1.312	0.447	0.464	0.509	0.456	0.462	0.451	1.139	1.185	1.200	1.184	1.151	1.211	0.471	0.546	0.511	0.659	0.630	0.642	1.232	1.227	1.247	1.171	1.223	1.207	0.943	0.956	0.920	0.671	0.659	0.686	1.213	1.240	1.243	1.142	1.161	1.208	0.900	0.935	1.024	0.690	0.728	0.681	0.936	0.911	0.916	1.188	1.222	1.194	0.538	0.588	0.572	1.116	1.124	1.136	0.886	0.891	0.894	1.195	1.249	1.263	0.427	0.438	0.458	1.091	1.082	1.125	1.082	1.087	1.094	1.116	1.138	1.199	0.568	0.576	0.552	0.611	0.662	0.689	1.056	1.055	1.127	1.152	0.735	1.219	0.552	0.568	0.561	0.621	0.638	0.640
16:01:14	37.1	1.199	1.240	1.243	1.305	1.299	1.334	0.442	0.454	0.477	0.459	0.455	0.446	1.181	1.214	1.227	1.211	1.183	1.242	0.472	0.523	0.510	0.659	0.628	0.638	1.251	1.250	1.274	1.199	1.252	1.237	1.020	1.008	0.977	0.678	0.669	0.695	1.238	1.272	1.278	1.176	1.192	1.240	0.940	0.979	1.043	0.693	0.725	0.688	0.957	0.929	0.938	1.177	1.221	1.189	0.541	0.594	0.574	1.107	1.119	1.133	0.892	0.913	0.929	1.191	1.243	1.257	0.426	0.439	0.443	1.087	1.080	1.118	1.097	1.115	1.119	1.153	1.175	1.230	0.584	0.583	0.578	0.604	0.647	0.671	1.081	1.091	1.179	1.187	0.781	1.249	0.574	0.585	0.569	0.631	0.639	0.636
17:01:13	37.1	1.233	1.250	1.267	1.329	1.321	1.354	0.447	0.453	0.464	0.460	0.453	0.437	1.199	1.242	1.252	1.245	1.217	1.270	0.477	0.524	0.488	0.658	0.630	0.641	1.289	1.281	1.308	1.228	1.280	1.264	1.048	1.066	1.030	0.687	0.681	0.704	1.268	1.295	1.310	1.207	1.223	1.266	0.987	1.021	1.061	0.694	0.733	0.692	0.982	0.958	0.966	1.174	1.219	1.185	0.553	0.600	0.579	1.103	1.114	1.132	0.913	0.937	0.959	1.184	1.238	1.250	0.437	0.450	0.451	1.086	1.083	1.117	1.139	1.143	1.151	1.188	1.206	1.256	0.598	0.602	0.601	0.600	0.639	0.668	1.116	1.124	1.200	1.217	0.799	1.276	0.609	0.617	0.621	0.643	0.658	0.648
0:00:00																																																																																																	
0:00:00																																																																																																	
0:00:00																																																																																																	
0:00:00																																																																																																	
0:00:00																																																																																																	
0:00:00																																																																																																	
0:00:00																																																																																																	
0:00:00																																																																																																	
0:00:00																																																																																																	
0:00:00																																																																																																	
0:00:00																																																																																																	
0:00:00																																																																																																	
0:00:00																																																																																																	
0:00:00																																																																																																	
0:00:00																																																																																																	
0:00:00																																																																																																	
0:00:00																																																																																																	
0:00:00																																																																																																	
0:00:00																																																																																																	
0:00:00																																																																																																	
0:00:00																																																																																																	
0:00:00																																																																																																	
0:00:00																																																																																																	
0:00:00																																																																																																	
0:00:00																																																																																																	
0:00:00																																																																																																	
0:00:00																																																																																																	
0:00:00																																																																																																	
0:00:00																																																																																																	
0:00:00																																																																																																	
0:00:00																																																																																																	

Results
	1	2	3	4	5	6	7	8	9	10	11	12
A	2.023	2.099	2.038	2.189	1.870	2.102	1.816	1.854	1.951	1.402	1.382	1.452	Max V [578]
	0.995	0.995	0.996	0.998	0.997	1.000	0.993	0.983	0.993	0.942	0.942	0.937	R-Squared [578]
	7:01:09	7:01:09	6:01:08	5:01:08	6:01:08	5:01:08	4:01:07	4:01:07	4:01:07	7:01:09	7:01:09	7:01:09	t at Max V [578]
	4:09:34	3:52:02	3:27:09	2:05:51	1:31:02	1:42:53	1:59:10	2:10:35	1:52:30	5:21:58	5:35:11	5:24:39	Lagtime [578]
B	1.946	2.248	2.214	1.942	1.726	1.740	1.821	1.950	1.903	1.547	1.475	1.531	Max V [578]
	1.000	0.996	0.996	0.989	1.000	1.000	0.985	0.996	0.990	0.963	0.961	0.967	R-Squared [578]
	7:01:09	7:01:09	7:01:09	6:01:08	5:01:08	7:01:09	5:01:08	4:01:07	4:01:07	10:01:10	10:01:10	9:01:10	t at Max V [578]
	4:09:33	4:25:00	4:16:39	2:40:24	2:27:45	2:20:51	2:21:14	1:52:53	1:59:56	5:52:01	6:00:29	5:49:00	Lagtime [578]
C	1.920	1.939	1.980	1.860	1.978	1.819	1.788	1.597	1.533	1.424	1.546	1.754	Max V [578]
	0.999	0.999	0.998	0.998	0.998	1.000	0.984	0.996	0.998	0.996	0.989	0.978	R-Squared [578]
	7:01:09	7:01:09	6:01:08	5:01:08	5:01:08	5:01:08	7:01:09	6:01:08	6:01:08	7:01:09	6:01:08	6:01:08	t at Max V [578]
	4:00:11	3:49:16	3:18:57	2:27:46	1:55:32	1:45:07	4:19:54	3:07:36	3:23:20	2:49:58	2:55:44	3:16:24	Lagtime [578]
D	2.004	2.019	2.014	1.722	1.651	1.788	1.658	1.841	2.257	1.291	1.320	1.578	Max V [578]
	0.998	0.996	0.985	0.995	0.997	1.000	0.995	0.998	0.994	0.996	0.988	0.992	R-Squared [578]
	7:01:09	7:01:09	6:01:08	7:01:09	5:01:08	4:01:07	11:01:11	11:01:11	11:01:11	8:01:09	9:01:10	7:01:09	t at Max V [578]
	4:06:00	4:05:54	3:42:19	2:40:10	1:57:36	1:41:32	6:00:03	6:51:29	7:18:40	2:44:00	3:11:22	3:16:34	Lagtime [578]
E	1.812	1.757	1.622	2.236	2.181	2.213	1.237	1.347	1.515	2.317	2.431	2.561	Max V [578]
	0.997	0.997	0.995	0.999	0.999	1.000	0.992	0.983	0.990	0.999	0.999	1.000	R-Squared [578]
	6:01:08	6:01:08	6:01:08	7:01:09	6:01:08	6:01:08	7:01:09	9:01:10	6:01:08	5:01:08	5:01:08	5:01:08	t at Max V [578]
	3:21:32	3:19:18	2:53:36	2:51:29	2:05:02	2:03:28	4:07:47	6:05:41	3:42:46	2:09:49	2:04:12	2:05:14	Lagtime [578]
F	1.599	1.620	1.582	2.147	2.384	2.359	1.367	1.309	1.420	2.523	2.464	2.761	Max V [578]
	0.992	1.000	0.993	0.999	1.000	0.998	0.985	0.982	0.985	0.999	0.998	0.997	R-Squared [578]
	5:01:08	6:01:08	6:01:08	7:01:09	4:01:07	4:01:07	5:01:08	5:01:08	5:01:08	5:01:08	6:01:08	5:01:08	t at Max V [578]
	2:50:35	3:15:19	2:36:24	2:16:41	1:44:12	1:33:56	3:00:05	2:50:33	2:55:45	2:22:05	2:48:00	2:04:41	Lagtime [578]
G	2.030	1.945	1.978	1.713	1.730	1.725	1.228	1.174	0.987	1.031	1.126	1.170	Max V [578]
	0.998	1.000	1.000	0.996	0.991	0.997	0.994	0.996	0.996	0.983	0.969	0.976	R-Squared [578]
	7:01:09	7:01:09	7:01:09	6:01:08	6:01:08	5:01:08	7:01:09	8:01:09	8:01:09	12:01:12	12:01:12	12:01:12	t at Max V [578]
	4:33:03	4:17:53	4:08:46	2:44:44	2:38:25	2:06:12	4:21:24	5:03:48	4:26:49	6:02:45	6:16:01	6:03:47	Lagtime [578]
H	1.980	1.916	1.977	1.730	1.071	1.816	1.181	1.454	1.385	1.020	1.117	1.076	Max V [578]
	0.996	1.000	1.000	0.996	0.997	0.999	0.997	0.995	0.995	1.000	0.983	0.974	R-Squared [578]
	7:01:09	7:01:09	7:01:09	7:01:09	7:01:09	7:01:09	6:01:08	6:01:08	6:01:08	11:01:11	11:01:11	11:01:11	t at Max V [578]
	4:18:25	4:14:00	3:59:35	2:55:52	3:40:22	2:10:52	3:33:58	3:43:30	3:47:49	4:59:55	5:35:37	5:54:44	Lagtime [578]



Software Version	3.12.08



Experiment File Path:	C:\Users\Sarela\Documents\Rita Pires\Exp23_RP_2plates_part2_Exp37_OB_3Plates_Part1_31012024.xpt
Protocol File Path:	C:\Users\Public\Documents\Protocols\New_96well_578_24H.prt



Plate Number	Plate 5
Date	1/31/2024
Time	7:16:10 PM
Reader Type:	Epoch 2
Reader Serial Number:	2202232E
Reading Type	Reader

Procedure Details

Plate Type	96 WELL PLATE
Discontinuous Kinetics	Runtime 2:00:00 (D:HH:MM), Interval 0:01:00, 49 Reads
Eject plate on completion	
Set Temperature	Setpoint 37°C, Gradient 0 °C
Shake	Double Orbital: 0:01:01 (HH:MM:SS)
	Frequency: 282 cpm (3 mm)
Read	Absorbance Endpoint
	Full Plate
	Wavelengths:  578
	Read Speed: Normal,  Delay: 100 msec,  Measurements/Data Point: 8

578

Time	T° 578	A1	A2	A3	A4	A5	A6	A7	A8	A9	A10	A11	A12	B1	B2	B3	B4	B5	B6	B7	B8	B9	B10	B11	B12	C1	C2	C3	C4	C5	C6	C7	C8	C9	C10	C11	C12	D1	D2	D3	D4	D5	D6	D7	D8	D9	D10	D11	D12	E1	E2	E3	E4	E5	E6	E7	E8	E9	E10	E11	E12	F1	F2	F3	F4	F5	F6	F7	F8	F9	F10	F11	F12	G1	G2	G3	G4	G5	G6	G7	G8	G9	G10	G11	G12	H1	H2	H3	H4	H5	H6	H7	H8	H9	H10	H11	H12
0:01:05	38.7	0.134	0.129	0.134	0.139	0.138	0.135	0.117	0.120	0.128	0.137	0.155	0.149	0.130	0.141	0.127	0.121	0.141	0.132	0.122	0.115	0.136	0.133	0.148	0.149	0.120	0.133	0.111	0.118	0.116	0.129	0.106	0.117	0.110	0.113	0.125	0.121	0.113	0.125	0.117	0.119	0.115	0.116	0.118	0.108	0.105	0.124	0.118	0.118	0.113	0.118	0.111	0.113	0.115	0.113	0.120	0.119	0.119	0.117	0.113	0.115	0.118	0.130	0.107	0.118	0.110	0.113	0.126	0.119	0.129	0.117	0.112	0.132	0.123	0.108	0.106	0.133	0.121	0.123	0.111	0.113	0.107	0.127	0.121	0.117	0.135	0.115	0.128	0.122	0.124	0.119	0.119	0.104	0.105	0.110	0.118	0.152
1:01:05	38.6	0.141	0.138	0.134	0.149	0.147	0.145	0.114	0.121	0.125	0.142	0.155	0.149	0.135	0.142	0.132	0.134	0.148	0.144	0.122	0.115	0.130	0.135	0.151	0.148	0.115	0.124	0.111	0.116	0.115	0.117	0.105	0.114	0.106	0.112	0.118	0.119	0.112	0.121	0.116	0.116	0.113	0.114	0.114	0.108	0.105	0.117	0.115	0.115	0.112	0.117	0.110	0.112	0.111	0.112	0.116	0.119	0.115	0.114	0.110	0.114	0.118	0.123	0.105	0.113	0.109	0.111	0.124	0.116	0.124	0.115	0.111	0.128	0.118	0.108	0.104	0.128	0.121	0.117	0.110	0.111	0.106	0.121	0.116	0.116	0.134	0.111	0.127	0.116	0.129	0.113	0.115	0.103	0.105	0.107	0.114	0.141
2:01:06	39.1	0.142	0.151	0.141	0.187	0.180	0.180	0.118	0.126	0.128	0.155	0.158	0.154	0.142	0.153	0.141	0.167	0.182	0.171	0.125	0.119	0.129	0.137	0.154	0.151	0.113	0.119	0.110	0.119	0.114	0.117	0.104	0.111	0.105	0.112	0.114	0.115	0.111	0.118	0.114	0.115	0.112	0.113	0.111	0.108	0.104	0.114	0.113	0.113	0.112	0.116	0.109	0.111	0.110	0.114	0.115	0.119	0.112	0.113	0.109	0.113	0.116	0.118	0.104	0.114	0.108	0.110	0.123	0.116	0.120	0.114	0.110	0.127	0.116	0.107	0.103	0.125	0.119	0.114	0.108	0.110	0.105	0.119	0.114	0.115	0.133	0.108	0.128	0.113	0.129	0.112	0.113	0.103	0.104	0.106	0.112	0.144
3:01:06	39.1	0.150	0.172	0.158	0.262	0.268	0.284	0.139	0.152	0.141	0.178	0.191	0.173	0.153	0.162	0.156	0.225	0.269	0.267	0.146	0.150	0.150	0.162	0.202	0.201	0.112	0.118	0.110	0.118	0.114	0.114	0.104	0.111	0.105	0.112	0.113	0.114	0.111	0.116	0.114	0.114	0.112	0.112	0.110	0.109	0.105	0.113	0.113	0.113	0.111	0.116	0.109	0.111	0.109	0.110	0.114	0.117	0.110	0.111	0.109	0.113	0.115	0.117	0.104	0.111	0.108	0.110	0.122	0.115	0.119	0.113	0.110	0.125	0.115	0.107	0.103	0.123	0.118	0.112	0.108	0.108	0.105	0.118	0.111	0.115	0.132	0.107	0.121	0.112	0.139	0.110	0.112	0.102	0.104	0.106	0.112	0.143
4:01:08	39.1	0.184	0.252	0.220	0.400	0.390	0.398	0.222	0.238	0.207	0.234	0.263	0.218	0.187	0.208	0.211	0.356	0.373	0.367	0.238	0.268	0.244	0.229	0.273	0.263	0.111	0.115	0.110	0.117	0.113	0.113	0.104	0.110	0.104	0.112	0.111	0.113	0.110	0.114	0.113	0.112	0.112	0.112	0.109	0.110	0.105	0.112	0.113	0.112	0.109	0.114	0.109	0.110	0.108	0.110	0.113	0.116	0.110	0.110	0.108	0.112	0.114	0.115	0.103	0.114	0.108	0.109	0.123	0.114	0.119	0.113	0.110	0.123	0.114	0.106	0.103	0.120	0.116	0.110	0.107	0.108	0.105	0.117	0.110	0.114	0.130	0.106	0.120	0.111	0.150	0.109	0.110	0.102	0.103	0.105	0.111	0.146
5:01:08	39.1	0.291	0.352	0.336	0.511	0.512	0.530	0.319	0.322	0.315	0.313	0.311	0.292	0.301	0.327	0.322	0.489	0.517	0.487	0.336	0.362	0.338	0.299	0.310	0.320	0.111	0.113	0.110	0.115	0.112	0.113	0.104	0.110	0.105	0.112	0.110	0.113	0.109	0.112	0.113	0.111	0.111	0.111	0.107	0.112	0.105	0.112	0.113	0.113	0.110	0.114	0.109	0.110	0.108	0.109	0.112	0.116	0.109	0.109	0.109	0.112	0.116	0.114	0.103	0.110	0.108	0.111	0.122	0.114	0.119	0.113	0.110	0.123	0.114	0.106	0.102	0.118	0.115	0.110	0.107	0.106	0.105	0.116	0.110	0.113	0.130	0.106	0.109	0.110	0.157	0.109	0.108	0.102	0.103	0.105	0.110	0.130
6:01:09	39.2	0.415	0.484	0.505	0.646	0.661	0.659	0.410	0.404	0.402	0.370	0.366	0.366	0.444	0.480	0.445	0.619	0.660	0.639	0.415	0.457	0.416	0.347	0.347	0.356	0.110	0.112	0.110	0.113	0.111	0.111	0.104	0.109	0.104	0.111	0.108	0.113	0.109	0.111	0.112	0.110	0.110	0.111	0.107	0.112	0.105	0.112	0.113	0.112	0.109	0.114	0.109	0.111	0.107	0.108	0.111	0.117	0.108	0.108	0.109	0.111	0.113	0.114	0.102	0.112	0.108	0.109	0.122	0.114	0.119	0.111	0.110	0.120	0.112	0.105	0.102	0.116	0.114	0.108	0.107	0.105	0.105	0.115	0.107	0.113	0.129	0.105	0.127	0.110	0.162	0.108	0.107	0.102	0.103	0.104	0.110	0.142
7:01:09	39.3	0.567	0.628	0.652	0.812	0.808	0.817	0.506	0.502	0.542	0.448	0.419	0.455	0.582	0.628	0.614	0.737	0.778	0.777	0.506	0.566	0.521	0.397	0.388	0.402	0.110	0.111	0.110	0.113	0.111	0.111	0.104	0.108	0.104	0.112	0.108	0.113	0.108	0.110	0.112	0.109	0.108	0.110	0.107	0.113	0.106	0.112	0.113	0.112	0.109	0.113	0.109	0.109	0.106	0.108	0.111	0.116	0.108	0.107	0.109	0.111	0.113	0.113	0.102	0.111	0.108	0.109	0.123	0.113	0.118	0.111	0.110	0.119	0.112	0.105	0.102	0.115	0.113	0.108	0.107	0.105	0.105	0.114	0.107	0.112	0.128	0.105	0.125	0.109	0.169	0.108	0.107	0.102	0.103	0.104	0.109	0.138
8:01:10	39.1	0.741	0.840	0.862	0.965	0.964	0.991	0.614	0.615	0.695	0.491	0.492	0.562	0.738	0.782	0.745	0.895	0.946	0.937	0.609	0.660	0.637	0.423	0.422	0.458	0.110	0.111	0.110	0.112	0.110	0.111	0.104	0.108	0.105	0.112	0.107	0.112	0.108	0.108	0.112	0.108	0.108	0.110	0.107	0.112	0.107	0.111	0.112	0.112	0.108	0.113	0.109	0.108	0.106	0.107	0.110	0.117	0.108	0.107	0.109	0.110	0.112	0.113	0.101	0.110	0.108	0.109	0.123	0.113	0.119	0.111	0.110	0.117	0.111	0.105	0.101	0.114	0.113	0.107	0.107	0.105	0.105	0.113	0.107	0.111	0.128	0.105	0.127	0.108	0.169	0.107	0.105	0.101	0.102	0.103	0.108	0.147
9:01:10	38.8	0.848	0.919	0.970	1.051	1.050	1.096	0.748	0.717	0.843	0.601	0.658	0.710	0.799	0.849	0.825	0.974	1.031	1.023	0.732	0.796	0.749	0.492	0.506	0.546	0.110	0.111	0.110	0.113	0.110	0.112	0.104	0.108	0.104	0.111	0.107	0.112	0.107	0.108	0.111	0.108	0.108	0.109	0.111	0.111	0.107	0.111	0.112	0.112	0.111	0.113	0.110	0.108	0.105	0.107	0.111	0.115	0.110	0.107	0.108	0.110	0.112	0.112	0.101	0.115	0.108	0.108	0.125	0.117	0.120	0.111	0.110	0.115	0.111	0.104	0.101	0.114	0.113	0.107	0.106	0.105	0.105	0.113	0.107	0.110	0.127	0.104	0.122	0.108	0.177	0.106	0.105	0.101	0.102	0.103	0.108	0.148
10:01:10	38.9	0.933	1.029	1.077	1.129	1.126	1.177	0.932	0.889	1.030	0.733	0.833	0.830	0.872	0.928	0.918	1.044	1.085	1.087	0.870	0.912	0.892	0.524	0.565	0.607	0.110	0.111	0.110	0.113	0.110	0.111	0.104	0.107	0.104	0.112	0.107	0.112	0.107	0.107	0.111	0.107	0.108	0.109	0.121	0.113	0.108	0.111	0.112	0.113	0.112	0.114	0.110	0.108	0.105	0.107	0.110	0.114	0.111	0.106	0.108	0.108	0.112	0.112	0.101	0.114	0.108	0.108	0.128	0.124	0.123	0.110	0.111	0.115	0.110	0.104	0.101	0.114	0.112	0.106	0.106	0.104	0.104	0.112	0.106	0.109	0.126	0.104	0.112	0.108	0.150	0.105	0.104	0.101	0.102	0.103	0.108	0.159
11:01:11	39.2	1.011	1.141	1.157	1.198	1.192	1.237	1.156	1.145	1.197	0.832	0.948	0.922	0.946	1.018	1.003	1.100	1.137	1.139	1.012	1.090	1.003	0.594	0.603	0.656	0.110	0.112	0.110	0.113	0.110	0.112	0.104	0.107	0.106	0.111	0.107	0.112	0.107	0.107	0.110	0.107	0.108	0.109	0.140	0.116	0.109	0.111	0.112	0.112	0.110	0.113	0.110	0.109	0.105	0.106	0.111	0.114	0.112	0.106	0.108	0.108	0.112	0.111	0.101	0.114	0.110	0.109	0.131	0.124	0.123	0.110	0.111	0.115	0.109	0.104	0.100	0.114	0.112	0.106	0.106	0.104	0.104	0.112	0.106	0.109	0.126	0.104	0.114	0.107	0.150	0.105	0.103	0.101	0.102	0.102	0.107	0.162
12:01:12	39.2	1.052	1.214	1.223	1.256	1.244	1.282	1.220	1.210	1.258	0.919	1.028	0.993	1.007	1.087	1.078	1.156	1.185	1.191	1.053	1.105	1.109	0.687	0.678	0.743	0.110	0.113	0.110	0.113	0.110	0.113	0.104	0.107	0.107	0.112	0.106	0.111	0.106	0.107	0.110	0.107	0.108	0.108	0.164	0.129	0.133	0.112	0.112	0.112	0.111	0.114	0.111	0.111	0.105	0.106	0.110	0.116	0.113	0.106	0.108	0.107	0.111	0.111	0.101	0.114	0.112	0.112	0.133	0.123	0.134	0.112	0.112	0.116	0.109	0.103	0.100	0.113	0.112	0.105	0.105	0.104	0.104	0.111	0.106	0.108	0.125	0.104	0.110	0.107	0.149	0.105	0.103	0.100	0.101	0.102	0.107	0.168
13:01:13	38.9	1.103	1.252	1.260	1.301	1.293	1.316	1.230	1.210	1.270	0.984	1.081	1.046	1.064	1.127	1.137	1.207	1.228	1.238	1.031	1.105	1.087	0.786	0.783	0.846	0.111	0.116	0.111	0.117	0.111	0.112	0.104	0.107	0.109	0.113	0.106	0.111	0.106	0.106	0.110	0.107	0.108	0.111	0.184	0.142	0.135	0.111	0.113	0.113	0.112	0.113	0.112	0.107	0.105	0.107	0.110	0.114	0.115	0.106	0.109	0.107	0.111	0.111	0.100	0.118	0.119	0.114	0.156	0.124	0.139	0.113	0.112	0.116	0.109	0.103	0.100	0.113	0.112	0.105	0.105	0.104	0.104	0.111	0.106	0.108	0.125	0.104	0.125	0.106	0.146	0.105	0.102	0.100	0.101	0.101	0.107	0.167
14:01:14	39.1	1.184	1.303	1.297	1.340	1.338	1.349	1.222	1.193	1.274	1.032	1.127	1.091	1.125	1.193	1.192	1.254	1.271	1.282	1.019	1.092	1.081	0.886	0.879	0.951	0.112	0.120	0.114	0.117	0.111	0.111	0.104	0.107	0.111	0.114	0.106	0.110	0.106	0.106	0.110	0.107	0.124	0.114	0.196	0.157	0.135	0.112	0.114	0.114	0.111	0.116	0.117	0.116	0.106	0.109	0.113	0.116	0.114	0.106	0.109	0.107	0.111	0.111	0.100	0.143	0.147	0.124	0.146	0.126	0.142	0.119	0.114	0.117	0.108	0.103	0.099	0.113	0.112	0.105	0.104	0.103	0.104	0.110	0.106	0.107	0.124	0.104	0.109	0.106	0.143	0.104	0.102	0.100	0.101	0.101	0.106	0.170
15:01:13	37.1	1.212	1.328	1.324	1.359	1.365	1.368	1.203	1.189	1.281	1.074	1.168	1.130	1.154	1.217	1.227	1.292	1.306	1.315	1.024	1.093	1.087	0.966	0.964	1.023	0.112	0.129	0.120	0.114	0.112	0.114	0.104	0.107	0.110	0.116	0.106	0.110	0.106	0.108	0.111	0.112	0.134	0.122	0.180	0.164	0.157	0.112	0.119	0.115	0.112	0.121	0.125	0.130	0.109	0.108	0.116	0.117	0.113	0.107	0.109	0.106	0.111	0.112	0.101	0.154	0.149	0.129	0.155	0.133	0.133	0.123	0.123	0.123	0.108	0.103	0.099	0.112	0.112	0.105	0.104	0.103	0.104	0.111	0.105	0.108	0.124	0.104	0.129	0.105	0.143	0.105	0.102	0.100	0.101	0.100	0.106	0.177
16:01:14	37.1	1.256	1.357	1.349	1.385	1.395	1.391	1.181	1.174	1.293	1.104	1.205	1.169	1.196	1.254	1.265	1.331	1.336	1.343	1.021	1.103	1.089	1.015	1.029	1.077	0.121	0.140	0.134	0.125	0.137	0.123	0.104	0.107	0.111	0.118	0.106	0.110	0.107	0.109	0.115	0.126	0.168	0.127	0.214	0.191	0.153	0.116	0.121	0.123	0.121	0.136	0.130	0.121	0.114	0.147	0.115	0.116	0.112	0.111	0.110	0.107	0.111	0.113	0.100	0.153	0.169	0.161	0.184	0.164	0.148	0.130	0.132	0.123	0.108	0.103	0.099	0.112	0.111	0.104	0.104	0.103	0.104	0.110	0.105	0.107	0.124	0.104	0.125	0.105	0.143	0.104	0.102	0.100	0.101	0.100	0.106	0.172
17:01:14	37.1	1.292	1.381	1.373	1.415	1.424	1.416	1.161	1.146	1.281	1.135	1.239	1.210	1.232	1.285	1.302	1.369	1.363	1.368	1.020	1.113	1.092	1.055	1.087	1.130	0.128	0.153	0.164	0.130	0.122	0.145	0.104	0.106	0.112	0.119	0.105	0.110	0.111	0.114	0.130	0.138	0.176	0.140	0.216	0.212	0.167	0.119	0.120	0.128	0.133	0.152	0.158	0.153	0.114	0.165	0.114	0.113	0.115	0.109	0.110	0.107	0.111	0.116	0.110	0.157	0.164	0.171	0.175	0.179	0.163	0.130	0.142	0.121	0.108	0.103	0.099	0.111	0.112	0.104	0.104	0.103	0.104	0.110	0.105	0.107	0.124	0.103	0.105	0.105	0.140	0.104	0.101	0.100	0.101	0.100	0.106	0.173
0:00:00																																																																																																	
0:00:00																																																																																																	
0:00:00																																																																																																	
0:00:00																																																																																																	
0:00:00																																																																																																	
0:00:00																																																																																																	
0:00:00																																																																																																	
0:00:00																																																																																																	
0:00:00																																																																																																	
0:00:00																																																																																																	
0:00:00																																																																																																	
0:00:00																																																																																																	
0:00:00																																																																																																	
0:00:00																																																																																																	
0:00:00																																																																																																	
0:00:00																																																																																																	
0:00:00																																																																																																	
0:00:00																																																																																																	
0:00:00																																																																																																	
0:00:00																																																																																																	
0:00:00																																																																																																	
0:00:00																																																																																																	
0:00:00																																																																																																	
0:00:00																																																																																																	
0:00:00																																																																																																	
0:00:00																																																																																																	
0:00:00																																																																																																	
0:00:00																																																																																																	
0:00:00																																																																																																	
0:00:00																																																																																																	
0:00:00																																																																																																	

Results
	1	2	3	4	5	6	7	8	9	10	11	12
A	2.397	2.482	2.709	2.386	2.404	2.453	2.700	2.696	2.740	1.811	2.330	2.001	Max V [578]
	0.995	0.986	0.993	0.995	0.998	0.995	0.979	0.970	0.998	0.995	0.985	0.995	R-Squared [578]
	7:01:09	7:01:09	7:01:09	6:01:09	6:01:09	6:01:09	10:01:11	10:01:11	9:01:10	10:01:11	9:01:10	9:01:10	t at Max V [578]
	3:58:07	3:33:12	3:45:00	2:20:12	2:20:50	2:19:11	4:58:43	5:06:08	4:33:27	4:41:36	5:20:11	4:27:51	Lagtime [578]
B	2.308	2.417	2.266	2.206	2.344	2.383	2.121	2.165	2.033	1.571	1.540	1.571	Max V [578]
	0.997	0.998	0.995	0.998	0.998	0.998	0.996	0.989	0.998	0.999	0.998	0.996	R-Squared [578]
	6:01:09	6:01:09	6:01:09	6:01:09	6:01:09	6:01:09	9:01:10	9:01:10	9:01:10	13:01:12	13:01:12	13:01:12	t at Max V [578]
	3:42:28	3:38:33	3:30:51	2:15:23	2:22:09	2:27:21	4:07:11	3:42:38	3:54:06	6:07:11	6:10:17	5:39:05	Lagtime [578]
C	0.071	0.160	0.210	0.055	0.094	0.131	-0.007	-0.028	0.029	0.026	-0.057	-0.033	Max V [578]
	0.829	0.965	0.846	0.628	0.564	0.755	0.826	0.889	0.999	0.991	0.909	0.947	R-Squared [578]
	15:01:14	15:01:14	15:01:14	15:01:14	14:01:13	15:01:14	2:01:07	2:01:07	12:01:12	14:01:13	2:01:07	2:01:07	t at Max V [578]
	15:45:57	15:13:06	13:37:44	14:13:31	14:00:48	15:58:57	?????	?????	13:06:03	13:10:46	?????	?????	Lagtime [578]
D	0.017	-0.049	0.073	0.135	0.300	0.120	0.322	0.289	0.164	-0.047	0.038	0.065	Max V [578]
	0.616	0.974	0.678	0.878	0.960	0.945	0.989	0.961	0.837	0.796	0.937	0.882	R-Squared [578]
	15:01:14	2:01:07	15:01:14	15:01:14	15:01:14	15:01:14	12:01:12	15:01:14	13:01:12	2:01:07	14:01:13	15:01:14	t at Max V [578]
	?????	?????	15:37:24	15:06:42	13:30:58	14:01:53	9:48:22	11:16:43	10:06:19	?????	15:00:58	14:53:52	Lagtime [578]
E	0.086	0.161	0.174	0.161	0.040	0.254	-0.028	-0.016	-0.037	-0.026	-0.016	-0.012	Max V [578]
	0.772	0.902	0.856	0.777	0.923	0.809	0.884	0.933	0.916	0.979	0.779	0.967	R-Squared [578]
	15:01:14	15:01:14	15:01:14	15:01:14	15:01:14	15:01:14	2:01:07	3:01:07	2:01:07	2:01:07	2:01:07	2:01:07	t at Max V [578]
	14:01:55	13:59:55	13:20:02	13:45:47	?????	14:03:33	?????	1:25:35	?????	?????	?????	?????	Lagtime [578]
F	-0.018	-0.061	0.032	0.189	0.241	0.252	0.169	0.248	0.092	0.077	0.133	0.038	Max V [578]
	0.938	0.912	0.542	0.885	0.950	0.931	0.735	0.889	0.557	0.962	0.962	0.837	R-Squared [578]
	2:01:07	2:01:07	15:01:14	14:01:13	14:01:13	15:01:14	14:01:13	15:01:14	15:01:14	14:01:13	15:01:14	14:01:13	t at Max V [578]
	0:22:23	?????	?????	12:20:43	11:58:03	13:14:32	11:11:06	13:15:02	12:07:51	13:34:50	13:24:06	?????	Lagtime [578]
G	-0.032	-0.009	-0.011	-0.048	-0.022	-0.050	-0.016	-0.021	-0.006	-0.037	-0.045	-0.014	Max V [578]
	0.822	0.914	0.910	0.964	0.990	0.936	0.945	0.964	0.829	0.862	0.953	0.985	R-Squared [578]
	2:01:07	6:01:09	2:01:07	2:01:07	3:01:07	2:01:07	2:01:07	2:01:07	2:01:07	2:01:07	2:01:07	8:01:10	t at Max V [578]
	?????	0:26:29	?????	?????	0:37:05	?????	?????	?????	?????	?????	?????	0:11:00	Lagtime [578]
H	-0.022	-0.037	-0.075	-0.046	0.141	-0.040	-0.035	-0.009	-0.008	-0.019	-0.027	0.102	Max V [578]
	0.986	0.919	0.864	0.872	0.981	0.876	0.949	0.888	0.935	0.878	0.829	0.947	R-Squared [578]
	2:01:07	2:01:07	3:01:07	2:01:07	4:01:08	2:01:07	2:01:07	2:01:07	2:01:07	2:01:07	2:01:07	9:01:10	t at Max V [578]
	0:14:37	?????	1:24:43	?????	1:14:29	?????	?????	?????	?????	?????	?????	9:11:59	Lagtime [578]

