

Software Version	3.12.08



Experiment File Path:	C:\Users\Sarela\Documents\Sarela_growth_curves\Experiment20_v2_040624_2plates_Exp21_0506244_2plates.xpt
Protocol File Path:	C:\Users\Public\Documents\Protocols\New_96well_578_24H.prt



Plate Number	Plate 1
Date	6/5/2024
Time	12:15:47 PM
Reader Type:	Epoch 2
Reader Serial Number:	2202232E
Reading Type	Reader

Procedure Details

Plate Type	96 WELL PLATE
Discontinuous Kinetics	Runtime 2:00:00 (D:HH:MM), Interval 0:01:00, 49 Reads
Eject plate on completion	
Set Temperature	Setpoint 37°C, Gradient 0 °C
Shake	Double Orbital: 0:01:01 (HH:MM:SS)
	Frequency: 282 cpm (3 mm)
Read	Absorbance Endpoint
	Full Plate
	Wavelengths:  578
	Read Speed: Normal,  Delay: 100 msec,  Measurements/Data Point: 8

578

Time	T° 578	A1	A2	A3	A4	A5	A6	A7	A8	A9	A10	A11	A12	B1	B2	B3	B4	B5	B6	B7	B8	B9	B10	B11	B12	C1	C2	C3	C4	C5	C6	C7	C8	C9	C10	C11	C12	D1	D2	D3	D4	D5	D6	D7	D8	D9	D10	D11	D12	E1	E2	E3	E4	E5	E6	E7	E8	E9	E10	E11	E12	F1	F2	F3	F4	F5	F6	F7	F8	F9	F10	F11	F12	G1	G2	G3	G4	G5	G6	G7	G8	G9	G10	G11	G12	H1	H2	H3	H4	H5	H6	H7	H8	H9	H10	H11	H12
0:01:05	37.3	1.101	0.657	0.112	0.595	0.576	0.553	0.524	0.486	0.350	0.322	0.271	0.139	0.849	0.667	0.692	0.573	0.686	0.683	0.718	0.751	0.417	0.399	0.297	0.227	1.284	0.803	0.806	0.734	0.790	0.796	1.022	0.940	0.480	0.420	0.399	0.838	1.184	0.617	0.653	0.592	0.561	0.585	0.579	0.588	0.376	0.344	1.003	0.981	0.827	0.686	0.114	0.644	0.617	0.562	0.765	0.753	0.435	0.464	0.603	0.227	0.108	0.111	0.110	0.114	0.118	0.116	0.106	0.104	0.104	0.102	0.107	0.103	0.115	0.113	0.112	0.107	0.102	0.105	0.110	0.102	0.103	0.106	0.114	0.104	0.112	0.113	0.108	0.105	0.111	0.102	0.103	0.101	0.106	0.106	0.108	0.103
1:01:05	37.8	1.073	0.660	0.111	0.597	0.578	0.556	0.524	0.487	0.348	0.318	0.288	0.142	0.859	0.673	0.697	0.579	0.692	0.688	0.721	0.772	0.415	0.390	0.298	0.231	1.316	0.810	0.802	0.737	0.804	0.805	1.038	0.966	0.477	0.417	0.431	0.904	1.162	0.613	0.654	0.591	0.563	0.591	0.587	0.592	0.377	0.343	1.038	1.003	0.859	0.685	0.114	0.643	0.616	0.562	0.773	0.771	0.435	0.460	0.616	0.228	0.108	0.111	0.110	0.114	0.117	0.116	0.106	0.104	0.104	0.102	0.107	0.103	0.115	0.113	0.112	0.107	0.102	0.105	0.110	0.102	0.103	0.106	0.114	0.104	0.112	0.113	0.108	0.110	0.111	0.102	0.103	0.101	0.105	0.106	0.108	0.103
2:01:05	37.9	1.067	0.662	0.111	0.598	0.580	0.557	0.526	0.487	0.348	0.312	0.294	0.144	0.851	0.672	0.700	0.578	0.693	0.688	0.721	0.775	0.414	0.379	0.312	0.234	1.349	0.821	0.797	0.744	0.799	0.806	1.064	0.995	0.472	0.410	0.479	0.945	1.154	0.614	0.653	0.592	0.563	0.592	0.588	0.599	0.376	0.339	1.054	1.032	0.900	0.685	0.114	0.643	0.614	0.563	0.785	0.782	0.434	0.457	0.622	0.230	0.108	0.111	0.110	0.114	0.117	0.116	0.106	0.104	0.104	0.102	0.107	0.103	0.115	0.113	0.112	0.107	0.102	0.105	0.110	0.102	0.103	0.106	0.114	0.104	0.112	0.113	0.108	0.110	0.111	0.102	0.103	0.101	0.105	0.106	0.108	0.103
3:01:06	37.8	1.063	0.663	0.111	0.599	0.580	0.559	0.526	0.486	0.347	0.309	0.304	0.146	0.862	0.673	0.703	0.580	0.699	0.686	0.724	0.779	0.414	0.373	0.325	0.236	1.374	0.840	0.804	0.752	0.797	0.801	1.079	1.029	0.471	0.403	0.518	0.980	1.140	0.617	0.657	0.592	0.564	0.601	0.592	0.600	0.375	0.337	1.059	1.056	0.934	0.688	0.114	0.645	0.615	0.567	0.791	0.788	0.435	0.450	0.629	0.232	0.108	0.110	0.110	0.114	0.117	0.116	0.106	0.104	0.104	0.102	0.107	0.103	0.114	0.113	0.112	0.107	0.102	0.105	0.110	0.102	0.103	0.106	0.114	0.104	0.112	0.113	0.108	0.110	0.111	0.102	0.103	0.101	0.105	0.106	0.108	0.103
4:01:06	37.9	1.062	0.664	0.111	0.599	0.579	0.558	0.527	0.487	0.347	0.307	0.319	0.148	0.872	0.677	0.705	0.582	0.702	0.687	0.722	0.785	0.414	0.367	0.332	0.238	1.398	0.864	0.807	0.758	0.810	0.810	1.093	1.031	0.472	0.400	0.545	1.001	1.136	0.616	0.656	0.593	0.566	0.605	0.595	0.603	0.375	0.336	1.087	1.071	0.973	0.691	0.114	0.646	0.616	0.567	0.800	0.799	0.435	0.446	0.630	0.234	0.108	0.110	0.110	0.114	0.117	0.116	0.106	0.104	0.104	0.102	0.107	0.103	0.114	0.113	0.112	0.107	0.102	0.105	0.110	0.102	0.103	0.106	0.114	0.104	0.112	0.112	0.108	0.110	0.111	0.102	0.103	0.101	0.105	0.106	0.107	0.103
5:01:07	37.8	1.060	0.665	0.111	0.600	0.581	0.558	0.526	0.486	0.347	0.303	0.328	0.150	0.885	0.678	0.708	0.582	0.703	0.687	0.726	0.800	0.414	0.364	0.339	0.239	1.418	0.885	0.816	0.769	0.821	0.823	1.095	1.045	0.469	0.399	0.561	1.036	1.125	0.616	0.658	0.594	0.570	0.607	0.592	0.610	0.375	0.333	1.080	1.095	1.004	0.689	0.114	0.646	0.615	0.566	0.801	0.809	0.435	0.443	0.631	0.236	0.108	0.110	0.110	0.113	0.117	0.115	0.106	0.104	0.103	0.102	0.106	0.103	0.114	0.113	0.111	0.107	0.102	0.105	0.109	0.102	0.103	0.106	0.114	0.104	0.112	0.112	0.108	0.110	0.110	0.102	0.103	0.101	0.105	0.106	0.107	0.103
6:01:07	38.0	1.065	0.665	0.112	0.600	0.581	0.558	0.527	0.486	0.346	0.302	0.340	0.151	0.898	0.682	0.712	0.584	0.706	0.690	0.724	0.801	0.414	0.362	0.341	0.240	1.434	0.903	0.834	0.780	0.820	0.811	1.107	1.064	0.470	0.396	0.568	1.058	1.125	0.615	0.658	0.596	0.570	0.610	0.594	0.611	0.376	0.332	1.097	1.103	1.049	0.689	0.114	0.647	0.615	0.567	0.810	0.814	0.436	0.441	0.632	0.243	0.108	0.111	0.110	0.114	0.117	0.115	0.106	0.104	0.104	0.102	0.107	0.103	0.114	0.113	0.111	0.107	0.102	0.105	0.109	0.102	0.103	0.106	0.114	0.104	0.112	0.113	0.108	0.110	0.110	0.102	0.103	0.101	0.105	0.106	0.108	0.103
7:01:08	38.0	1.056	0.665	0.111	0.599	0.581	0.558	0.526	0.486	0.346	0.299	0.335	0.152	0.918	0.685	0.716	0.586	0.709	0.691	0.726	0.800	0.414	0.358	0.345	0.240	1.448	0.928	0.830	0.782	0.831	0.810	1.105	1.082	0.469	0.389	0.580	1.078	1.120	0.613	0.660	0.598	0.568	0.610	0.593	0.612	0.376	0.331	1.105	1.109	1.084	0.690	0.114	0.649	0.615	0.566	0.814	0.818	0.436	0.437	0.630	0.247	0.108	0.110	0.109	0.113	0.117	0.115	0.106	0.104	0.104	0.102	0.106	0.103	0.114	0.113	0.111	0.107	0.102	0.105	0.109	0.102	0.103	0.106	0.114	0.104	0.112	0.112	0.108	0.110	0.110	0.102	0.103	0.101	0.105	0.105	0.107	0.103
8:01:09	37.8	1.055	0.664	0.111	0.599	0.579	0.557	0.525	0.486	0.346	0.298	0.346	0.154	0.939	0.693	0.723	0.590	0.715	0.694	0.731	0.806	0.414	0.356	0.348	0.240	1.461	0.955	0.837	0.786	0.843	0.827	1.116	1.079	0.468	0.385	0.596	1.099	1.121	0.616	0.660	0.600	0.567	0.614	0.592	0.613	0.376	0.330	1.116	1.133	1.110	0.690	0.114	0.649	0.615	0.565	0.820	0.822	0.436	0.434	0.626	0.254	0.108	0.110	0.109	0.114	0.117	0.115	0.106	0.104	0.104	0.102	0.107	0.103	0.114	0.113	0.111	0.107	0.102	0.105	0.109	0.102	0.103	0.106	0.114	0.104	0.112	0.112	0.108	0.110	0.110	0.102	0.103	0.101	0.105	0.106	0.111	0.103
9:01:09	37.8	1.043	0.665	0.111	0.599	0.575	0.556	0.525	0.484	0.345	0.296	0.347	0.155	0.976	0.697	0.727	0.593	0.719	0.694	0.736	0.807	0.414	0.354	0.349	0.239	1.470	0.967	0.851	0.804	0.846	0.824	1.120	1.113	0.468	0.379	0.603	1.116	1.119	0.614	0.661	0.596	0.568	0.615	0.598	0.613	0.376	0.329	1.117	1.138	1.116	0.690	0.114	0.649	0.615	0.566	0.827	0.827	0.436	0.433	0.624	0.270	0.108	0.110	0.110	0.113	0.117	0.115	0.106	0.104	0.103	0.102	0.106	0.103	0.114	0.113	0.111	0.107	0.102	0.105	0.109	0.102	0.103	0.106	0.114	0.104	0.112	0.112	0.108	0.110	0.110	0.102	0.103	0.101	0.105	0.106	0.111	0.103
10:01:10	37.9	1.061	0.664	0.111	0.599	0.575	0.556	0.525	0.484	0.345	0.296	0.353	0.157	0.988	0.706	0.739	0.598	0.730	0.706	0.751	0.822	0.414	0.352	0.344	0.238	1.478	1.002	0.876	0.822	0.872	0.844	1.135	1.121	0.466	0.375	0.610	1.136	1.123	0.622	0.659	0.596	0.570	0.616	0.598	0.618	0.376	0.328	1.126	1.151	1.112	0.691	0.114	0.649	0.615	0.565	0.816	0.819	0.437	0.432	0.624	0.300	0.108	0.110	0.110	0.113	0.117	0.115	0.106	0.104	0.103	0.102	0.106	0.103	0.114	0.112	0.111	0.107	0.102	0.105	0.108	0.102	0.103	0.106	0.113	0.104	0.112	0.112	0.108	0.110	0.110	0.102	0.103	0.101	0.105	0.106	0.111	0.103
11:01:11	38.1	1.049	0.664	0.111	0.598	0.574	0.555	0.524	0.482	0.345	0.294	0.362	0.159	0.988	0.717	0.744	0.602	0.731	0.708	0.747	0.820	0.413	0.351	0.340	0.238	1.477	1.020	0.870	0.830	0.880	0.860	1.150	1.137	0.466	0.372	0.615	1.143	1.119	0.618	0.663	0.600	0.566	0.618	0.597	0.620	0.376	0.327	1.132	1.169	1.115	0.691	0.114	0.650	0.614	0.567	0.832	0.826	0.437	0.428	0.625	0.301	0.108	0.110	0.110	0.113	0.117	0.115	0.106	0.104	0.104	0.102	0.106	0.103	0.114	0.113	0.111	0.107	0.102	0.105	0.109	0.102	0.103	0.106	0.114	0.104	0.112	0.112	0.108	0.110	0.110	0.102	0.103	0.101	0.105	0.106	0.111	0.103
12:01:11	38.2	1.048	0.663	0.111	0.597	0.574	0.554	0.524	0.481	0.344	0.293	0.362	0.161	0.981	0.723	0.749	0.605	0.735	0.707	0.746	0.822	0.412	0.350	0.337	0.238	1.482	1.032	0.881	0.835	0.873	0.865	1.147	1.151	0.464	0.369	0.620	1.162	1.122	0.617	0.662	0.597	0.566	0.615	0.598	0.618	0.376	0.326	1.140	1.176	1.117	0.693	0.114	0.650	0.615	0.566	0.836	0.834	0.437	0.426	0.620	0.317	0.108	0.110	0.110	0.113	0.117	0.114	0.106	0.104	0.104	0.102	0.106	0.103	0.114	0.113	0.111	0.107	0.102	0.105	0.108	0.102	0.103	0.106	0.113	0.104	0.112	0.112	0.108	0.110	0.110	0.102	0.103	0.101	0.105	0.106	0.111	0.103
13:01:11	38.2	1.034	0.663	0.111	0.597	0.574	0.553	0.522	0.481	0.343	0.292	0.357	0.166	0.988	0.731	0.753	0.605	0.742	0.704	0.743	0.820	0.412	0.350	0.333	0.237	1.485	1.050	0.888	0.842	0.880	0.860	1.158	1.153	0.463	0.367	0.626	1.172	1.123	0.615	0.658	0.596	0.570	0.613	0.595	0.616	0.376	0.326	1.159	1.181	1.131	0.695	0.114	0.651	0.615	0.565	0.839	0.845	0.437	0.424	0.613	0.335	0.108	0.110	0.109	0.113	0.117	0.114	0.106	0.104	0.104	0.102	0.106	0.103	0.114	0.112	0.111	0.107	0.102	0.105	0.108	0.102	0.103	0.106	0.113	0.104	0.112	0.112	0.108	0.110	0.110	0.102	0.103	0.100	0.105	0.106	0.111	0.103
14:01:11	38.1	1.041	0.662	0.111	0.597	0.573	0.552	0.521	0.479	0.343	0.291	0.348	0.173	0.997	0.738	0.757	0.608	0.746	0.705	0.741	0.818	0.411	0.349	0.336	0.238	1.490	1.073	0.897	0.848	0.882	0.853	1.167	1.157	0.462	0.365	0.637	1.191	1.119	0.612	0.656	0.594	0.565	0.613	0.594	0.615	0.376	0.325	1.155	1.197	1.126	0.697	0.114	0.650	0.614	0.563	0.842	0.841	0.437	0.423	0.613	0.348	0.108	0.110	0.109	0.113	0.117	0.114	0.105	0.104	0.103	0.101	0.106	0.103	0.114	0.112	0.111	0.107	0.102	0.105	0.108	0.102	0.103	0.105	0.113	0.104	0.112	0.112	0.108	0.110	0.110	0.102	0.103	0.101	0.105	0.105	0.111	0.103
15:01:12	38.1	1.030	0.662	0.111	0.596	0.572	0.551	0.520	0.478	0.342	0.290	0.355	0.182	1.011	0.749	0.763	0.612	0.753	0.708	0.739	0.820	0.411	0.348	0.340	0.238	1.493	1.098	0.910	0.857	0.883	0.853	1.170	1.169	0.460	0.363	0.640	1.202	1.116	0.612	0.657	0.593	0.564	0.621	0.595	0.617	0.375	0.324	1.165	1.206	1.145	0.702	0.114	0.649	0.614	0.564	0.847	0.841	0.437	0.423	0.607	0.365	0.108	0.110	0.109	0.113	0.117	0.114	0.106	0.104	0.104	0.102	0.106	0.103	0.114	0.112	0.111	0.107	0.102	0.105	0.108	0.102	0.103	0.106	0.114	0.104	0.112	0.112	0.108	0.110	0.110	0.102	0.103	0.101	0.105	0.106	0.111	0.103
16:01:12	38.2	1.034	0.661	0.111	0.595	0.570	0.551	0.519	0.478	0.341	0.289	0.358	0.191	1.023	0.765	0.769	0.616	0.757	0.707	0.743	0.824	0.410	0.348	0.337	0.239	1.498	1.115	0.930	0.875	0.887	0.854	1.184	1.172	0.460	0.361	0.649	1.219	1.119	0.615	0.656	0.594	0.566	0.619	0.600	0.615	0.375	0.324	1.166	1.213	1.170	0.706	0.114	0.649	0.615	0.562	0.844	0.844	0.438	0.430	0.607	0.361	0.108	0.110	0.109	0.113	0.117	0.114	0.106	0.104	0.104	0.102	0.106	0.103	0.114	0.112	0.111	0.107	0.102	0.105	0.108	0.102	0.103	0.106	0.113	0.104	0.112	0.112	0.107	0.110	0.110	0.102	0.103	0.101	0.105	0.106	0.111	0.103
17:01:13	38.2	1.024	0.660	0.111	0.594	0.569	0.550	0.518	0.478	0.341	0.288	0.355	0.194	1.032	0.773	0.771	0.619	0.761	0.708	0.741	0.817	0.410	0.347	0.335	0.238	1.501	1.129	0.939	0.878	0.900	0.854	1.184	1.165	0.462	0.360	0.652	1.228	1.117	0.611	0.654	0.592	0.564	0.619	0.604	0.613	0.375	0.323	1.178	1.216	1.184	0.706	0.114	0.650	0.616	0.561	0.846	0.847	0.442	0.435	0.602	0.383	0.108	0.110	0.109	0.113	0.117	0.114	0.105	0.104	0.104	0.102	0.106	0.103	0.114	0.112	0.111	0.107	0.102	0.105	0.108	0.102	0.103	0.105	0.113	0.104	0.112	0.112	0.108	0.110	0.110	0.102	0.103	0.101	0.105	0.106	0.108	0.103
18:01:13	38.1	1.031	0.658	0.111	0.593	0.569	0.548	0.517	0.476	0.340	0.287	0.362	0.199	1.047	0.789	0.777	0.623	0.767	0.710	0.745	0.816	0.411	0.347	0.335	0.238	1.509	1.160	0.950	0.889	0.910	0.863	1.187	1.166	0.464	0.359	0.659	1.240	1.112	0.611	0.654	0.595	0.563	0.622	0.604	0.615	0.374	0.322	1.179	1.229	1.193	0.713	0.114	0.648	0.617	0.560	0.847	0.853	0.441	0.439	0.595	0.386	0.108	0.110	0.109	0.113	0.117	0.113	0.105	0.104	0.103	0.101	0.106	0.103	0.114	0.112	0.111	0.107	0.102	0.105	0.108	0.102	0.103	0.105	0.113	0.104	0.112	0.112	0.107	0.110	0.110	0.102	0.103	0.101	0.105	0.105	0.108	0.103
19:01:13	38.0	1.024	0.658	0.111	0.592	0.567	0.548	0.517	0.475	0.339	0.286	0.365	0.207	1.070	0.803	0.783	0.628	0.772	0.711	0.745	0.814	0.414	0.346	0.338	0.238	1.509	1.182	0.969	0.903	0.912	0.861	1.185	1.171	0.466	0.358	0.666	1.252	1.111	0.611	0.654	0.595	0.561	0.625	0.606	0.615	0.374	0.322	1.183	1.233	1.198	0.714	0.114	0.649	0.615	0.560	0.848	0.852	0.438	0.450	0.590	0.387	0.108	0.110	0.109	0.113	0.117	0.113	0.105	0.104	0.103	0.102	0.106	0.102	0.114	0.112	0.111	0.107	0.102	0.105	0.108	0.102	0.103	0.106	0.113	0.104	0.112	0.112	0.107	0.110	0.110	0.102	0.103	0.101	0.105	0.105	0.108	0.102
20:01:14	38.2	1.014	0.657	0.111	0.591	0.566	0.546	0.515	0.473	0.338	0.285	0.362	0.214	1.094	0.831	0.787	0.630	0.775	0.708	0.747	0.810	0.432	0.345	0.338	0.239	1.519	1.187	0.984	0.934	0.931	0.873	1.194	1.182	0.471	0.357	0.672	1.261	1.107	0.610	0.652	0.590	0.563	0.623	0.605	0.618	0.373	0.321	1.185	1.241	1.204	0.721	0.113	0.648	0.615	0.559	0.847	0.849	0.437	0.457	0.587	0.392	0.108	0.110	0.109	0.113	0.116	0.113	0.105	0.104	0.103	0.101	0.106	0.102	0.114	0.112	0.111	0.107	0.102	0.105	0.108	0.102	0.103	0.105	0.113	0.104	0.111	0.112	0.107	0.110	0.110	0.102	0.103	0.101	0.105	0.105	0.108	0.102
21:01:14	37.4	1.030	0.657	0.111	0.591	0.566	0.545	0.515	0.474	0.338	0.285	0.355	0.213	1.132	0.851	0.793	0.636	0.781	0.709	0.750	0.809	0.470	0.345	0.338	0.239	1.525	1.209	1.006	0.943	0.938	0.874	1.202	1.186	0.499	0.357	0.681	1.277	1.104	0.609	0.653	0.591	0.565	0.619	0.598	0.617	0.373	0.321	1.194	1.250	1.230	0.730	0.114	0.649	0.616	0.560	0.850	0.851	0.436	0.468	0.586	0.393	0.108	0.110	0.109	0.113	0.117	0.113	0.106	0.104	0.103	0.102	0.106	0.103	0.114	0.112	0.111	0.107	0.102	0.105	0.108	0.102	0.103	0.105	0.113	0.104	0.112	0.112	0.107	0.110	0.110	0.102	0.103	0.101	0.105	0.105	0.107	0.102
22:01:14	37.1	1.027	0.654	0.111	0.591	0.564	0.545	0.514	0.473	0.337	0.284	0.360	0.214	1.164	0.868	0.800	0.641	0.793	0.714	0.755	0.808	0.500	0.345	0.343	0.241	1.530	1.219	1.038	0.951	0.942	0.878	1.214	1.188	0.524	0.357	0.688	1.281	1.111	0.611	0.654	0.593	0.566	0.616	0.597	0.619	0.373	0.320	1.191	1.254	1.248	0.739	0.113	0.649	0.619	0.562	0.848	0.853	0.436	0.478	0.579	0.391	0.108	0.110	0.109	0.113	0.116	0.113	0.105	0.104	0.103	0.101	0.106	0.102	0.114	0.112	0.111	0.107	0.102	0.105	0.108	0.102	0.103	0.105	0.113	0.104	0.111	0.112	0.107	0.110	0.110	0.102	0.103	0.101	0.105	0.105	0.107	0.102
0:00:00																																																																																																	
0:00:00																																																																																																	
0:00:00																																																																																																	
0:00:00																																																																																																	
0:00:00																																																																																																	
0:00:00																																																																																																	
0:00:00																																																																																																	
0:00:00																																																																																																	
0:00:00																																																																																																	
0:00:00																																																																																																	
0:00:00																																																																																																	
0:00:00																																																																																																	
0:00:00																																																																																																	
0:00:00																																																																																																	
0:00:00																																																																																																	
0:00:00																																																																																																	
0:00:00																																																																																																	
0:00:00																																																																																																	
0:00:00																																																																																																	
0:00:00																																																																																																	
0:00:00																																																																																																	
0:00:00																																																																																																	
0:00:00																																																																																																	
0:00:00																																																																																																	
0:00:00																																																																																																	
0:00:00																																																																																																	

Results
	1	2	3	4	5	6	7	8	9	10	11	12
A	-0.148	0.031	-0.001	-0.016	-0.028	0.022	-0.019	-0.020	-0.013	-0.063	0.194	0.128	Max V [578]
	0.742	0.957	0.942	0.967	0.863	0.888	0.953	0.975	0.788	0.965	0.995	0.988	R-Squared [578]
	2:01:06	2:01:06	18:01:13	17:01:13	9:01:10	2:01:06	13:01:12	18:01:13	2:01:06	2:01:06	4:01:06	14:01:12	t at Max V [578]
	?????	?????	11:26:53	15:56:12	9:36:57	?????	11:40:08	9:30:10	?????	?????	0:05:24	9:25:30	Lagtime [578]
B	0.493	0.344	0.119	0.072	0.102	0.076	0.105	0.125	0.389	-0.134	0.170	0.046	Max V [578]
	0.989	0.990	0.981	0.974	0.932	0.871	0.883	0.847	0.923	0.983	0.970	0.991	R-Squared [578]
	20:01:14	20:01:14	9:01:10	20:01:14	20:01:14	9:01:10	8:01:09	2:01:06	20:01:14	2:01:06	3:01:06	2:01:06	t at Max V [578]
	11:28:50	12:11:57	3:40:49	6:29:34	5:07:47	5:37:10	5:28:05	?????	18:49:45	?????	0:36:20	?????	Lagtime [578]
C	0.477	0.396	0.357	0.292	0.213	0.196	0.305	0.406	0.255	-0.091	0.633	0.672	Max V [578]
	0.995	0.985	0.978	0.964	0.945	0.912	0.987	0.957	0.868	0.972	0.992	0.961	R-Squared [578]
	2:01:06	8:01:09	20:01:14	19:01:14	9:01:10	9:01:10	2:01:06	2:01:06	20:01:14	2:01:06	2:01:06	2:01:06	t at Max V [578]
	?????	1:46:01	11:27:33	8:58:59	4:00:46	5:52:33	?????	?????	19:43:54	0:07:39	0:01:43	?????	Lagtime [578]
D	-0.196	-0.037	-0.028	-0.029	0.033	0.080	0.058	0.067	-0.008	-0.038	0.316	0.389	Max V [578]
	0.942	0.985	0.882	0.943	0.953	0.947	0.916	0.928	0.989	0.981	0.941	0.990	R-Squared [578]
	2:01:06	12:01:11	13:01:12	13:01:12	4:01:06	2:01:06	2:01:06	3:01:06	19:01:14	2:01:06	2:01:06	2:01:06	t at Max V [578]
	?????	11:49:56	16:45:04	15:21:32	1:06:52	0:03:35	?????	?????	14:03:36	0:03:11	?????	?????	Lagtime [578]
E	0.625	0.112	-0.001	0.017	0.012	0.025	0.149	0.182	-0.028	0.161	0.110	0.265	Max V [578]
	0.997	0.952	0.727	0.881	0.890	0.869	0.993	0.973	0.952	0.995	0.905	0.939	R-Squared [578]
	5:01:07	20:01:14	2:01:06	4:01:06	16:01:12	2:01:06	2:01:06	2:01:06	19:01:14	20:01:14	2:01:06	10:01:10	t at Max V [578]
	0:10:00	14:27:57	?????	2:12:51	17:38:12	0:25:15	?????	?????	21:26:14	20:35:01	?????	6:09:48	Lagtime [578]
F	-0.001	-0.001	-0.001	-0.002	-0.003	-0.004	-0.001	-0.001	-0.001	-0.001	-0.001	-0.001	Max V [578]
	0.723	0.880	0.750	0.703	0.870	0.968	0.750	0.600	0.721	0.500	0.810	0.692	R-Squared [578]
	18:01:13	16:01:12	12:01:11	2:01:06	2:01:06	17:01:13	17:01:13	11:01:10	19:01:14	18:01:13	18:01:13	17:01:13	t at Max V [578]
	13:07:51	10:01:09	6:14:29	?????	?????	4:44:47	11:41:12	7:41:08	15:01:12	11:31:11	13:34:31	16:01:12	Lagtime [578]
G	-0.002	-0.001	-0.001	-0.001	-0.001	-0.001	-0.005	-0.001	-0.001	-0.001	-0.001	-0.001	Max V [578]
	0.939	0.920	0.750	0.893	0.817	0.571	0.956	0.533	0.692	0.750	0.727	0.880	R-Squared [578]
	2:01:06	18:01:13	13:01:12	20:01:14	16:01:12	11:01:10	5:01:07	2:01:06	11:01:10	12:01:11	8:01:09	18:01:13	t at Max V [578]
	?????	11:34:31	6:01:09	12:25:11	13:09:45	9:01:09	2:09:40	?????	10:21:10	3:21:09	4:01:06	16:14:32	Lagtime [578]
H	-0.001	-0.001	-0.001	0.018	-0.002	-0.001	-0.001	0.001	-0.001	-0.002	0.017	-0.001	Max V [578]
	0.889	0.692	0.721	0.486	0.900	0.529	0.490	0.625	0.593	0.644	0.726	0.942	R-Squared [578]
	18:01:13	2:01:06	17:01:13	2:01:06	12:01:11	17:01:13	17:01:13	20:01:14	18:01:13	2:01:06	7:01:08	17:01:13	t at Max V [578]
	16:16:12	?????	11:35:28	?????	7:51:10	14:01:12	11:18:20	20:01:14	10:46:11	?????	6:01:43	14:44:03	Lagtime [578]



Software Version	3.12.08



Experiment File Path:	C:\Users\Sarela\Documents\Sarela_growth_curves\Experiment20_v2_040624_2plates_Exp21_0506244_2plates.xpt
Protocol File Path:	C:\Users\Public\Documents\Protocols\New_96well_578_24H.prt



Plate Number	Plate 2
Date	6/5/2024
Time	12:18:11 PM
Reader Type:	Epoch 2
Reader Serial Number:	2202232E
Reading Type	Reader

Procedure Details

Plate Type	96 WELL PLATE
Discontinuous Kinetics	Runtime 2:00:00 (D:HH:MM), Interval 0:01:00, 49 Reads
Eject plate on completion	
Set Temperature	Setpoint 37°C, Gradient 0 °C
Shake	Double Orbital: 0:01:01 (HH:MM:SS)
	Frequency: 282 cpm (3 mm)
Read	Absorbance Endpoint
	Full Plate
	Wavelengths:  578
	Read Speed: Normal,  Delay: 100 msec,  Measurements/Data Point: 8

578

Time	T° 578	A1	A2	A3	A4	A5	A6	A7	A8	A9	A10	A11	A12	B1	B2	B3	B4	B5	B6	B7	B8	B9	B10	B11	B12	C1	C2	C3	C4	C5	C6	C7	C8	C9	C10	C11	C12	D1	D2	D3	D4	D5	D6	D7	D8	D9	D10	D11	D12	E1	E2	E3	E4	E5	E6	E7	E8	E9	E10	E11	E12	F1	F2	F3	F4	F5	F6	F7	F8	F9	F10	F11	F12	G1	G2	G3	G4	G5	G6	G7	G8	G9	G10	G11	G12	H1	H2	H3	H4	H5	H6	H7	H8	H9	H10	H11	H12
0:01:05	37.3	1.100	0.592	1.249	0.617	0.568	0.624	0.577	0.529	0.366	0.355	0.294	0.191	0.955	0.726	0.663	0.732	0.711	0.749	0.803	0.811	0.462	0.472	0.368	0.293	1.203	0.824	0.788	0.807	0.840	0.913	1.109	1.150	0.567	0.525	0.896	0.917	1.225	0.689	0.772	0.684	0.666	0.717	0.714	0.641	0.416	0.407	1.096	0.999	0.922	0.732	1.399	0.620	0.672	0.541	0.822	0.840	0.476	0.567	0.615	0.351	0.105	0.117	0.104	0.114	0.115	0.104	0.104	0.104	0.104	0.105	0.104	0.115	0.103	0.108	0.103	0.110	0.101	0.105	0.106	0.104	0.107	0.102	0.102	0.104	0.102	0.105	0.104	0.104	0.106	0.114	0.110	0.103	0.106	0.102	0.105	0.102
1:01:04	37.8	1.050	0.571	1.250	0.588	0.538	0.595	0.544	0.494	0.334	0.310	0.266	0.142	0.943	0.702	0.643	0.707	0.683	0.721	0.783	0.774	0.426	0.426	0.329	0.256	1.202	0.782	0.745	0.757	0.793	0.860	1.065	1.118	0.514	0.460	0.910	0.910	1.176	0.644	0.729	0.636	0.623	0.674	0.669	0.614	0.368	0.358	1.087	0.995	0.909	0.697	1.362	0.583	0.631	0.502	0.799	0.808	0.433	0.522	0.574	0.300	0.105	0.117	0.104	0.114	0.114	0.104	0.104	0.104	0.104	0.105	0.104	0.115	0.103	0.108	0.103	0.110	0.101	0.105	0.106	0.103	0.107	0.101	0.102	0.104	0.102	0.105	0.104	0.104	0.105	0.114	0.109	0.102	0.106	0.102	0.104	0.101
2:01:05	37.8	1.042	0.573	1.259	0.591	0.543	0.597	0.547	0.495	0.332	0.306	0.272	0.144	0.953	0.700	0.644	0.711	0.684	0.720	0.786	0.781	0.423	0.412	0.335	0.261	1.237	0.793	0.750	0.761	0.791	0.864	1.081	1.137	0.509	0.453	0.947	0.953	1.163	0.643	0.726	0.633	0.623	0.676	0.675	0.622	0.365	0.353	1.060	1.001	0.933	0.695	1.370	0.581	0.631	0.500	0.814	0.817	0.432	0.524	0.580	0.297	0.105	0.117	0.104	0.114	0.115	0.104	0.104	0.104	0.104	0.105	0.104	0.115	0.103	0.108	0.103	0.110	0.101	0.105	0.106	0.103	0.107	0.101	0.102	0.104	0.102	0.105	0.104	0.104	0.105	0.113	0.109	0.102	0.105	0.102	0.104	0.102
3:01:05	37.7	1.042	0.574	1.262	0.593	0.543	0.599	0.549	0.497	0.331	0.301	0.281	0.146	0.963	0.702	0.647	0.714	0.687	0.726	0.808	0.803	0.422	0.406	0.342	0.264	1.274	0.812	0.757	0.775	0.810	0.894	1.115	1.173	0.506	0.451	0.971	0.984	1.151	0.642	0.727	0.632	0.620	0.685	0.679	0.630	0.365	0.350	1.109	1.036	0.964	0.698	1.381	0.582	0.632	0.498	0.825	0.827	0.431	0.524	0.581	0.293	0.105	0.117	0.104	0.113	0.115	0.104	0.104	0.104	0.104	0.105	0.104	0.115	0.103	0.108	0.103	0.110	0.101	0.105	0.106	0.103	0.107	0.102	0.102	0.104	0.103	0.105	0.104	0.104	0.105	0.114	0.109	0.102	0.106	0.102	0.105	0.102
4:01:06	37.9	1.033	0.575	1.260	0.593	0.544	0.599	0.549	0.497	0.331	0.297	0.291	0.147	0.974	0.703	0.649	0.715	0.687	0.724	0.809	0.813	0.422	0.397	0.344	0.266	1.308	0.817	0.762	0.786	0.817	0.895	1.129	1.193	0.500	0.448	0.987	1.000	1.142	0.646	0.729	0.632	0.620	0.693	0.681	0.633	0.363	0.346	1.122	1.032	1.002	0.698	1.388	0.582	0.632	0.498	0.836	0.841	0.431	0.515	0.581	0.289	0.104	0.117	0.104	0.113	0.114	0.104	0.104	0.104	0.103	0.105	0.104	0.114	0.103	0.108	0.103	0.110	0.101	0.105	0.106	0.103	0.107	0.101	0.102	0.104	0.102	0.105	0.104	0.104	0.105	0.113	0.109	0.102	0.105	0.102	0.104	0.101
5:01:07	37.7	1.019	0.576	1.271	0.594	0.544	0.599	0.549	0.497	0.330	0.294	0.299	0.149	0.988	0.704	0.652	0.715	0.690	0.728	0.813	0.822	0.421	0.392	0.340	0.268	1.338	0.832	0.769	0.789	0.824	0.899	1.132	1.221	0.500	0.446	1.002	1.026	1.133	0.646	0.729	0.636	0.622	0.694	0.679	0.638	0.363	0.344	1.122	1.072	1.035	0.698	1.394	0.582	0.633	0.501	0.848	0.852	0.431	0.511	0.579	0.285	0.104	0.117	0.104	0.113	0.114	0.104	0.104	0.104	0.103	0.105	0.104	0.114	0.103	0.108	0.103	0.110	0.101	0.105	0.106	0.103	0.107	0.101	0.102	0.104	0.102	0.105	0.104	0.104	0.105	0.113	0.109	0.102	0.105	0.102	0.104	0.101
6:01:07	37.9	1.025	0.576	1.246	0.594	0.544	0.600	0.548	0.496	0.330	0.292	0.304	0.150	1.009	0.707	0.657	0.716	0.691	0.729	0.822	0.828	0.420	0.386	0.341	0.268	1.365	0.849	0.783	0.792	0.836	0.910	1.151	1.231	0.496	0.439	1.009	1.047	1.124	0.647	0.730	0.642	0.621	0.697	0.685	0.637	0.363	0.341	1.136	1.072	1.060	0.697	1.403	0.582	0.631	0.499	0.854	0.859	0.432	0.507	0.578	0.282	0.104	0.117	0.104	0.113	0.114	0.104	0.104	0.104	0.104	0.105	0.104	0.115	0.103	0.108	0.103	0.110	0.101	0.105	0.106	0.103	0.107	0.101	0.102	0.103	0.102	0.105	0.104	0.104	0.105	0.113	0.109	0.102	0.105	0.102	0.104	0.101
7:01:07	38.0	1.018	0.575	1.259	0.594	0.544	0.599	0.550	0.495	0.330	0.289	0.304	0.151	1.022	0.712	0.661	0.718	0.694	0.730	0.824	0.839	0.420	0.381	0.339	0.268	1.387	0.873	0.795	0.798	0.838	0.910	1.158	1.236	0.495	0.434	1.016	1.061	1.121	0.649	0.732	0.641	0.623	0.699	0.687	0.639	0.363	0.338	1.145	1.071	1.094	0.699	1.409	0.583	0.633	0.499	0.863	0.866	0.432	0.505	0.574	0.280	0.104	0.117	0.104	0.113	0.114	0.104	0.104	0.104	0.103	0.105	0.104	0.114	0.103	0.108	0.103	0.110	0.101	0.105	0.106	0.103	0.107	0.101	0.102	0.104	0.102	0.105	0.104	0.104	0.105	0.113	0.109	0.102	0.105	0.102	0.104	0.102
8:01:09	37.8	1.015	0.575	1.273	0.594	0.544	0.599	0.550	0.495	0.330	0.287	0.313	0.152	1.044	0.717	0.667	0.720	0.699	0.730	0.831	0.845	0.421	0.378	0.335	0.268	1.403	0.889	0.807	0.817	0.851	0.923	1.176	1.252	0.494	0.432	1.022	1.085	1.119	0.649	0.733	0.646	0.635	0.698	0.690	0.640	0.363	0.337	1.158	1.101	1.123	0.701	1.415	0.584	0.632	0.498	0.868	0.873	0.433	0.502	0.575	0.280	0.104	0.117	0.104	0.112	0.114	0.104	0.104	0.104	0.104	0.105	0.104	0.114	0.103	0.108	0.103	0.110	0.101	0.105	0.106	0.103	0.107	0.101	0.102	0.103	0.102	0.105	0.104	0.104	0.105	0.112	0.109	0.102	0.105	0.102	0.105	0.102
9:01:09	37.8	1.030	0.576	1.268	0.593	0.544	0.599	0.549	0.494	0.329	0.286	0.316	0.153	1.069	0.720	0.674	0.721	0.702	0.733	0.836	0.849	0.420	0.375	0.333	0.267	1.418	0.912	0.822	0.821	0.857	0.925	1.184	1.273	0.494	0.430	1.027	1.119	1.117	0.649	0.738	0.648	0.640	0.700	0.690	0.644	0.362	0.336	1.159	1.123	1.154	0.702	1.419	0.584	0.631	0.498	0.876	0.881	0.433	0.499	0.567	0.282	0.104	0.117	0.104	0.112	0.114	0.104	0.104	0.104	0.103	0.104	0.104	0.114	0.103	0.108	0.103	0.110	0.101	0.105	0.106	0.103	0.107	0.101	0.102	0.103	0.102	0.105	0.104	0.104	0.105	0.112	0.109	0.102	0.105	0.102	0.104	0.101
10:01:09	37.8	1.041	0.577	1.246	0.595	0.545	0.599	0.550	0.494	0.329	0.284	0.325	0.154	1.111	0.757	0.704	0.731	0.725	0.755	0.866	0.879	0.421	0.373	0.334	0.266	1.436	0.976	0.876	0.859	0.889	0.959	1.207	1.292	0.494	0.427	1.030	1.145	1.113	0.654	0.743	0.656	0.641	0.697	0.696	0.647	0.362	0.334	1.158	1.124	1.179	0.702	1.424	0.585	0.634	0.499	0.873	0.880	0.435	0.502	0.557	0.293	0.104	0.117	0.104	0.111	0.114	0.104	0.104	0.104	0.103	0.104	0.104	0.114	0.103	0.108	0.103	0.110	0.101	0.105	0.106	0.103	0.107	0.101	0.102	0.103	0.102	0.105	0.103	0.104	0.105	0.112	0.109	0.102	0.105	0.102	0.104	0.101
11:01:10	38.0	1.018	0.576	1.223	0.594	0.543	0.597	0.548	0.492	0.329	0.282	0.324	0.155	1.101	0.751	0.699	0.730	0.721	0.745	0.857	0.874	0.420	0.370	0.328	0.266	1.448	0.975	0.874	0.852	0.884	0.948	1.204	1.299	0.493	0.425	1.033	1.162	1.112	0.652	0.739	0.652	0.639	0.704	0.700	0.650	0.362	0.332	1.165	1.148	1.188	0.701	1.428	0.585	0.634	0.498	0.882	0.887	0.435	0.497	0.564	0.291	0.104	0.117	0.104	0.110	0.114	0.104	0.104	0.104	0.103	0.104	0.104	0.114	0.103	0.108	0.103	0.109	0.101	0.105	0.106	0.103	0.107	0.101	0.102	0.103	0.102	0.105	0.103	0.104	0.105	0.111	0.109	0.102	0.105	0.102	0.104	0.101
12:01:10	38.2	1.018	0.575	1.192	0.593	0.543	0.596	0.547	0.491	0.328	0.281	0.318	0.155	1.112	0.751	0.702	0.731	0.722	0.743	0.856	0.872	0.420	0.369	0.323	0.265	1.454	0.996	0.882	0.850	0.891	0.948	1.196	1.301	0.493	0.428	1.037	1.184	1.113	0.652	0.739	0.650	0.643	0.701	0.698	0.648	0.362	0.331	1.175	1.147	1.193	0.700	1.435	0.586	0.634	0.496	0.889	0.889	0.436	0.493	0.562	0.295	0.104	0.117	0.104	0.110	0.114	0.104	0.104	0.104	0.104	0.105	0.104	0.114	0.103	0.108	0.103	0.110	0.101	0.105	0.106	0.103	0.107	0.101	0.102	0.104	0.102	0.105	0.103	0.104	0.105	0.111	0.109	0.102	0.105	0.102	0.105	0.102
13:01:11	38.0	1.013	0.575	1.171	0.592	0.541	0.597	0.548	0.490	0.328	0.280	0.319	0.155	1.124	0.752	0.706	0.733	0.723	0.739	0.857	0.877	0.421	0.368	0.317	0.263	1.458	1.021	0.901	0.861	0.894	0.954	1.205	1.302	0.492	0.429	1.042	1.204	1.111	0.651	0.737	0.647	0.642	0.700	0.692	0.650	0.361	0.330	1.179	1.162	1.198	0.702	1.439	0.585	0.635	0.496	0.893	0.891	0.437	0.490	0.565	0.303	0.104	0.117	0.104	0.110	0.114	0.104	0.104	0.104	0.103	0.104	0.104	0.114	0.103	0.108	0.103	0.109	0.101	0.105	0.106	0.103	0.107	0.101	0.102	0.104	0.102	0.105	0.104	0.104	0.105	0.111	0.109	0.102	0.105	0.102	0.105	0.101
14:01:11	38.0	1.030	0.573	1.182	0.592	0.540	0.596	0.548	0.490	0.327	0.279	0.319	0.155	1.148	0.759	0.713	0.734	0.725	0.738	0.856	0.876	0.418	0.366	0.312	0.262	1.466	1.051	0.923	0.878	0.909	0.964	1.209	1.311	0.491	0.429	1.045	1.215	1.113	0.651	0.736	0.650	0.643	0.702	0.693	0.649	0.361	0.329	1.181	1.188	1.213	0.702	1.442	0.585	0.638	0.495	0.896	0.894	0.437	0.489	0.560	0.311	0.104	0.117	0.104	0.110	0.114	0.104	0.104	0.104	0.103	0.104	0.104	0.114	0.103	0.107	0.103	0.109	0.101	0.105	0.106	0.103	0.107	0.101	0.102	0.103	0.102	0.105	0.103	0.104	0.105	0.111	0.109	0.102	0.105	0.102	0.104	0.101
15:01:12	38.1	1.040	0.574	1.165	0.591	0.539	0.595	0.546	0.489	0.327	0.277	0.319	0.155	1.182	0.764	0.718	0.737	0.728	0.736	0.858	0.876	0.417	0.365	0.313	0.262	1.470	1.083	0.953	0.892	0.918	0.969	1.221	1.314	0.491	0.429	1.047	1.226	1.109	0.652	0.737	0.650	0.640	0.703	0.693	0.648	0.361	0.328	1.195	1.182	1.230	0.705	1.447	0.585	0.639	0.494	0.902	0.895	0.438	0.488	0.556	0.318	0.104	0.117	0.104	0.110	0.114	0.104	0.104	0.104	0.103	0.104	0.104	0.114	0.103	0.108	0.103	0.110	0.101	0.105	0.106	0.103	0.107	0.101	0.102	0.104	0.102	0.105	0.104	0.104	0.105	0.110	0.109	0.102	0.105	0.102	0.104	0.102
16:01:12	38.2	1.043	0.573	1.127	0.590	0.539	0.593	0.545	0.488	0.326	0.277	0.320	0.154	1.212	0.772	0.725	0.740	0.734	0.735	0.861	0.878	0.417	0.364	0.315	0.261	1.476	1.116	0.978	0.911	0.932	0.974	1.221	1.319	0.490	0.428	1.050	1.240	1.113	0.652	0.735	0.655	0.640	0.705	0.693	0.645	0.360	0.327	1.197	1.169	1.243	0.706	1.451	0.587	0.641	0.493	0.904	0.893	0.439	0.488	0.553	0.322	0.104	0.117	0.104	0.109	0.114	0.104	0.104	0.104	0.103	0.104	0.104	0.114	0.103	0.108	0.103	0.109	0.101	0.105	0.106	0.103	0.107	0.101	0.101	0.103	0.102	0.105	0.104	0.104	0.105	0.110	0.108	0.102	0.105	0.102	0.104	0.101
17:01:12	38.0	1.052	0.573	1.122	0.590	0.538	0.592	0.544	0.487	0.325	0.276	0.320	0.155	1.241	0.780	0.730	0.740	0.740	0.736	0.865	0.877	0.416	0.364	0.331	0.260	1.480	1.137	1.007	0.935	0.950	0.983	1.228	1.320	0.490	0.431	1.053	1.252	1.110	0.651	0.735	0.653	0.638	0.703	0.688	0.644	0.360	0.326	1.206	1.190	1.260	0.710	1.456	0.589	0.643	0.493	0.905	0.894	0.441	0.487	0.549	0.329	0.104	0.117	0.104	0.109	0.114	0.104	0.104	0.104	0.103	0.104	0.104	0.114	0.103	0.108	0.103	0.109	0.101	0.105	0.106	0.103	0.107	0.101	0.102	0.103	0.103	0.105	0.104	0.104	0.105	0.110	0.109	0.102	0.105	0.102	0.104	0.101
18:01:12	38.0	1.047	0.576	1.083	0.589	0.537	0.590	0.544	0.486	0.325	0.275	0.316	0.154	1.262	0.790	0.736	0.743	0.743	0.734	0.868	0.878	0.415	0.364	0.344	0.260	1.485	1.166	1.031	0.953	0.960	0.992	1.234	1.331	0.496	0.432	1.057	1.267	1.106	0.650	0.735	0.653	0.637	0.703	0.686	0.644	0.360	0.325	1.198	1.201	1.278	0.714	1.459	0.589	0.645	0.491	0.907	0.890	0.444	0.495	0.545	0.336	0.104	0.117	0.104	0.109	0.114	0.104	0.104	0.104	0.103	0.104	0.104	0.114	0.103	0.108	0.103	0.109	0.101	0.105	0.106	0.103	0.107	0.101	0.102	0.103	0.102	0.105	0.103	0.104	0.105	0.110	0.108	0.102	0.105	0.102	0.105	0.101
19:01:13	37.9	1.047	0.578	1.040	0.588	0.536	0.590	0.542	0.485	0.327	0.274	0.315	0.153	1.288	0.797	0.740	0.744	0.745	0.734	0.871	0.877	0.414	0.363	0.346	0.259	1.491	1.188	1.055	0.967	0.976	0.999	1.242	1.341	0.513	0.434	1.061	1.277	1.108	0.650	0.732	0.653	0.640	0.696	0.690	0.642	0.359	0.324	1.208	1.203	1.296	0.718	1.464	0.590	0.645	0.492	0.907	0.888	0.448	0.494	0.542	0.333	0.104	0.117	0.104	0.109	0.114	0.104	0.104	0.104	0.103	0.104	0.104	0.114	0.103	0.108	0.103	0.109	0.101	0.105	0.106	0.103	0.107	0.101	0.102	0.103	0.102	0.105	0.103	0.104	0.105	0.110	0.108	0.102	0.105	0.102	0.104	0.101
20:01:14	38.2	1.053	0.576	0.967	0.588	0.534	0.587	0.542	0.483	0.321	0.273	0.314	0.152	1.309	0.808	0.748	0.748	0.746	0.734	0.874	0.878	0.414	0.362	0.349	0.259	1.497	1.218	1.075	0.987	0.991	1.007	1.242	1.339	0.531	0.436	1.064	1.287	1.105	0.648	0.734	0.652	0.637	0.692	0.690	0.640	0.359	0.323	1.208	1.220	1.313	0.720	1.466	0.591	0.645	0.489	0.908	0.888	0.458	0.498	0.537	0.341	0.104	0.117	0.104	0.109	0.114	0.104	0.104	0.104	0.103	0.104	0.104	0.114	0.103	0.108	0.103	0.109	0.101	0.105	0.106	0.103	0.107	0.101	0.101	0.103	0.102	0.105	0.103	0.104	0.105	0.110	0.108	0.102	0.105	0.102	0.104	0.101
21:01:14	37.3	1.058	0.571	0.910	0.587	0.534	0.586	0.541	0.483	0.321	0.273	0.313	0.152	1.331	0.817	0.758	0.750	0.751	0.735	0.878	0.879	0.423	0.362	0.351	0.259	1.503	1.239	1.092	1.007	1.014	1.019	1.245	1.337	0.550	0.440	1.069	1.302	1.108	0.649	0.733	0.652	0.638	0.691	0.685	0.639	0.358	0.322	1.217	1.238	1.333	0.728	1.473	0.594	0.646	0.490	0.908	0.887	0.467	0.502	0.534	0.343	0.104	0.117	0.104	0.109	0.114	0.104	0.104	0.104	0.103	0.104	0.104	0.114	0.103	0.108	0.103	0.109	0.101	0.105	0.106	0.103	0.107	0.101	0.102	0.103	0.102	0.105	0.103	0.104	0.105	0.110	0.108	0.102	0.105	0.102	0.104	0.102
22:01:14	37.1	1.062	0.570	0.863	0.586	0.534	0.587	0.542	0.482	0.320	0.273	0.316	0.151	1.356	0.831	0.764	0.754	0.757	0.742	0.890	0.881	0.438	0.362	0.349	0.261	1.514	1.269	1.111	1.027	1.045	1.039	1.259	1.347	0.572	0.446	1.068	1.304	1.113	0.649	0.732	0.653	0.638	0.691	0.687	0.640	0.358	0.322	1.215	1.221	1.355	0.735	1.480	0.598	0.652	0.492	0.915	0.891	0.516	0.502	0.530	0.346	0.104	0.117	0.104	0.109	0.114	0.104	0.104	0.104	0.103	0.104	0.104	0.114	0.103	0.108	0.103	0.109	0.101	0.105	0.106	0.103	0.107	0.101	0.101	0.103	0.102	0.105	0.103	0.104	0.105	0.110	0.108	0.102	0.105	0.102	0.104	0.101
0:00:00																																																																																																	
0:00:00																																																																																																	
0:00:00																																																																																																	
0:00:00																																																																																																	
0:00:00																																																																																																	
0:00:00																																																																																																	
0:00:00																																																																																																	
0:00:00																																																																																																	
0:00:00																																																																																																	
0:00:00																																																																																																	
0:00:00																																																																																																	
0:00:00																																																																																																	
0:00:00																																																																																																	
0:00:00																																																																																																	
0:00:00																																																																																																	
0:00:00																																																																																																	
0:00:00																																																																																																	
0:00:00																																																																																																	
0:00:00																																																																																																	
0:00:00																																																																																																	
0:00:00																																																																																																	
0:00:00																																																																																																	
0:00:00																																																																																																	
0:00:00																																																																																																	
0:00:00																																																																																																	
0:00:00																																																																																																	

Results
	1	2	3	4	5	6	7	8	9	10	11	12
A	-0.238	-0.051	-0.952	-0.071	-0.071	-0.078	-0.084	-0.104	-0.122	-0.210	0.144	-0.139	Max V [578]
	0.707	0.309	0.994	0.330	0.331	0.373	0.344	0.427	0.565	0.701	0.994	0.417	R-Squared [578]
	2:01:06	2:01:06	20:01:13	2:01:06	2:01:06	2:01:06	2:01:06	2:01:06	2:01:06	2:01:06	3:01:06	2:01:06	t at Max V [578]
	?????	?????	15:10:33	?????	?????	?????	?????	?????	?????	?????	4:24:15	?????	Lagtime [578]
B	0.496	0.199	0.188	0.061	0.134	0.092	0.167	0.212	-0.140	-0.284	0.158	-0.077	Max V [578]
	0.998	0.803	0.853	0.859	0.830	0.630	0.805	0.971	0.572	0.824	0.935	0.247	R-Squared [578]
	15:01:12	9:01:09	9:01:09	9:01:09	9:01:09	9:01:09	9:01:09	3:01:06	2:01:06	2:01:06	17:01:13	2:01:06	t at Max V [578]
	7:24:38	8:33:06	7:27:01	11:17:37	9:20:06	10:54:01	5:04:49	3:58:03	?????	?????	21:03:45	?????	Lagtime [578]
C	0.569	0.503	0.450	0.321	0.347	0.191	0.306	0.434	0.315	-0.270	0.404	0.467	Max V [578]
	0.999	0.998	0.999	0.993	0.975	0.947	0.928	0.991	0.998	0.631	0.979	0.971	R-Squared [578]
	3:01:06	14:01:11	16:01:12	16:01:12	20:01:13	20:01:13	3:01:06	3:01:06	20:01:13	2:01:06	2:01:06	3:01:06	t at Max V [578]
	1:00:47	6:25:05	8:57:10	10:28:34	12:27:28	11:28:00	3:18:29	2:19:13	21:52:25	?????	0:06:37	0:57:23	Lagtime [578]
D	-0.318	-0.147	-0.149	-0.181	-0.158	0.091	-0.092	0.097	-0.180	-0.218	0.275	0.309	Max V [578]
	0.858	0.478	0.503	0.565	0.556	0.939	0.254	0.969	0.563	0.679	0.790	0.894	R-Squared [578]
	2:01:06	2:01:06	2:01:06	2:01:06	2:01:06	3:01:06	2:01:06	3:01:06	2:01:06	2:01:06	4:01:06	3:01:06	t at Max V [578]
	?????	?????	?????	?????	?????	8:54:47	?????	5:16:35	?????	?????	3:09:20	1:30:50	Lagtime [578]
E	0.545	-0.111	0.137	-0.130	-0.132	-0.148	0.198	0.183	0.270	-0.169	-0.102	-0.217	Max V [578]
	0.996	0.461	0.991	0.519	0.488	0.579	0.997	0.994	0.787	0.593	0.353	0.656	R-Squared [578]
	4:01:06	2:01:06	3:01:06	2:01:06	2:01:06	2:01:06	3:01:06	3:01:06	20:01:13	2:01:06	2:01:06	2:01:06	t at Max V [578]
	1:41:08	?????	5:27:15	?????	?????	?????	2:48:23	4:00:04	20:35:05	?????	?????	?????	Lagtime [578]
F	-0.002	-0.001	-0.001	-0.010	-0.001	-0.001	-0.001	-0.001	-0.001	-0.002	-0.001	-0.002	Max V [578]
	0.925	0.696	0.692	0.956	0.529	0.880	0.893	0.750	0.721	0.926	0.817	0.900	R-Squared [578]
	4:01:06	20:01:13	5:01:06	9:01:09	14:01:11	8:01:08	14:01:11	2:01:06	2:01:06	14:01:11	20:01:13	14:01:11	t at Max V [578]
	1:35:22	14:16:10	2:21:05	4:41:26	9:21:08	5:21:07	7:37:08	?????	0:52:31	8:49:08	10:01:08	8:11:08	Lagtime [578]
G	-0.001	-0.001	-0.001	-0.002	-0.001	-0.001	-0.001	-0.001	-0.001	-0.001	-0.001	0.001	Max V [578]
	0.696	0.408	0.750	0.893	0.625	0.417	0.800	0.800	0.889	0.500	0.408	0.481	R-Squared [578]
	2:01:06	2:01:06	9:01:09	5:01:06	9:01:09	10:01:10	2:01:06	2:01:06	4:01:06	5:01:06	2:01:06	11:01:10	t at Max V [578]
	?????	?????	3:41:06	2:25:05	3:01:05	4:01:08	?????	?????	1:01:04	?????	?????	14:13:11	Lagtime [578]
H	-0.001	-0.001	-0.001	-0.001	-0.001	-0.005	-0.002	-0.001	-0.002	-0.001	-0.001	-0.001	Max V [578]
	0.692	0.368	0.920	0.521	0.800	0.997	0.781	0.920	0.703	0.521	0.817	0.557	R-Squared [578]
	19:01:13	18:01:13	17:01:13	5:01:06	2:01:06	10:01:10	2:01:06	5:01:06	2:01:06	5:01:06	5:01:06	14:01:11	t at Max V [578]
	18:01:12	12:25:11	13:27:51	?????	?????	3:10:13	?????	1:27:45	?????	1:25:05	2:09:39	11:26:53	Lagtime [578]



Software Version	3.12.08



Experiment File Path:	C:\Users\Sarela\Documents\Sarela_growth_curves\Experiment20_v2_040624_2plates_Exp21_0506244_2plates.xpt
Protocol File Path:	C:\Users\Public\Documents\Protocols\New_96well_578_24H.prt



Plate Number	Plate 3
Date	6/5/2024
Time	12:20:34 PM
Reader Type:	Epoch 2
Reader Serial Number:	2202232E
Reading Type	Reader

Procedure Details

Plate Type	96 WELL PLATE
Discontinuous Kinetics	Runtime 2:00:00 (D:HH:MM), Interval 0:01:00, 49 Reads
Eject plate on completion	
Set Temperature	Setpoint 37°C, Gradient 0 °C
Shake	Double Orbital: 0:01:01 (HH:MM:SS)
	Frequency: 282 cpm (3 mm)
Read	Absorbance Endpoint
	Full Plate
	Wavelengths:  578
	Read Speed: Normal,  Delay: 100 msec,  Measurements/Data Point: 8

578

Time	T° 578	A1	A2	A3	A4	A5	A6	A7	A8	A9	A10	A11	A12	B1	B2	B3	B4	B5	B6	B7	B8	B9	B10	B11	B12	C1	C2	C3	C4	C5	C6	C7	C8	C9	C10	C11	C12	D1	D2	D3	D4	D5	D6	D7	D8	D9	D10	D11	D12	E1	E2	E3	E4	E5	E6	E7	E8	E9	E10	E11	E12	F1	F2	F3	F4	F5	F6	F7	F8	F9	F10	F11	F12	G1	G2	G3	G4	G5	G6	G7	G8	G9	G10	G11	G12	H1	H2	H3	H4	H5	H6	H7	H8	H9	H10	H11	H12
0:01:05	37.3	0.108	0.105	0.099	0.100	0.101	0.102	0.099	0.100	0.105	0.101	0.100	0.097	0.109	0.104	0.112	0.112	0.109	0.110	0.108	0.108	0.116	0.108	0.105	0.100	0.108	0.107	0.098	0.107	0.109	0.108	0.107	0.106	0.099	0.106	0.098	0.098	0.100	0.104	0.103	0.114	0.113	0.107	0.101	0.106	0.101	0.099	0.097	0.101	0.105	0.109	0.111	0.111	0.114	0.114	0.109	0.107	0.104	0.110	0.107	0.102	0.101	0.123	0.105	0.105	0.108	0.100	0.105	0.102	0.104	0.099	0.098	0.110	0.114	0.108	0.126	0.104	0.103	0.105	0.108	0.106	0.101	0.096	0.094	0.099	0.121	0.128	0.108	0.106	0.106	0.097	0.105	0.099	0.101	0.100	0.098	0.098
1:01:05	37.7	0.107	0.104	0.099	0.100	0.101	0.102	0.099	0.100	0.104	0.101	0.100	0.097	0.108	0.104	0.111	0.111	0.109	0.109	0.107	0.107	0.115	0.107	0.105	0.100	0.107	0.107	0.098	0.106	0.109	0.108	0.106	0.107	0.099	0.105	0.098	0.098	0.101	0.103	0.103	0.112	0.113	0.107	0.101	0.105	0.101	0.099	0.097	0.101	0.104	0.108	0.110	0.110	0.114	0.114	0.108	0.107	0.104	0.109	0.106	0.102	0.101	0.122	0.104	0.105	0.108	0.100	0.104	0.102	0.104	0.099	0.098	0.109	0.115	0.107	0.125	0.103	0.102	0.105	0.106	0.104	0.100	0.095	0.095	0.098	0.120	0.127	0.108	0.106	0.106	0.097	0.105	0.100	0.101	0.100	0.098	0.098
2:01:05	37.7	0.110	0.104	0.100	0.100	0.102	0.102	0.100	0.101	0.105	0.102	0.101	0.097	0.108	0.104	0.111	0.111	0.108	0.109	0.107	0.107	0.115	0.107	0.105	0.099	0.108	0.108	0.100	0.108	0.111	0.109	0.108	0.108	0.101	0.106	0.100	0.098	0.102	0.104	0.104	0.113	0.114	0.108	0.102	0.106	0.102	0.101	0.098	0.101	0.104	0.108	0.110	0.110	0.113	0.113	0.108	0.107	0.104	0.109	0.106	0.102	0.102	0.124	0.106	0.106	0.109	0.102	0.106	0.104	0.105	0.100	0.099	0.110	0.115	0.106	0.125	0.103	0.102	0.104	0.106	0.104	0.100	0.095	0.095	0.098	0.121	0.128	0.110	0.108	0.107	0.099	0.105	0.101	0.102	0.101	0.099	0.098
3:01:06	37.7	0.116	0.107	0.102	0.104	0.105	0.105	0.102	0.103	0.107	0.104	0.103	0.098	0.108	0.104	0.111	0.111	0.108	0.109	0.107	0.107	0.114	0.107	0.105	0.100	0.114	0.112	0.104	0.112	0.116	0.114	0.112	0.113	0.105	0.111	0.103	0.100	0.106	0.106	0.106	0.115	0.116	0.111	0.104	0.109	0.104	0.103	0.100	0.102	0.104	0.108	0.110	0.110	0.113	0.113	0.108	0.107	0.104	0.109	0.106	0.101	0.109	0.129	0.111	0.110	0.114	0.107	0.110	0.108	0.109	0.104	0.102	0.110	0.114	0.106	0.125	0.104	0.102	0.104	0.106	0.103	0.096	0.095	0.094	0.098	0.127	0.131	0.113	0.111	0.111	0.102	0.109	0.104	0.106	0.104	0.101	0.099
4:01:07	37.8	0.155	0.120	0.115	0.117	0.118	0.115	0.110	0.112	0.116	0.113	0.108	0.100	0.108	0.104	0.111	0.111	0.108	0.109	0.107	0.107	0.114	0.107	0.105	0.100	0.139	0.128	0.119	0.129	0.132	0.129	0.126	0.129	0.117	0.124	0.114	0.102	0.124	0.117	0.116	0.124	0.127	0.124	0.115	0.119	0.112	0.111	0.107	0.103	0.104	0.107	0.110	0.110	0.113	0.113	0.108	0.107	0.104	0.108	0.106	0.102	0.139	0.145	0.128	0.124	0.133	0.124	0.127	0.123	0.122	0.115	0.110	0.112	0.114	0.105	0.125	0.107	0.102	0.104	0.106	0.103	0.096	0.096	0.094	0.098	0.162	0.146	0.125	0.124	0.125	0.116	0.124	0.117	0.116	0.112	0.106	0.100
5:01:07	37.7	0.225	0.166	0.166	0.170	0.169	0.156	0.145	0.152	0.155	0.143	0.123	0.103	0.108	0.104	0.111	0.111	0.108	0.109	0.107	0.107	0.114	0.107	0.105	0.099	0.215	0.179	0.175	0.187	0.189	0.183	0.176	0.195	0.173	0.196	0.151	0.109	0.184	0.156	0.155	0.159	0.168	0.165	0.155	0.173	0.149	0.150	0.127	0.106	0.104	0.107	0.110	0.110	0.113	0.113	0.108	0.107	0.103	0.108	0.106	0.102	0.216	0.200	0.188	0.173	0.259	0.193	0.199	0.187	0.189	0.164	0.130	0.115	0.115	0.105	0.125	0.105	0.102	0.104	0.105	0.103	0.096	0.096	0.094	0.098	0.213	0.202	0.168	0.166	0.171	0.163	0.180	0.153	0.150	0.141	0.121	0.101
6:01:08	37.8	0.357	0.294	0.316	0.321	0.314	0.271	0.244	0.275	0.298	0.227	0.160	0.107	0.108	0.104	0.111	0.111	0.108	0.109	0.106	0.106	0.114	0.107	0.105	0.099	0.361	0.337	0.344	0.369	0.369	0.340	0.321	0.481	0.395	0.425	0.255	0.128	0.282	0.277	0.279	0.266	0.295	0.293	0.318	0.381	0.390	0.338	0.190	0.114	0.104	0.106	0.110	0.110	0.113	0.113	0.108	0.106	0.103	0.108	0.106	0.101	0.370	0.372	0.366	0.313	0.594	0.402	0.471	0.525	0.613	0.467	0.226	0.120	0.114	0.105	0.124	0.103	0.102	0.104	0.105	0.103	0.096	0.096	0.094	0.097	0.331	0.359	0.286	0.286	0.308	0.311	0.351	0.429	0.336	0.299	0.153	0.104
7:01:08	37.8	0.599	0.524	0.578	0.576	0.564	0.476	0.442	0.516	0.544	0.374	0.233	0.113	0.108	0.104	0.111	0.111	0.108	0.109	0.107	0.106	0.114	0.107	0.105	0.099	0.607	0.594	0.647	0.639	0.668	0.604	0.576	0.825	0.706	0.621	0.381	0.171	0.478	0.476	0.508	0.475	0.534	0.558	0.629	0.626	0.671	0.535	0.342	0.147	0.104	0.106	0.110	0.110	0.113	0.113	0.108	0.106	0.103	0.108	0.106	0.101	0.635	0.627	0.607	0.533	0.931	0.694	0.786	0.907	0.875	0.664	0.399	0.140	0.114	0.105	0.124	0.103	0.102	0.104	0.105	0.103	0.096	0.096	0.094	0.097	0.547	0.604	0.492	0.494	0.563	0.555	0.635	0.788	0.610	0.546	0.257	0.108
8:01:09	37.8	0.756	0.700	0.785	0.775	0.797	0.689	0.676	0.748	0.769	0.533	0.324	0.146	0.108	0.104	0.111	0.111	0.108	0.109	0.106	0.106	0.114	0.107	0.105	0.099	0.818	0.799	0.857	0.870	0.926	0.844	0.872	1.118	0.963	0.773	0.473	0.218	0.650	0.666	0.724	0.670	0.787	0.835	0.916	0.882	0.917	0.703	0.459	0.222	0.104	0.106	0.109	0.110	0.113	0.113	0.108	0.107	0.103	0.108	0.106	0.101	0.862	0.832	0.811	0.748	1.165	0.933	1.050	1.194	1.099	0.808	0.516	0.212	0.115	0.105	0.124	0.103	0.102	0.104	0.105	0.103	0.096	0.096	0.094	0.097	0.714	0.784	0.664	0.667	0.784	0.767	0.881	1.054	0.861	0.722	0.394	0.115
9:01:09	37.8	0.875	0.807	0.935	0.959	1.034	1.005	1.127	1.045	1.047	0.731	0.422	0.195	0.108	0.103	0.111	0.111	0.108	0.109	0.106	0.106	0.114	0.106	0.104	0.099	0.994	0.900	1.004	0.990	1.123	0.997	1.111	1.295	1.136	0.907	0.560	0.258	0.725	0.737	0.827	0.753	0.983	1.087	1.233	1.044	1.173	0.867	0.595	0.291	0.104	0.106	0.109	0.110	0.113	0.112	0.107	0.106	0.103	0.108	0.106	0.101	1.094	0.900	0.902	0.856	1.196	1.080	1.236	1.336	1.246	0.952	0.609	0.271	0.114	0.105	0.124	0.103	0.102	0.104	0.105	0.102	0.096	0.096	0.095	0.097	0.817	0.832	0.726	0.724	0.892	0.888	1.069	1.209	1.155	0.903	0.533	0.157
10:01:10	37.8	1.024	0.956	1.067	1.069	1.138	1.177	1.288	1.381	1.220	0.913	0.528	0.253	0.108	0.104	0.111	0.110	0.108	0.109	0.106	0.106	0.114	0.106	0.104	0.099	1.185	0.961	1.082	1.044	1.203	1.173	1.319	1.420	1.259	1.092	0.670	0.316	0.877	0.813	0.957	0.853	1.131	1.243	1.421	1.222	1.305	1.041	0.755	0.383	0.104	0.105	0.109	0.110	0.113	0.112	0.107	0.106	0.103	0.108	0.106	0.101	1.235	0.937	0.938	0.922	1.186	1.232	1.388	1.450	1.346	1.108	0.697	0.328	0.114	0.105	0.124	0.103	0.102	0.104	0.104	0.102	0.096	0.095	0.095	0.097	0.948	0.833	0.744	0.751	0.944	0.980	1.276	1.329	1.313	1.058	0.662	0.192
11:01:11	38.0	1.125	1.052	1.140	1.136	1.208	1.234	1.314	1.421	1.286	1.029	0.586	0.262	0.108	0.104	0.111	0.111	0.108	0.109	0.106	0.106	0.114	0.106	0.105	0.099	1.272	1.050	1.120	1.091	1.232	1.237	1.372	1.458	1.356	1.176	0.713	0.353	1.051	0.933	1.061	0.993	1.198	1.295	1.442	1.351	1.365	1.095	0.828	0.460	0.104	0.105	0.109	0.110	0.113	0.113	0.107	0.106	0.103	0.108	0.106	0.101	1.306	1.021	1.035	1.032	1.217	1.295	1.414	1.509	1.426	1.185	0.780	0.420	0.114	0.105	0.124	0.103	0.102	0.104	0.104	0.102	0.096	0.095	0.095	0.097	1.092	0.860	0.779	0.793	0.990	1.056	1.317	1.437	1.407	1.183	0.794	0.274
12:01:11	38.1	1.205	1.115	1.187	1.192	1.240	1.265	1.347	1.420	1.310	1.098	0.638	0.300	0.108	0.104	0.111	0.110	0.108	0.109	0.106	0.106	0.114	0.106	0.104	0.099	1.320	1.100	1.155	1.119	1.262	1.284	1.397	1.448	1.405	1.237	0.774	0.401	1.145	1.022	1.120	1.075	1.234	1.324	1.448	1.373	1.377	1.141	0.895	0.552	0.104	0.105	0.109	0.110	0.113	0.112	0.107	0.106	0.103	0.108	0.106	0.101	1.351	1.073	1.100	1.103	1.248	1.328	1.425	1.509	1.445	1.235	0.859	0.509	0.114	0.105	0.124	0.103	0.102	0.104	0.103	0.102	0.096	0.096	0.095	0.097	1.177	0.877	0.832	0.839	1.022	1.091	1.309	1.455	1.427	1.231	0.876	0.360
13:01:11	38.1	1.266	1.157	1.216	1.230	1.275	1.292	1.366	1.424	1.321	1.157	0.699	0.344	0.108	0.104	0.111	0.111	0.108	0.109	0.106	0.106	0.114	0.106	0.105	0.099	1.362	1.147	1.187	1.156	1.288	1.303	1.409	1.454	1.417	1.271	0.830	0.458	1.226	1.089	1.165	1.134	1.270	1.341	1.452	1.371	1.375	1.181	0.946	0.647	0.104	0.105	0.109	0.110	0.113	0.113	0.107	0.106	0.103	0.108	0.106	0.102	1.386	1.121	1.139	1.153	1.270	1.346	1.431	1.506	1.441	1.258	0.907	0.577	0.114	0.105	0.124	0.103	0.102	0.104	0.103	0.102	0.096	0.096	0.094	0.097	1.242	0.905	0.873	0.884	1.049	1.121	1.317	1.455	1.422	1.257	0.937	0.435
14:01:12	38.0	1.318	1.191	1.245	1.251	1.288	1.313	1.385	1.431	1.315	1.195	0.754	0.380	0.108	0.104	0.111	0.110	0.108	0.109	0.106	0.106	0.114	0.106	0.104	0.099	1.390	1.184	1.213	1.187	1.307	1.319	1.416	1.450	1.414	1.279	0.893	0.515	1.282	1.137	1.202	1.171	1.288	1.357	1.459	1.373	1.368	1.211	0.982	0.728	0.104	0.105	0.109	0.110	0.113	0.112	0.107	0.106	0.103	0.108	0.106	0.101	1.407	1.165	1.180	1.181	1.289	1.365	1.441	1.500	1.441	1.268	0.935	0.643	0.114	0.104	0.124	0.103	0.102	0.104	0.103	0.102	0.096	0.095	0.095	0.097	1.290	0.942	0.919	0.927	1.069	1.137	1.326	1.452	1.423	1.268	0.972	0.501
15:01:12	38.0	1.348	1.219	1.264	1.278	1.312	1.331	1.401	1.446	1.320	1.219	0.817	0.420	0.108	0.104	0.111	0.111	0.108	0.108	0.106	0.106	0.114	0.106	0.105	0.099	1.402	1.213	1.234	1.211	1.325	1.340	1.426	1.459	1.417	1.280	0.926	0.566	1.318	1.171	1.225	1.196	1.304	1.368	1.471	1.371	1.372	1.230	1.013	0.826	0.104	0.105	0.109	0.110	0.113	0.112	0.107	0.106	0.103	0.107	0.106	0.101	1.416	1.186	1.206	1.214	1.307	1.377	1.449	1.500	1.442	1.278	0.950	0.704	0.114	0.104	0.124	0.103	0.102	0.104	0.102	0.102	0.096	0.095	0.094	0.097	1.320	0.971	0.943	0.961	1.088	1.158	1.334	1.459	1.425	1.272	0.978	0.560
16:01:12	38.2	1.367	1.237	1.287	1.296	1.330	1.349	1.416	1.461	1.331	1.231	0.888	0.465	0.108	0.104	0.111	0.111	0.108	0.109	0.106	0.106	0.114	0.106	0.105	0.099	1.408	1.236	1.254	1.227	1.337	1.351	1.433	1.466	1.420	1.282	0.955	0.609	1.346	1.198	1.243	1.221	1.318	1.381	1.478	1.385	1.381	1.253	1.040	0.907	0.104	0.105	0.109	0.110	0.113	0.112	0.107	0.106	0.103	0.107	0.106	0.102	1.428	1.217	1.229	1.239	1.322	1.386	1.459	1.503	1.450	1.286	0.967	0.772	0.114	0.104	0.123	0.103	0.102	0.104	0.102	0.102	0.096	0.095	0.094	0.096	1.347	0.995	0.968	0.989	1.103	1.170	1.341	1.465	1.424	1.279	0.988	0.615
17:01:13	38.0	1.381	1.264	1.307	1.315	1.349	1.372	1.431	1.479	1.341	1.243	0.917	0.501	0.108	0.103	0.111	0.110	0.107	0.108	0.106	0.106	0.114	0.106	0.104	0.099	1.415	1.249	1.267	1.255	1.348	1.362	1.440	1.476	1.429	1.289	0.971	0.649	1.371	1.221	1.265	1.241	1.337	1.391	1.488	1.399	1.385	1.266	1.055	0.978	0.104	0.105	0.109	0.109	0.113	0.112	0.106	0.106	0.103	0.106	0.106	0.101	1.430	1.227	1.243	1.253	1.333	1.395	1.463	1.508	1.456	1.298	0.986	0.832	0.114	0.104	0.123	0.103	0.102	0.104	0.102	0.102	0.096	0.095	0.094	0.097	1.357	1.022	1.000	1.015	1.121	1.183	1.350	1.475	1.432	1.285	1.000	0.653
18:01:13	38.0	1.402	1.285	1.327	1.338	1.367	1.388	1.446	1.493	1.353	1.252	0.946	0.535	0.108	0.103	0.111	0.110	0.108	0.108	0.106	0.106	0.114	0.106	0.104	0.099	1.419	1.270	1.279	1.255	1.359	1.370	1.448	1.487	1.437	1.299	0.982	0.691	1.389	1.242	1.285	1.266	1.350	1.408	1.499	1.417	1.394	1.285	1.073	1.020	0.104	0.105	0.109	0.110	0.113	0.112	0.106	0.106	0.103	0.106	0.106	0.101	1.435	1.242	1.260	1.267	1.342	1.403	1.471	1.515	1.465	1.305	1.004	0.890	0.114	0.104	0.123	0.103	0.102	0.104	0.102	0.102	0.095	0.095	0.094	0.096	1.366	1.035	1.014	1.033	1.138	1.195	1.357	1.483	1.437	1.290	1.017	0.691
19:01:14	37.9	1.411	1.306	1.346	1.358	1.387	1.408	1.456	1.507	1.367	1.269	0.962	0.572	0.108	0.103	0.111	0.110	0.107	0.108	0.106	0.106	0.113	0.106	0.105	0.099	1.425	1.284	1.294	1.266	1.366	1.379	1.453	1.495	1.445	1.308	0.997	0.720	1.406	1.269	1.300	1.284	1.365	1.419	1.507	1.429	1.407	1.298	1.089	1.062	0.104	0.104	0.109	0.110	0.113	0.112	0.106	0.106	0.104	0.106	0.106	0.101	1.437	1.262	1.270	1.282	1.351	1.409	1.475	1.522	1.475	1.313	1.020	0.935	0.114	0.104	0.124	0.103	0.101	0.104	0.102	0.101	0.095	0.095	0.094	0.096	1.378	1.052	1.034	1.051	1.150	1.210	1.369	1.491	1.446	1.302	1.038	0.721
20:01:14	38.1	1.420	1.322	1.366	1.371	1.401	1.419	1.468	1.518	1.377	1.276	0.984	0.598	0.108	0.104	0.111	0.110	0.108	0.108	0.106	0.106	0.114	0.106	0.105	0.099	1.433	1.301	1.308	1.286	1.376	1.386	1.461	1.503	1.455	1.314	1.025	0.752	1.416	1.282	1.319	1.302	1.381	1.433	1.515	1.441	1.421	1.313	1.097	1.092	0.104	0.104	0.109	0.109	0.113	0.112	0.106	0.106	0.103	0.106	0.106	0.101	1.441	1.281	1.280	1.291	1.357	1.418	1.483	1.530	1.484	1.319	1.038	0.981	0.114	0.104	0.123	0.103	0.102	0.104	0.102	0.101	0.095	0.095	0.094	0.096	1.388	1.065	1.050	1.068	1.163	1.221	1.376	1.500	1.454	1.305	1.054	0.749
21:01:14	37.3	1.426	1.336	1.382	1.385	1.412	1.435	1.476	1.530	1.392	1.289	0.992	0.624	0.108	0.103	0.111	0.110	0.108	0.108	0.106	0.106	0.114	0.106	0.104	0.099	1.439	1.304	1.315	1.292	1.383	1.396	1.466	1.512	1.465	1.322	1.029	0.781	1.426	1.300	1.335	1.318	1.395	1.445	1.522	1.453	1.432	1.323	1.110	1.119	0.104	0.104	0.108	0.109	0.113	0.112	0.106	0.106	0.103	0.106	0.106	0.101	1.447	1.285	1.288	1.303	1.366	1.421	1.486	1.536	1.489	1.327	1.048	1.021	0.114	0.104	0.123	0.103	0.101	0.104	0.101	0.101	0.096	0.095	0.094	0.096	1.396	1.080	1.070	1.085	1.176	1.234	1.390	1.510	1.464	1.314	1.069	0.772
22:01:14	37.1	1.437	1.351	1.388	1.395	1.422	1.442	1.482	1.536	1.403	1.299	1.006	0.639	0.108	0.103	0.111	0.110	0.107	0.108	0.106	0.106	0.113	0.106	0.104	0.099	1.445	1.318	1.321	1.301	1.388	1.401	1.468	1.517	1.471	1.324	1.034	0.798	1.435	1.313	1.347	1.329	1.404	1.451	1.525	1.460	1.441	1.328	1.115	1.125	0.104	0.104	0.109	0.110	0.113	0.112	0.106	0.106	0.103	0.106	0.106	0.101	1.450	1.297	1.295	1.310	1.372	1.425	1.488	1.540	1.494	1.327	1.058	1.042	0.114	0.104	0.123	0.102	0.101	0.104	0.101	0.100	0.095	0.095	0.095	0.097	1.404	1.095	1.082	1.096	1.188	1.246	1.397	1.515	1.470	1.319	1.078	0.782
0:00:00																																																																																																	
0:00:00																																																																																																	
0:00:00																																																																																																	
0:00:00																																																																																																	
0:00:00																																																																																																	
0:00:00																																																																																																	
0:00:00																																																																																																	
0:00:00																																																																																																	
0:00:00																																																																																																	
0:00:00																																																																																																	
0:00:00																																																																																																	
0:00:00																																																																																																	
0:00:00																																																																																																	
0:00:00																																																																																																	
0:00:00																																																																																																	
0:00:00																																																																																																	
0:00:00																																																																																																	
0:00:00																																																																																																	
0:00:00																																																																																																	
0:00:00																																																																																																	
0:00:00																																																																																																	
0:00:00																																																																																																	
0:00:00																																																																																																	
0:00:00																																																																																																	
0:00:00																																																																																																	
0:00:00																																																																																																	

Results
	1	2	3	4	5	6	7	8	9	10	11	12
A	2.833	2.812	3.348	3.388	3.688	3.901	4.619	4.569	3.909	2.879	1.541	0.679	Max V [578]
	0.987	0.987	0.991	0.995	0.993	0.993	0.976	0.993	0.996	0.997	0.995	0.999	R-Squared [578]
	7:01:08	7:01:08	7:01:08	7:01:08	7:01:08	8:01:09	8:01:09	8:01:09	8:01:09	8:01:09	8:01:09	14:01:12	t at Max V [578]
	4:20:47	4:41:23	4:44:30	4:45:23	4:52:32	5:21:48	5:38:59	5:29:32	5:09:31	5:23:22	5:29:36	7:02:00	Lagtime [578]
B	-0.001	-0.002	-0.004	-0.004	-0.004	-0.003	-0.004	-0.003	-0.005	-0.004	-0.002	-0.001	Max V [578]
	0.696	1.000	0.633	0.746	0.775	0.745	0.654	0.562	0.796	0.786	0.493	0.291	R-Squared [578]
	2:01:06	4:01:07	2:01:06	2:01:06	2:01:06	2:01:06	2:01:06	2:01:06	2:01:06	2:01:06	2:01:06	2:01:06	t at Max V [578]
	?????	1:01:05	?????	?????	?????	?????	?????	?????	?????	?????	?????	?????	Lagtime [578]
C	3.390	3.172	3.616	3.512	4.039	3.552	4.218	4.727	4.158	2.948	1.728	0.901	Max V [578]
	0.996	0.983	0.987	0.987	0.994	0.991	0.996	0.990	0.992	0.987	0.995	0.999	R-Squared [578]
	8:01:09	7:01:08	7:01:08	7:01:08	7:01:08	7:01:08	8:01:09	7:01:08	7:01:08	7:01:08	7:01:08	13:01:12	t at Max V [578]
	4:39:12	4:37:47	4:40:52	4:37:28	4:46:03	4:44:31	5:07:32	4:38:02	4:42:45	4:18:49	4:27:30	6:21:04	Lagtime [578]
D	2.414	2.582	2.982	2.652	3.536	4.048	4.682	3.739	4.292	2.998	2.305	1.512	Max V [578]
	0.980	0.980	0.985	0.981	0.990	0.991	0.994	0.995	1.000	0.998	0.997	0.999	R-Squared [578]
	7:01:08	7:01:08	7:01:08	7:01:08	7:01:08	8:01:09	8:01:09	7:01:08	7:01:08	7:01:08	8:01:09	13:01:12	t at Max V [578]
	4:30:37	4:42:19	4:48:41	4:48:52	4:56:45	5:09:12	5:09:40	4:43:17	4:50:49	4:41:16	5:20:09	7:03:21	Lagtime [578]
E	-0.001	-0.009	-0.005	-0.004	-0.004	-0.005	-0.005	-0.003	-0.002	-0.007	-0.003	-0.001	Max V [578]
	0.431	0.956	0.713	0.750	0.735	0.812	0.744	0.701	0.818	0.957	0.614	0.457	R-Squared [578]
	2:01:06	5:01:07	2:01:06	2:01:06	2:01:06	2:01:06	2:01:06	2:01:06	8:01:09	16:01:13	2:01:06	2:01:06	t at Max V [578]
	?????	1:08:01	?????	?????	?????	?????	?????	?????	?????	8:10:10	?????	?????	Lagtime [578]
F	3.744	3.100	3.122	3.003	4.560	3.841	4.421	4.943	4.398	3.194	2.081	1.319	Max V [578]
	0.995	0.973	0.982	0.988	0.983	0.990	0.993	0.977	0.968	0.971	0.989	0.994	R-Squared [578]
	7:01:08	7:01:08	7:01:08	7:01:08	6:01:08	7:01:08	7:01:08	7:01:08	6:01:08	7:01:08	7:01:08	11:01:10	t at Max V [578]
	4:38:16	4:31:36	4:30:38	4:41:22	4:09:42	4:35:14	4:35:38	4:33:48	4:12:56	4:20:51	4:47:35	7:05:45	Lagtime [578]
G	0.001	-0.009	-0.004	-0.016	0.002	-0.003	-0.008	-0.009	-0.023	0.003	-0.003	-0.004	Max V [578]
	0.533	0.892	0.936	0.807	0.939	0.575	0.912	0.754	0.806	0.950	0.876	0.810	R-Squared [578]
	12:01:11	2:01:06	2:01:06	6:01:08	11:01:10	2:01:06	12:01:11	2:01:06	2:01:06	4:01:07	16:01:13	2:01:06	t at Max V [578]
	11:09:45	?????	?????	6:19:19	17:56:37	?????	3:49:07	?????	0:20:39	6:39:02	16:20:09	?????	Lagtime [578]
H	2.652	2.811	2.492	2.497	3.196	3.178	3.845	4.561	4.222	3.244	2.238	1.299	Max V [578]
	0.987	0.964	0.976	0.974	0.984	0.989	0.994	0.984	0.995	0.996	1.000	0.998	R-Squared [578]
	7:01:08	7:01:08	7:01:08	7:01:08	7:01:08	7:01:08	7:01:08	7:01:08	7:01:08	7:01:08	9:01:10	12:01:11	t at Max V [578]
	4:28:52	4:28:51	4:36:56	4:36:38	4:44:07	4:42:41	4:46:33	4:43:37	4:57:39	4:50:52	5:48:51	8:45:16	Lagtime [578]



Software Version	3.12.08



Experiment File Path:	C:\Users\Sarela\Documents\Sarela_growth_curves\Experiment20_v2_040624_2plates_Exp21_0506244_2plates.xpt
Protocol File Path:	C:\Users\Public\Documents\Protocols\New_96well_578_24H.prt



Plate Number	Plate 4
Date	6/5/2024
Time	12:22:58 PM
Reader Type:	Epoch 2
Reader Serial Number:	2202232E
Reading Type	Reader

Procedure Details

Plate Type	96 WELL PLATE
Discontinuous Kinetics	Runtime 2:00:00 (D:HH:MM), Interval 0:01:00, 49 Reads
Eject plate on completion	
Set Temperature	Setpoint 37°C, Gradient 0 °C
Shake	Double Orbital: 0:01:01 (HH:MM:SS)
	Frequency: 282 cpm (3 mm)
Read	Absorbance Endpoint
	Full Plate
	Wavelengths:  578
	Read Speed: Normal,  Delay: 100 msec,  Measurements/Data Point: 8

578

Time	T° 578	A1	A2	A3	A4	A5	A6	A7	A8	A9	A10	A11	A12	B1	B2	B3	B4	B5	B6	B7	B8	B9	B10	B11	B12	C1	C2	C3	C4	C5	C6	C7	C8	C9	C10	C11	C12	D1	D2	D3	D4	D5	D6	D7	D8	D9	D10	D11	D12	E1	E2	E3	E4	E5	E6	E7	E8	E9	E10	E11	E12	F1	F2	F3	F4	F5	F6	F7	F8	F9	F10	F11	F12	G1	G2	G3	G4	G5	G6	G7	G8	G9	G10	G11	G12	H1	H2	H3	H4	H5	H6	H7	H8	H9	H10	H11	H12
0:01:05	37.3	0.099	0.098	0.102	0.107	0.107	0.101	0.100	0.102	0.101	0.099	0.160	0.104	0.107	0.116	0.108	0.105	0.105	0.109	0.107	0.116	0.111	0.104	0.105	0.103	0.102	0.102	0.098	0.109	0.104	0.104	0.106	0.108	0.100	0.102	0.099	0.099	0.102	0.099	0.100	0.112	0.100	0.099	0.100	0.100	0.102	0.105	0.102	0.101	0.113	0.104	0.124	0.108	0.107	0.110	0.109	0.121	0.111	0.104	0.110	0.106	0.099	0.103	0.103	0.111	0.108	0.103	0.104	0.109	0.100	0.104	0.100	0.100	0.113	0.104	0.110	0.100	0.110	0.100	0.098	0.104	0.101	0.107	0.104	0.096	0.103	0.109	0.106	0.099	0.101	0.103	0.101	0.096	0.099	0.105	0.101	0.098
1:01:05	37.7	0.099	0.097	0.102	0.107	0.107	0.101	0.100	0.101	0.102	0.100	0.168	0.104	0.107	0.112	0.107	0.105	0.104	0.108	0.107	0.114	0.110	0.104	0.104	0.103	0.102	0.102	0.099	0.109	0.105	0.103	0.107	0.108	0.100	0.102	0.100	0.099	0.102	0.099	0.100	0.111	0.101	0.100	0.100	0.100	0.102	0.105	0.101	0.101	0.112	0.104	0.123	0.107	0.107	0.109	0.108	0.120	0.111	0.103	0.109	0.106	0.099	0.103	0.103	0.110	0.108	0.103	0.104	0.108	0.101	0.104	0.101	0.100	0.112	0.102	0.110	0.100	0.109	0.099	0.098	0.102	0.100	0.105	0.102	0.096	0.104	0.107	0.105	0.099	0.102	0.103	0.101	0.096	0.099	0.105	0.100	0.098
2:01:05	37.7	0.101	0.099	0.103	0.108	0.107	0.102	0.101	0.102	0.103	0.101	0.145	0.104	0.107	0.112	0.107	0.105	0.105	0.108	0.107	0.114	0.110	0.104	0.104	0.103	0.104	0.104	0.101	0.110	0.106	0.105	0.108	0.110	0.102	0.104	0.101	0.100	0.104	0.100	0.101	0.113	0.103	0.101	0.102	0.101	0.103	0.106	0.102	0.102	0.113	0.104	0.123	0.107	0.107	0.109	0.108	0.119	0.110	0.103	0.109	0.106	0.101	0.105	0.105	0.112	0.110	0.105	0.104	0.110	0.102	0.105	0.102	0.101	0.112	0.102	0.110	0.100	0.108	0.099	0.098	0.101	0.100	0.105	0.102	0.096	0.106	0.109	0.107	0.104	0.103	0.105	0.106	0.098	0.100	0.105	0.101	0.098
3:01:05	37.6	0.107	0.102	0.107	0.111	0.110	0.105	0.104	0.105	0.105	0.103	0.150	0.104	0.107	0.112	0.107	0.105	0.104	0.108	0.107	0.114	0.109	0.104	0.104	0.103	0.112	0.110	0.106	0.114	0.112	0.110	0.113	0.114	0.108	0.109	0.106	0.102	0.110	0.103	0.104	0.115	0.106	0.104	0.105	0.104	0.107	0.109	0.105	0.102	0.113	0.104	0.122	0.107	0.107	0.109	0.108	0.119	0.110	0.103	0.109	0.106	0.112	0.111	0.111	0.118	0.116	0.109	0.108	0.114	0.106	0.109	0.105	0.102	0.111	0.101	0.110	0.100	0.108	0.099	0.098	0.100	0.100	0.104	0.101	0.096	0.114	0.112	0.111	0.113	0.108	0.109	0.110	0.101	0.103	0.107	0.103	0.099
4:01:06	37.8	0.140	0.116	0.124	0.128	0.122	0.118	0.115	0.114	0.115	0.112	0.171	0.106	0.107	0.111	0.107	0.105	0.104	0.108	0.107	0.113	0.109	0.104	0.104	0.103	0.147	0.129	0.126	0.127	0.130	0.127	0.127	0.130	0.130	0.128	0.119	0.105	0.139	0.118	0.116	0.125	0.120	0.117	0.120	0.115	0.120	0.118	0.113	0.103	0.112	0.104	0.122	0.107	0.107	0.109	0.108	0.119	0.110	0.103	0.109	0.106	0.154	0.133	0.131	0.139	0.134	0.128	0.122	0.126	0.117	0.120	0.113	0.103	0.111	0.101	0.110	0.100	0.108	0.099	0.098	0.099	0.100	0.105	0.101	0.096	0.148	0.128	0.126	0.120	0.124	0.123	0.118	0.114	0.114	0.117	0.109	0.100
5:01:07	37.6	0.208	0.174	0.191	0.193	0.171	0.163	0.157	0.150	0.160	0.150	0.204	0.108	0.107	0.111	0.107	0.105	0.104	0.108	0.107	0.113	0.109	0.104	0.104	0.103	0.223	0.204	0.200	0.185	0.196	0.182	0.174	0.221	0.264	0.222	0.162	0.112	0.207	0.172	0.161	0.162	0.168	0.161	0.170	0.174	0.178	0.169	0.136	0.106	0.112	0.104	0.122	0.107	0.107	0.109	0.108	0.119	0.110	0.103	0.109	0.106	0.223	0.200	0.246	0.215	0.196	0.189	0.162	0.172	0.155	0.163	0.134	0.105	0.111	0.101	0.110	0.100	0.108	0.099	0.098	0.099	0.100	0.104	0.101	0.096	0.213	0.182	0.182	0.172	0.175	0.169	0.159	0.165	0.158	0.144	0.122	0.101
6:01:07	37.8	0.360	0.338	0.368	0.368	0.308	0.284	0.263	0.286	0.343	0.251	0.252	0.114	0.107	0.111	0.107	0.105	0.104	0.108	0.107	0.113	0.109	0.104	0.104	0.103	0.359	0.418	0.394	0.336	0.387	0.349	0.333	0.529	0.557	0.465	0.259	0.128	0.334	0.327	0.295	0.278	0.303	0.317	0.336	0.458	0.366	0.384	0.194	0.109	0.112	0.104	0.122	0.107	0.107	0.109	0.108	0.119	0.110	0.103	0.109	0.106	0.350	0.383	0.490	0.402	0.378	0.366	0.288	0.501	0.451	0.413	0.202	0.110	0.111	0.101	0.109	0.100	0.108	0.099	0.098	0.099	0.100	0.104	0.101	0.096	0.352	0.334	0.344	0.322	0.316	0.294	0.284	0.387	0.418	0.232	0.144	0.104
7:01:08	37.8	0.581	0.588	0.664	0.624	0.528	0.490	0.455	0.511	0.590	0.435	0.365	0.132	0.107	0.111	0.107	0.105	0.104	0.108	0.107	0.113	0.109	0.104	0.104	0.103	0.580	0.707	0.655	0.565	0.659	0.588	0.609	0.869	0.889	0.630	0.392	0.160	0.590	0.581	0.515	0.503	0.591	0.643	0.640	0.827	0.602	0.608	0.316	0.125	0.112	0.104	0.122	0.107	0.107	0.109	0.108	0.119	0.110	0.103	0.109	0.106	0.569	0.645	0.781	0.662	0.639	0.640	0.500	0.857	0.759	0.632	0.375	0.118	0.111	0.101	0.109	0.100	0.108	0.099	0.098	0.099	0.100	0.104	0.101	0.096	0.579	0.575	0.605	0.561	0.550	0.511	0.486	0.688	0.756	0.403	0.188	0.108
8:01:09	37.7	0.749	0.784	0.891	0.822	0.737	0.676	0.644	0.780	0.845	0.616	0.476	0.161	0.107	0.111	0.107	0.105	0.104	0.108	0.107	0.112	0.109	0.104	0.104	0.103	0.831	0.920	0.864	0.754	0.906	0.812	0.902	1.137	1.089	0.772	0.479	0.205	0.765	0.786	0.725	0.699	0.863	0.973	0.925	1.110	0.800	0.771	0.476	0.181	0.112	0.104	0.122	0.107	0.107	0.109	0.108	0.119	0.110	0.103	0.109	0.106	0.807	0.857	1.019	0.894	0.882	0.870	0.717	1.135	0.987	0.773	0.514	0.165	0.111	0.101	0.109	0.100	0.108	0.099	0.098	0.099	0.100	0.104	0.101	0.096	0.760	0.752	0.797	0.748	0.745	0.705	0.680	0.963	1.009	0.617	0.303	0.116
9:01:09	37.7	0.891	0.936	1.050	1.036	0.977	1.030	1.187	1.071	1.092	0.783	0.554	0.186	0.107	0.111	0.106	0.105	0.104	0.108	0.107	0.112	0.109	0.104	0.104	0.103	1.107	1.026	0.970	0.891	1.140	0.985	1.103	1.296	1.208	0.867	0.566	0.250	0.957	0.836	0.830	0.832	1.077	1.194	1.153	1.262	0.968	0.883	0.617	0.244	0.112	0.104	0.122	0.107	0.107	0.109	0.108	0.118	0.110	0.103	0.109	0.106	1.103	0.960	1.152	0.987	1.049	1.060	0.905	1.285	1.134	0.925	0.621	0.236	0.111	0.100	0.109	0.099	0.108	0.099	0.098	0.099	0.100	0.103	0.101	0.096	0.873	0.793	0.866	0.847	0.825	0.820	0.810	1.141	1.213	0.801	0.496	0.133
10:01:09	37.8	1.080	1.047	1.147	1.166	1.119	1.139	1.291	1.358	1.254	0.958	0.628	0.232	0.107	0.111	0.107	0.105	0.104	0.108	0.107	0.112	0.109	0.104	0.104	0.103	1.241	1.079	1.026	1.025	1.236	1.201	1.304	1.387	1.298	1.047	0.663	0.301	1.124	0.905	0.990	0.998	1.161	1.313	1.317	1.403	1.212	1.065	0.750	0.307	0.112	0.104	0.122	0.107	0.107	0.109	0.107	0.118	0.110	0.103	0.109	0.106	1.268	1.018	1.179	1.044	1.163	1.256	1.308	1.410	1.272	1.113	0.735	0.310	0.111	0.101	0.109	0.100	0.108	0.099	0.098	0.099	0.100	0.103	0.101	0.096	0.989	0.799	0.905	0.885	0.826	0.896	1.054	1.322	1.346	0.993	0.598	0.164
11:01:10	37.9	1.224	1.131	1.193	1.217	1.181	1.197	1.314	1.424	1.306	1.031	0.691	0.256	0.107	0.111	0.106	0.105	0.104	0.108	0.107	0.112	0.109	0.104	0.104	0.103	1.341	1.118	1.083	1.099	1.281	1.284	1.356	1.447	1.363	1.139	0.723	0.339	1.224	1.017	1.099	1.082	1.205	1.336	1.349	1.466	1.276	1.098	0.802	0.411	0.112	0.104	0.122	0.107	0.107	0.109	0.108	0.119	0.110	0.103	0.109	0.106	1.339	1.091	1.201	1.127	1.231	1.309	1.371	1.492	1.369	1.196	0.801	0.405	0.111	0.100	0.109	0.099	0.108	0.099	0.098	0.099	0.099	0.103	0.101	0.096	1.147	0.805	0.965	0.946	0.852	0.972	1.164	1.463	1.434	1.144	0.698	0.263
12:01:10	38.0	1.298	1.169	1.233	1.258	1.227	1.238	1.339	1.442	1.326	1.098	0.733	0.296	0.107	0.111	0.106	0.105	0.104	0.108	0.107	0.112	0.109	0.104	0.104	0.103	1.375	1.154	1.125	1.155	1.302	1.318	1.367	1.466	1.386	1.183	0.781	0.397	1.309	1.087	1.167	1.150	1.242	1.358	1.365	1.481	1.290	1.157	0.872	0.496	0.112	0.104	0.122	0.107	0.106	0.109	0.108	0.118	0.110	0.103	0.109	0.106	1.392	1.139	1.235	1.165	1.261	1.335	1.383	1.495	1.401	1.243	0.873	0.487	0.111	0.100	0.109	0.099	0.108	0.099	0.098	0.099	0.100	0.103	0.101	0.096	1.245	0.825	1.016	0.980	0.899	1.025	1.193	1.489	1.458	1.205	0.819	0.341
13:01:11	37.9	1.357	1.214	1.259	1.271	1.250	1.246	1.357	1.436	1.313	1.154	0.774	0.354	0.107	0.111	0.107	0.105	0.104	0.108	0.107	0.112	0.109	0.104	0.104	0.103	1.422	1.190	1.155	1.189	1.319	1.338	1.376	1.470	1.391	1.213	0.843	0.453	1.371	1.143	1.212	1.182	1.267	1.367	1.380	1.470	1.290	1.193	0.916	0.589	0.112	0.104	0.122	0.107	0.107	0.109	0.108	0.118	0.110	0.103	0.109	0.106	1.423	1.176	1.251	1.201	1.284	1.357	1.389	1.492	1.403	1.274	0.933	0.562	0.111	0.100	0.109	0.099	0.108	0.099	0.098	0.099	0.100	0.103	0.101	0.096	1.322	0.855	1.064	1.016	0.953	1.051	1.208	1.493	1.459	1.232	0.898	0.416
14:01:11	38.0	1.385	1.240	1.282	1.292	1.267	1.260	1.369	1.446	1.311	1.200	0.827	0.386	0.107	0.111	0.107	0.105	0.104	0.108	0.107	0.112	0.109	0.104	0.104	0.103	1.438	1.217	1.190	1.220	1.328	1.359	1.388	1.473	1.395	1.220	0.888	0.508	1.416	1.183	1.240	1.217	1.285	1.385	1.391	1.470	1.284	1.223	0.953	0.680	0.112	0.104	0.121	0.107	0.107	0.109	0.108	0.118	0.110	0.103	0.109	0.106	1.448	1.206	1.271	1.227	1.308	1.371	1.400	1.490	1.399	1.282	0.951	0.635	0.111	0.100	0.109	0.100	0.108	0.099	0.098	0.099	0.100	0.102	0.100	0.096	1.370	0.893	1.090	1.042	0.988	1.075	1.225	1.496	1.458	1.236	0.929	0.486
15:01:12	38.0	1.412	1.260	1.294	1.313	1.289	1.276	1.384	1.457	1.312	1.217	0.872	0.427	0.107	0.111	0.107	0.105	0.104	0.108	0.107	0.111	0.109	0.104	0.104	0.103	1.454	1.240	1.213	1.251	1.341	1.368	1.401	1.478	1.405	1.232	0.919	0.563	1.441	1.208	1.260	1.232	1.301	1.395	1.405	1.478	1.291	1.241	0.968	0.778	0.111	0.104	0.121	0.107	0.107	0.109	0.108	0.118	0.109	0.103	0.109	0.106	1.462	1.230	1.293	1.252	1.322	1.388	1.406	1.492	1.402	1.288	0.967	0.706	0.110	0.100	0.109	0.099	0.108	0.099	0.098	0.098	0.099	0.103	0.100	0.096	1.399	0.923	1.113	1.063	1.011	1.097	1.237	1.498	1.459	1.238	0.936	0.534
16:01:12	38.0	1.433	1.285	1.309	1.335	1.304	1.303	1.399	1.476	1.322	1.224	0.912	0.470	0.107	0.110	0.106	0.105	0.104	0.108	0.107	0.111	0.109	0.103	0.104	0.103	1.458	1.256	1.231	1.267	1.351	1.380	1.406	1.480	1.413	1.234	0.929	0.611	1.460	1.233	1.281	1.253	1.316	1.408	1.422	1.486	1.296	1.256	0.996	0.860	0.111	0.103	0.121	0.107	0.106	0.108	0.107	0.118	0.109	0.103	0.109	0.106	1.474	1.249	1.305	1.268	1.332	1.398	1.415	1.497	1.406	1.294	0.980	0.762	0.110	0.100	0.108	0.099	0.108	0.099	0.098	0.099	0.099	0.101	0.100	0.096	1.420	0.959	1.136	1.079	1.033	1.113	1.252	1.504	1.461	1.240	0.941	0.594
17:01:13	37.9	1.456	1.306	1.328	1.352	1.326	1.321	1.419	1.497	1.331	1.235	0.959	0.520	0.107	0.110	0.106	0.105	0.104	0.108	0.107	0.111	0.109	0.103	0.104	0.103	1.462	1.271	1.251	1.279	1.362	1.396	1.417	1.489	1.424	1.246	0.964	0.657	1.472	1.258	1.304	1.274	1.329	1.421	1.438	1.495	1.309	1.275	1.014	0.924	0.111	0.103	0.120	0.107	0.106	0.108	0.107	0.118	0.109	0.103	0.109	0.106	1.478	1.270	1.315	1.287	1.348	1.409	1.423	1.500	1.416	1.302	1.010	0.824	0.110	0.099	0.108	0.099	0.107	0.098	0.097	0.098	0.099	0.102	0.099	0.095	1.437	0.993	1.151	1.097	1.055	1.132	1.271	1.513	1.467	1.246	0.943	0.635
18:01:13	37.9	1.471	1.321	1.346	1.370	1.344	1.342	1.430	1.508	1.344	1.248	0.987	0.552	0.106	0.110	0.106	0.105	0.104	0.108	0.107	0.111	0.109	0.103	0.104	0.103	1.468	1.288	1.272	1.296	1.372	1.401	1.418	1.496	1.433	1.255	0.952	0.691	1.485	1.280	1.325	1.292	1.347	1.436	1.452	1.506	1.320	1.289	1.033	0.966	0.111	0.103	0.120	0.107	0.106	0.108	0.107	0.118	0.109	0.103	0.109	0.106	1.488	1.284	1.329	1.300	1.360	1.416	1.428	1.506	1.424	1.313	1.019	0.867	0.110	0.100	0.108	0.099	0.107	0.098	0.097	0.098	0.099	0.101	0.100	0.095	1.448	1.014	1.166	1.113	1.069	1.145	1.284	1.521	1.472	1.254	0.956	0.664
19:01:13	37.9	1.485	1.348	1.369	1.390	1.365	1.359	1.441	1.524	1.362	1.263	0.999	0.594	0.107	0.110	0.106	0.105	0.104	0.108	0.107	0.111	0.109	0.103	0.104	0.102	1.474	1.302	1.284	1.310	1.383	1.413	1.426	1.504	1.439	1.265	0.976	0.722	1.496	1.300	1.339	1.307	1.358	1.448	1.462	1.518	1.335	1.305	1.040	1.014	0.111	0.103	0.120	0.107	0.106	0.108	0.107	0.118	0.109	0.103	0.109	0.106	1.492	1.297	1.333	1.315	1.365	1.425	1.434	1.515	1.436	1.323	1.036	0.915	0.110	0.099	0.108	0.099	0.108	0.098	0.097	0.098	0.099	0.101	0.099	0.096	1.456	1.037	1.181	1.123	1.078	1.156	1.292	1.528	1.478	1.263	0.976	0.691
20:01:14	38.1	1.497	1.363	1.381	1.400	1.376	1.369	1.452	1.534	1.377	1.270	1.007	0.621	0.106	0.110	0.106	0.105	0.104	0.108	0.107	0.111	0.108	0.103	0.104	0.102	1.478	1.310	1.291	1.323	1.390	1.419	1.431	1.510	1.444	1.266	1.000	0.747	1.505	1.319	1.356	1.325	1.376	1.461	1.472	1.528	1.350	1.315	1.058	1.045	0.111	0.103	0.119	0.107	0.106	0.108	0.107	0.117	0.109	0.103	0.109	0.105	1.495	1.308	1.336	1.323	1.375	1.433	1.441	1.522	1.445	1.332	1.056	0.954	0.110	0.100	0.109	0.099	0.107	0.098	0.097	0.098	0.099	0.100	0.099	0.096	1.464	1.055	1.192	1.135	1.088	1.167	1.304	1.535	1.485	1.268	0.995	0.713
21:01:14	37.2	1.508	1.379	1.394	1.412	1.389	1.383	1.462	1.546	1.396	1.283	1.029	0.642	0.107	0.110	0.106	0.105	0.104	0.108	0.107	0.111	0.109	0.104	0.104	0.103	1.482	1.322	1.312	1.330	1.395	1.425	1.441	1.519	1.457	1.273	0.999	0.774	1.514	1.334	1.369	1.339	1.388	1.473	1.480	1.538	1.364	1.325	1.070	1.071	0.111	0.103	0.120	0.107	0.106	0.108	0.107	0.117	0.109	0.103	0.109	0.106	1.501	1.319	1.351	1.332	1.379	1.440	1.445	1.526	1.453	1.338	1.063	0.985	0.110	0.099	0.109	0.099	0.107	0.098	0.097	0.098	0.099	0.100	0.099	0.095	1.470	1.076	1.205	1.154	1.107	1.185	1.316	1.543	1.493	1.274	1.008	0.731
22:01:14	37.1	1.513	1.390	1.403	1.421	1.393	1.389	1.466	1.550	1.403	1.289	1.034	0.656	0.106	0.110	0.106	0.105	0.104	0.108	0.107	0.111	0.109	0.103	0.104	0.103	1.487	1.331	1.310	1.333	1.398	1.435	1.441	1.525	1.455	1.275	1.017	0.796	1.519	1.346	1.377	1.347	1.398	1.477	1.482	1.543	1.374	1.333	1.071	1.085	0.111	0.104	0.120	0.107	0.107	0.108	0.107	0.117	0.109	0.103	0.109	0.106	1.506	1.331	1.351	1.339	1.388	1.443	1.449	1.531	1.459	1.340	1.075	1.004	0.110	0.099	0.108	0.099	0.108	0.098	0.097	0.098	0.099	0.100	0.099	0.095	1.474	1.090	1.214	1.159	1.111	1.190	1.320	1.547	1.498	1.278	1.019	0.748
0:00:00																																																																																																	
0:00:00																																																																																																	
0:00:00																																																																																																	
0:00:00																																																																																																	
0:00:00																																																																																																	
0:00:00																																																																																																	
0:00:00																																																																																																	
0:00:00																																																																																																	
0:00:00																																																																																																	
0:00:00																																																																																																	
0:00:00																																																																																																	
0:00:00																																																																																																	
0:00:00																																																																																																	
0:00:00																																																																																																	
0:00:00																																																																																																	
0:00:00																																																																																																	
0:00:00																																																																																																	
0:00:00																																																																																																	
0:00:00																																																																																																	
0:00:00																																																																																																	
0:00:00																																																																																																	
0:00:00																																																																																																	
0:00:00																																																																																																	
0:00:00																																																																																																	
0:00:00																																																																																																	
0:00:00																																																																																																	

Results
	1	2	3	4	5	6	7	8	9	10	11	12
A	2.927	3.283	3.735	3.566	3.453	3.749	4.646	4.504	3.942	2.934	1.569	0.720	Max V [578]
	0.995	0.994	0.991	0.998	0.995	0.980	0.951	0.998	0.997	1.000	0.990	0.993	R-Squared [578]
	7:01:08	7:01:08	7:01:08	7:01:08	8:01:08	8:01:08	8:01:08	8:01:08	7:01:08	8:01:08	8:01:08	13:01:11	t at Max V [578]
	4:24:21	4:39:02	4:39:05	4:40:37	4:59:34	5:15:04	5:37:20	5:25:44	4:53:07	5:07:33	4:52:49	7:28:02	Lagtime [578]
B	-0.002	-0.015	-0.003	-0.002	-0.001	-0.004	-0.002	-0.009	-0.005	-0.003	-0.001	-0.001	Max V [578]
	0.750	0.609	0.902	0.900	0.810	0.791	0.926	0.889	0.775	0.860	0.533	0.900	R-Squared [578]
	2:01:06	2:01:06	2:01:06	15:01:12	4:01:06	2:01:06	15:01:12	2:01:06	2:01:06	2:01:06	2:01:06	15:01:12	t at Max V [578]
	?????	?????	?????	10:51:10	0:41:04	?????	10:13:09	?????	?????	?????	?????	10:01:09	Lagtime [578]
C	3.818	3.573	3.349	3.051	4.011	3.502	4.057	4.593	4.238	2.824	1.715	0.930	Max V [578]
	0.991	0.979	0.984	0.993	0.998	0.997	0.992	0.985	0.984	0.986	0.994	1.000	R-Squared [578]
	8:01:08	7:01:08	7:01:08	7:01:08	7:01:08	8:01:08	8:01:08	7:01:08	6:01:08	6:01:08	7:01:08	13:01:11	t at Max V [578]
	4:52:10	4:26:32	4:26:21	4:37:49	4:43:07	4:46:13	4:57:49	4:28:07	4:06:25	4:00:19	4:22:23	6:41:41	Lagtime [578]
D	3.243	2.977	2.945	2.950	3.962	4.538	4.260	4.714	3.428	3.026	2.355	1.537	Max V [578]
	0.994	0.966	0.988	0.991	0.989	0.988	0.993	0.983	0.997	0.984	0.999	0.999	R-Squared [578]
	8:01:08	7:01:08	7:01:08	8:01:08	7:01:08	7:01:08	7:01:08	7:01:08	8:01:08	7:01:08	8:01:08	12:01:10	t at Max V [578]
	4:40:05	4:32:52	4:43:20	4:54:50	4:54:55	4:58:01	4:53:14	4:39:45	4:40:27	4:30:01	5:24:32	7:44:02	Lagtime [578]
E	-0.003	-0.001	-0.007	-0.002	-0.002	-0.002	-0.004	-0.007	-0.004	-0.002	-0.003	-0.002	Max V [578]
	0.639	0.696	0.934	0.817	0.679	0.647	0.836	0.731	0.734	0.521	0.730	0.655	R-Squared [578]
	2:01:06	2:01:06	17:01:13	2:01:06	2:01:06	2:01:06	2:01:06	2:01:06	2:01:06	2:01:06	2:01:06	2:01:06	t at Max V [578]
	?????	?????	8:09:45	?????	?????	?????	?????	?????	?????	?????	?????	?????	Lagtime [578]
F	3.948	3.322	3.901	3.392	3.684	3.742	4.074	4.767	4.155	3.137	2.188	1.380	Max V [578]
	0.994	0.983	0.986	0.981	0.995	0.996	0.977	0.981	0.982	0.984	0.990	0.999	R-Squared [578]
	8:01:08	7:01:08	7:01:08	7:01:08	7:01:08	7:01:08	8:01:08	7:01:08	7:01:08	7:01:08	8:01:08	11:01:10	t at Max V [578]
	4:58:38	4:28:39	4:18:25	4:27:25	4:39:44	4:41:37	5:24:05	4:38:10	4:37:30	4:29:01	5:03:22	7:23:33	Lagtime [578]
G	-0.005	-0.013	-0.003	-0.002	-0.005	-0.003	-0.002	-0.018	-0.004	-0.010	-0.012	-0.002	Max V [578]
	0.808	0.795	0.881	0.529	0.768	0.675	0.818	0.933	0.889	0.779	0.770	0.987	R-Squared [578]
	2:01:06	2:01:06	4:01:06	2:01:06	2:01:06	18:01:13	17:01:13	2:01:06	2:01:06	2:01:06	2:01:06	2:01:06	t at Max V [578]
	?????	?????	1:11:39	?????	?????	9:40:00	9:01:10	?????	?????	?????	?????	?????	Lagtime [578]
H	2.882	2.735	3.033	2.960	2.880	2.856	3.108	4.212	4.504	3.199	2.192	1.330	Max V [578]
	0.989	0.961	0.971	0.985	0.980	0.989	0.993	0.994	0.993	0.999	0.985	0.996	R-Squared [578]
	7:01:08	6:01:08	7:01:08	7:01:08	7:01:08	7:01:08	8:01:08	7:01:08	7:01:08	8:01:08	9:01:09	12:01:10	t at Max V [578]
	4:24:16	4:16:53	4:31:43	4:35:24	4:34:53	4:42:16	5:00:13	4:45:05	4:45:09	5:23:38	6:18:50	9:03:24	Lagtime [578]

