

Software Version	3.12.08



Experiment File Path:	C:\Users\Sarela\Documents\Sarela_growth_curves\Experiment20_040624_2plates.xpt
Protocol File Path:	C:\Users\Public\Documents\Protocols\New_96well_578_24H.prt



Plate Number	Plate 1
Date	6/4/2024
Time	12:47:41 PM
Reader Type:	Epoch 2
Reader Serial Number:	2202232E
Reading Type	Reader

Procedure Details

Plate Type	96 WELL PLATE
Discontinuous Kinetics	Runtime 2:00:00 (D:HH:MM), Interval 0:01:00, 49 Reads
Eject plate on completion	
Set Temperature	Setpoint 37°C, Gradient 0 °C
Shake	Double Orbital: 0:01:01 (HH:MM:SS)
	Frequency: 282 cpm (3 mm)
Read	Absorbance Endpoint
	Full Plate
	Wavelengths:  578
	Read Speed: Normal,  Delay: 100 msec,  Measurements/Data Point: 8

578

Time	T° 578	A1	A2	A3	A4	A5	A6	A7	A8	A9	A10	A11	A12	B1	B2	B3	B4	B5	B6	B7	B8	B9	B10	B11	B12	C1	C2	C3	C4	C5	C6	C7	C8	C9	C10	C11	C12	D1	D2	D3	D4	D5	D6	D7	D8	D9	D10	D11	D12	E1	E2	E3	E4	E5	E6	E7	E8	E9	E10	E11	E12	F1	F2	F3	F4	F5	F6	F7	F8	F9	F10	F11	F12	G1	G2	G3	G4	G5	G6	G7	G8	G9	G10	G11	G12	H1	H2	H3	H4	H5	H6	H7	H8	H9	H10	H11	H12
0:01:05	37.1	0.108	0.102	0.112	0.099	0.117	0.098	0.107	0.103	0.100	0.101	0.109	0.098	0.101	0.120	0.100	0.103	0.096	0.115	0.109	0.105	0.106	0.104	0.099	0.106	0.105	0.099	0.102	0.105	0.103	0.109	0.115	0.110	0.114	0.109	0.098	0.098	0.099	0.097	0.111	0.103	0.106	0.099	0.099	0.108	0.114	0.111	0.099	0.102	0.098	0.106	0.108	0.101	0.102	0.102	0.104	0.102	0.100	0.097	0.101	0.103	0.111	0.114	0.109	0.109	0.118	0.120	0.107	0.105	0.105	0.103	0.108	0.103	0.110	0.114	0.113	0.109	0.103	0.106	0.113	0.108	0.103	0.107	0.113	0.105	0.112	0.107	0.104	0.105	0.115	0.102	0.104	0.101	0.106	0.104	0.107	0.103
1:01:05	37.0	0.108	0.102	0.113	0.099	0.117	0.098	0.106	0.103	0.100	0.101	0.108	0.098	0.101	0.118	0.101	0.103	0.097	0.115	0.107	0.104	0.105	0.104	0.098	0.106	0.105	0.100	0.102	0.104	0.103	0.108	0.115	0.108	0.105	0.098	0.098	0.099	0.099	0.098	0.110	0.102	0.105	0.100	0.098	0.101	0.102	0.099	0.098	0.102	0.099	0.106	0.107	0.100	0.103	0.101	0.103	0.102	0.100	0.098	0.101	0.103	0.110	0.113	0.109	0.108	0.117	0.119	0.106	0.105	0.104	0.102	0.108	0.103	0.110	0.114	0.113	0.108	0.103	0.106	0.112	0.107	0.103	0.107	0.112	0.105	0.112	0.106	0.104	0.104	0.114	0.102	0.105	0.101	0.106	0.103	0.106	0.103
2:01:06	37.1	0.108	0.102	0.113	0.099	0.117	0.098	0.106	0.103	0.100	0.102	0.109	0.098	0.102	0.119	0.102	0.103	0.098	0.116	0.107	0.105	0.106	0.104	0.099	0.106	0.106	0.101	0.103	0.105	0.104	0.109	0.116	0.109	0.106	0.099	0.099	0.099	0.100	0.098	0.111	0.102	0.105	0.100	0.099	0.102	0.102	0.099	0.099	0.102	0.100	0.107	0.107	0.101	0.104	0.102	0.104	0.103	0.101	0.098	0.101	0.104	0.110	0.112	0.108	0.108	0.116	0.119	0.106	0.105	0.104	0.102	0.108	0.103	0.110	0.114	0.113	0.108	0.103	0.105	0.112	0.106	0.103	0.107	0.112	0.105	0.112	0.106	0.104	0.104	0.114	0.102	0.104	0.101	0.106	0.103	0.106	0.103
3:01:07	37.1	0.111	0.103	0.112	0.101	0.119	0.100	0.108	0.105	0.102	0.103	0.109	0.098	0.105	0.122	0.105	0.106	0.101	0.119	0.110	0.108	0.108	0.107	0.100	0.106	0.110	0.104	0.106	0.109	0.107	0.112	0.118	0.112	0.109	0.101	0.101	0.100	0.102	0.109	0.112	0.104	0.106	0.102	0.101	0.103	0.103	0.101	0.100	0.103	0.103	0.109	0.107	0.104	0.106	0.105	0.106	0.105	0.103	0.101	0.103	0.104	0.110	0.112	0.108	0.108	0.116	0.119	0.106	0.105	0.104	0.102	0.108	0.103	0.110	0.113	0.112	0.108	0.103	0.106	0.111	0.105	0.103	0.107	0.112	0.105	0.112	0.106	0.104	0.104	0.114	0.102	0.104	0.101	0.106	0.103	0.106	0.103
4:01:08	37.1	0.120	0.110	0.112	0.108	0.126	0.107	0.113	0.111	0.107	0.108	0.111	0.099	0.117	0.132	0.115	0.114	0.110	0.127	0.117	0.117	0.116	0.115	0.103	0.107	0.122	0.114	0.116	0.119	0.117	0.121	0.127	0.121	0.117	0.109	0.104	0.102	0.112	0.111	0.119	0.110	0.112	0.108	0.107	0.109	0.109	0.106	0.102	0.103	0.113	0.119	0.107	0.113	0.115	0.113	0.113	0.113	0.110	0.108	0.105	0.106	0.110	0.112	0.108	0.108	0.116	0.118	0.106	0.104	0.104	0.102	0.107	0.103	0.110	0.113	0.112	0.108	0.103	0.105	0.111	0.104	0.103	0.106	0.112	0.104	0.112	0.106	0.104	0.104	0.113	0.102	0.104	0.101	0.106	0.103	0.106	0.103
5:01:09	37.1	0.152	0.136	0.112	0.131	0.146	0.128	0.134	0.131	0.128	0.127	0.115	0.099	0.152	0.162	0.145	0.140	0.138	0.155	0.141	0.142	0.140	0.138	0.110	0.109	0.157	0.145	0.147	0.150	0.145	0.150	0.152	0.147	0.140	0.132	0.113	0.105	0.140	0.133	0.140	0.131	0.133	0.130	0.128	0.130	0.129	0.124	0.107	0.106	0.142	0.149	0.107	0.142	0.142	0.139	0.139	0.140	0.135	0.131	0.111	0.108	0.110	0.112	0.108	0.108	0.116	0.118	0.106	0.104	0.104	0.102	0.107	0.103	0.110	0.113	0.112	0.108	0.103	0.105	0.111	0.103	0.103	0.107	0.112	0.104	0.112	0.106	0.104	0.104	0.113	0.102	0.104	0.101	0.106	0.103	0.106	0.103
6:01:09	37.1	0.233	0.208	0.112	0.198	0.213	0.191	0.192	0.190	0.175	0.162	0.123	0.101	0.238	0.231	0.222	0.207	0.214	0.224	0.197	0.208	0.190	0.181	0.121	0.112	0.245	0.222	0.224	0.220	0.216	0.223	0.213	0.212	0.193	0.174	0.126	0.110	0.223	0.196	0.201	0.188	0.187	0.187	0.180	0.184	0.173	0.156	0.116	0.108	0.219	0.220	0.107	0.213	0.210	0.203	0.200	0.200	0.183	0.164	0.122	0.110	0.110	0.112	0.108	0.108	0.116	0.118	0.106	0.105	0.104	0.102	0.107	0.103	0.110	0.113	0.112	0.108	0.103	0.106	0.111	0.103	0.103	0.107	0.112	0.104	0.112	0.106	0.104	0.104	0.113	0.102	0.104	0.101	0.106	0.103	0.106	0.103
7:01:10	37.1	0.382	0.330	0.112	0.301	0.313	0.284	0.266	0.266	0.226	0.190	0.136	0.103	0.382	0.355	0.349	0.315	0.334	0.331	0.292	0.311	0.251	0.221	0.136	0.116	0.396	0.344	0.349	0.343	0.340	0.342	0.306	0.317	0.260	0.221	0.144	0.120	0.365	0.305	0.298	0.283	0.279	0.271	0.271	0.269	0.229	0.190	0.129	0.111	0.350	0.347	0.107	0.339	0.328	0.304	0.301	0.294	0.248	0.204	0.135	0.113	0.110	0.112	0.108	0.108	0.116	0.118	0.106	0.104	0.104	0.102	0.107	0.103	0.110	0.113	0.112	0.108	0.103	0.106	0.111	0.103	0.103	0.107	0.112	0.104	0.112	0.106	0.104	0.104	0.113	0.102	0.104	0.101	0.106	0.103	0.106	0.103
8:01:10	37.1	0.553	0.510	0.112	0.467	0.473	0.440	0.414	0.412	0.300	0.233	0.143	0.104	0.566	0.515	0.509	0.454	0.509	0.483	0.427	0.465	0.339	0.279	0.149	0.122	0.574	0.511	0.527	0.502	0.504	0.493	0.457	0.458	0.334	0.275	0.163	0.134	0.517	0.462	0.477	0.441	0.430	0.423	0.420	0.418	0.302	0.235	0.144	0.114	0.502	0.516	0.107	0.508	0.475	0.439	0.442	0.431	0.321	0.253	0.149	0.116	0.110	0.112	0.108	0.108	0.116	0.118	0.106	0.104	0.104	0.102	0.107	0.103	0.110	0.113	0.112	0.108	0.103	0.105	0.111	0.103	0.103	0.106	0.112	0.104	0.112	0.106	0.104	0.104	0.113	0.102	0.104	0.101	0.106	0.103	0.106	0.103
9:01:11	37.1	0.693	0.655	0.112	0.614	0.605	0.574	0.548	0.538	0.384	0.275	0.156	0.106	0.719	0.632	0.666	0.584	0.640	0.618	0.555	0.582	0.430	0.334	0.165	0.130	0.728	0.669	0.671	0.644	0.651	0.642	0.565	0.582	0.418	0.326	0.184	0.154	0.683	0.574	0.625	0.556	0.550	0.540	0.542	0.544	0.390	0.275	0.162	0.130	0.633	0.656	0.107	0.639	0.604	0.554	0.556	0.536	0.406	0.299	0.165	0.120	0.110	0.112	0.108	0.108	0.116	0.118	0.106	0.104	0.104	0.102	0.107	0.103	0.110	0.113	0.112	0.107	0.103	0.105	0.111	0.103	0.103	0.106	0.111	0.104	0.112	0.106	0.104	0.104	0.113	0.102	0.104	0.101	0.106	0.103	0.106	0.103
10:01:11	37.1	0.769	0.723	0.112	0.678	0.665	0.634	0.619	0.615	0.437	0.306	0.166	0.110	0.790	0.689	0.748	0.636	0.714	0.689	0.625	0.663	0.486	0.370	0.181	0.139	0.830	0.733	0.713	0.709	0.716	0.727	0.649	0.627	0.487	0.367	0.209	0.185	0.746	0.624	0.705	0.636	0.622	0.647	0.633	0.639	0.450	0.309	0.186	0.180	0.684	0.725	0.107	0.710	0.684	0.647	0.659	0.632	0.441	0.340	0.184	0.127	0.110	0.112	0.108	0.108	0.116	0.118	0.106	0.105	0.104	0.102	0.107	0.103	0.110	0.113	0.112	0.108	0.103	0.106	0.111	0.103	0.103	0.106	0.111	0.104	0.112	0.106	0.104	0.104	0.113	0.102	0.104	0.101	0.106	0.103	0.106	0.103
11:01:11	37.1	0.890	0.712	0.112	0.662	0.634	0.617	0.607	0.613	0.473	0.342	0.178	0.112	0.803	0.677	0.729	0.623	0.709	0.692	0.656	0.686	0.520	0.411	0.195	0.145	0.928	0.728	0.723	0.711	0.722	0.719	0.669	0.669	0.519	0.391	0.229	0.219	0.889	0.593	0.689	0.616	0.612	0.636	0.645	0.653	0.481	0.340	0.204	0.233	0.699	0.727	0.107	0.715	0.679	0.639	0.685	0.655	0.489	0.370	0.202	0.134	0.109	0.112	0.108	0.108	0.116	0.118	0.106	0.104	0.104	0.102	0.107	0.103	0.110	0.113	0.112	0.107	0.103	0.105	0.111	0.103	0.103	0.106	0.112	0.104	0.112	0.106	0.104	0.104	0.113	0.102	0.104	0.101	0.106	0.103	0.106	0.103
12:01:12	37.1	0.950	0.704	0.111	0.642	0.617	0.597	0.580	0.588	0.478	0.365	0.187	0.114	0.802	0.673	0.711	0.600	0.690	0.678	0.633	0.690	0.530	0.433	0.209	0.152	1.033	0.740	0.723	0.706	0.714	0.708	0.654	0.688	0.526	0.415	0.248	0.256	1.012	0.569	0.669	0.598	0.580	0.600	0.608	0.601	0.486	0.366	0.226	0.298	0.700	0.707	0.107	0.683	0.664	0.618	0.663	0.641	0.510	0.398	0.219	0.142	0.109	0.112	0.108	0.108	0.116	0.118	0.106	0.104	0.104	0.102	0.107	0.103	0.109	0.113	0.112	0.107	0.103	0.105	0.111	0.102	0.103	0.106	0.111	0.104	0.112	0.106	0.104	0.104	0.112	0.102	0.104	0.101	0.106	0.103	0.106	0.102
13:01:12	37.1	1.020	0.670	0.111	0.627	0.602	0.577	0.556	0.552	0.482	0.381	0.194	0.118	0.808	0.658	0.698	0.580	0.676	0.664	0.612	0.687	0.520	0.441	0.223	0.159	1.098	0.716	0.710	0.689	0.706	0.701	0.703	0.724	0.522	0.430	0.264	0.294	1.074	0.577	0.648	0.592	0.563	0.572	0.583	0.574	0.488	0.382	0.253	0.356	0.720	0.711	0.107	0.662	0.652	0.603	0.627	0.605	0.500	0.414	0.239	0.150	0.109	0.111	0.108	0.107	0.116	0.117	0.106	0.104	0.104	0.102	0.107	0.103	0.109	0.113	0.112	0.107	0.103	0.105	0.110	0.102	0.103	0.106	0.111	0.104	0.112	0.106	0.104	0.104	0.112	0.102	0.103	0.101	0.106	0.103	0.106	0.102
14:01:14	37.1	1.068	0.672	0.111	0.606	0.590	0.570	0.532	0.528	0.457	0.385	0.209	0.120	0.822	0.656	0.695	0.579	0.670	0.640	0.621	0.686	0.499	0.453	0.238	0.166	1.128	0.731	0.714	0.684	0.700	0.694	0.731	0.736	0.505	0.427	0.281	0.330	1.130	0.575	0.639	0.582	0.546	0.558	0.561	0.549	0.464	0.390	0.304	0.412	0.739	0.690	0.107	0.653	0.637	0.592	0.622	0.597	0.495	0.414	0.252	0.157	0.109	0.111	0.107	0.108	0.116	0.117	0.106	0.104	0.104	0.102	0.107	0.103	0.109	0.113	0.112	0.107	0.103	0.105	0.110	0.102	0.103	0.106	0.111	0.104	0.112	0.106	0.104	0.104	0.112	0.102	0.103	0.101	0.106	0.103	0.106	0.102
15:01:14	37.1	1.114	0.663	0.112	0.599	0.581	0.558	0.519	0.509	0.429	0.394	0.219	0.122	0.832	0.655	0.689	0.574	0.665	0.644	0.625	0.691	0.486	0.448	0.251	0.172	1.137	0.724	0.723	0.686	0.706	0.702	0.768	0.762	0.488	0.439	0.294	0.364	1.168	0.563	0.641	0.567	0.539	0.551	0.548	0.539	0.433	0.385	0.442	0.466	0.744	0.684	0.107	0.649	0.630	0.578	0.647	0.649	0.476	0.426	0.267	0.165	0.109	0.111	0.108	0.107	0.116	0.117	0.106	0.104	0.104	0.102	0.107	0.103	0.109	0.113	0.112	0.107	0.103	0.105	0.111	0.102	0.103	0.106	0.111	0.104	0.112	0.106	0.104	0.104	0.111	0.102	0.103	0.101	0.106	0.103	0.106	0.103
16:01:14	37.1	1.143	0.656	0.112	0.596	0.573	0.553	0.513	0.495	0.407	0.385	0.231	0.124	0.835	0.653	0.686	0.569	0.667	0.644	0.618	0.703	0.467	0.424	0.259	0.179	1.149	0.737	0.723	0.690	0.716	0.707	0.790	0.800	0.483	0.428	0.305	0.407	1.196	0.571	0.633	0.567	0.543	0.548	0.540	0.528	0.425	0.388	0.588	0.520	0.750	0.684	0.107	0.649	0.627	0.576	0.654	0.648	0.465	0.418	0.286	0.172	0.109	0.111	0.107	0.107	0.116	0.117	0.106	0.104	0.104	0.102	0.107	0.103	0.109	0.113	0.112	0.107	0.103	0.105	0.110	0.102	0.103	0.106	0.111	0.104	0.112	0.106	0.104	0.104	0.111	0.102	0.103	0.101	0.106	0.103	0.106	0.102
17:01:16	37.0	1.158	0.654	0.111	0.592	0.570	0.551	0.508	0.487	0.392	0.376	0.238	0.126	0.832	0.657	0.685	0.568	0.673	0.647	0.627	0.714	0.458	0.416	0.270	0.185	1.167	0.739	0.735	0.696	0.716	0.725	0.818	0.823	0.473	0.419	0.313	0.454	1.223	0.566	0.635	0.571	0.537	0.559	0.541	0.533	0.407	0.378	0.680	0.576	0.758	0.681	0.107	0.643	0.625	0.564	0.687	0.667	0.458	0.419	0.314	0.179	0.109	0.111	0.107	0.108	0.116	0.117	0.106	0.104	0.104	0.102	0.107	0.103	0.109	0.113	0.112	0.107	0.103	0.105	0.110	0.102	0.103	0.106	0.111	0.104	0.112	0.106	0.104	0.104	0.111	0.102	0.104	0.101	0.106	0.103	0.106	0.103
18:01:15	37.1	1.161	0.649	0.111	0.591	0.572	0.550	0.506	0.485	0.378	0.365	0.246	0.128	0.839	0.662	0.688	0.572	0.674	0.647	0.643	0.701	0.444	0.409	0.278	0.192	1.171	0.736	0.738	0.694	0.733	0.733	0.859	0.844	0.479	0.428	0.316	0.498	1.234	0.581	0.639	0.566	0.539	0.560	0.542	0.543	0.400	0.369	0.743	0.628	0.763	0.683	0.107	0.641	0.621	0.558	0.683	0.683	0.444	0.428	0.349	0.187	0.109	0.111	0.107	0.108	0.115	0.117	0.106	0.104	0.104	0.102	0.107	0.103	0.109	0.113	0.112	0.107	0.103	0.105	0.110	0.102	0.103	0.106	0.111	0.104	0.112	0.106	0.104	0.104	0.111	0.102	0.103	0.101	0.106	0.103	0.106	0.103
19:01:16	37.1	1.154	0.652	0.111	0.588	0.568	0.545	0.512	0.480	0.370	0.354	0.252	0.130	0.841	0.661	0.690	0.573	0.675	0.653	0.644	0.711	0.435	0.415	0.282	0.198	1.185	0.744	0.743	0.701	0.743	0.748	0.880	0.856	0.486	0.435	0.324	0.550	1.244	0.593	0.643	0.570	0.536	0.569	0.551	0.558	0.397	0.362	0.805	0.694	0.765	0.682	0.106	0.641	0.615	0.565	0.706	0.693	0.448	0.442	0.418	0.192	0.109	0.111	0.106	0.107	0.115	0.117	0.106	0.104	0.103	0.102	0.107	0.102	0.109	0.112	0.112	0.107	0.102	0.105	0.110	0.102	0.102	0.106	0.111	0.104	0.112	0.106	0.104	0.104	0.111	0.102	0.103	0.101	0.105	0.103	0.105	0.102
20:01:16	37.1	1.137	0.654	0.111	0.587	0.570	0.543	0.513	0.481	0.365	0.346	0.253	0.132	0.838	0.658	0.692	0.573	0.675	0.660	0.642	0.725	0.433	0.417	0.281	0.205	1.203	0.760	0.754	0.721	0.751	0.754	0.908	0.871	0.478	0.430	0.328	0.616	1.239	0.595	0.641	0.572	0.543	0.565	0.551	0.563	0.391	0.360	0.875	0.764	0.772	0.679	0.107	0.641	0.613	0.557	0.716	0.706	0.444	0.446	0.476	0.199	0.109	0.111	0.107	0.107	0.116	0.117	0.106	0.104	0.104	0.102	0.107	0.103	0.109	0.113	0.112	0.107	0.103	0.105	0.110	0.102	0.103	0.106	0.111	0.104	0.112	0.106	0.104	0.104	0.111	0.102	0.103	0.101	0.106	0.103	0.106	0.102
21:01:17	37.3	1.116	0.653	0.111	0.588	0.570	0.548	0.515	0.479	0.360	0.338	0.256	0.134	0.846	0.661	0.693	0.573	0.679	0.665	0.656	0.731	0.426	0.420	0.287	0.211	1.218	0.776	0.765	0.728	0.770	0.764	0.933	0.889	0.478	0.423	0.340	0.690	1.224	0.593	0.641	0.575	0.548	0.571	0.552	0.566	0.386	0.356	0.898	0.839	0.775	0.677	0.107	0.638	0.614	0.559	0.735	0.721	0.441	0.456	0.521	0.204	0.109	0.111	0.107	0.107	0.115	0.117	0.106	0.104	0.104	0.102	0.107	0.103	0.109	0.113	0.112	0.107	0.103	0.105	0.110	0.102	0.103	0.106	0.111	0.104	0.112	0.106	0.104	0.104	0.111	0.102	0.103	0.101	0.106	0.103	0.106	0.102
22:01:17	37.3	1.105	0.654	0.111	0.589	0.572	0.550	0.517	0.482	0.355	0.332	0.258	0.136	0.847	0.664	0.691	0.570	0.680	0.670	0.685	0.742	0.423	0.416	0.289	0.217	1.245	0.784	0.783	0.734	0.780	0.778	0.964	0.906	0.484	0.413	0.360	0.762	1.204	0.596	0.646	0.579	0.558	0.579	0.563	0.579	0.380	0.350	0.990	0.915	0.782	0.673	0.107	0.637	0.613	0.559	0.744	0.737	0.437	0.463	0.558	0.209	0.109	0.111	0.107	0.107	0.115	0.117	0.106	0.104	0.104	0.102	0.107	0.103	0.109	0.113	0.112	0.107	0.102	0.105	0.110	0.102	0.103	0.106	0.111	0.104	0.112	0.106	0.104	0.104	0.111	0.102	0.103	0.101	0.105	0.103	0.106	0.102
23:01:18	37.2	1.097	0.657	0.111	0.591	0.575	0.552	0.518	0.480	0.350	0.327	0.262	0.138	0.847	0.667	0.692	0.573	0.681	0.684	0.702	0.749	0.420	0.407	0.295	0.223	1.266	0.791	0.795	0.729	0.780	0.787	0.997	0.923	0.484	0.422	0.385	0.829	1.185	0.602	0.650	0.589	0.561	0.581	0.572	0.583	0.379	0.347	1.003	0.939	0.795	0.673	0.107	0.637	0.614	0.559	0.760	0.749	0.438	0.463	0.572	0.213	0.108	0.111	0.107	0.107	0.115	0.117	0.106	0.104	0.103	0.102	0.107	0.103	0.109	0.113	0.112	0.107	0.102	0.105	0.110	0.102	0.103	0.106	0.111	0.104	0.112	0.106	0.104	0.104	0.111	0.102	0.103	0.101	0.105	0.103	0.106	0.102
0:00:00																																																																																																	
0:00:00																																																																																																	
0:00:00																																																																																																	
0:00:00																																																																																																	
0:00:00																																																																																																	
0:00:00																																																																																																	
0:00:00																																																																																																	
0:00:00																																																																																																	
0:00:00																																																																																																	
0:00:00																																																																																																	
0:00:00																																																																																																	
0:00:00																																																																																																	
0:00:00																																																																																																	
0:00:00																																																																																																	
0:00:00																																																																																																	
0:00:00																																																																																																	
0:00:00																																																																																																	
0:00:00																																																																																																	
0:00:00																																																																																																	
0:00:00																																																																																																	
0:00:00																																																																																																	
0:00:00																																																																																																	
0:00:00																																																																																																	
0:00:00																																																																																																	
0:00:00																																																																																																	

Results
	1	2	3	4	5	6	7	8	9	10	11	12
A	2.337	2.256	-0.003	2.121	1.992	1.959	1.892	1.871	1.139	0.628	0.188	0.046	Max V [578]
	0.988	0.982	0.955	0.983	0.982	0.982	0.985	0.988	0.993	0.996	0.994	0.996	R-Squared [578]
	7:01:10	8:01:10	3:01:07	8:01:10	8:01:10	8:01:10	8:01:10	8:01:10	8:01:10	9:01:11	14:01:13	13:01:13	t at Max V [578]
	4:55:18	5:11:21	2:31:07	5:14:59	5:12:08	5:14:18	5:22:29	5:20:26	5:01:42	4:33:23	5:12:19	5:59:48	Lagtime [578]
B	2.434	2.038	2.281	1.890	2.174	2.028	1.866	1.970	1.286	0.818	0.251	0.128	Max V [578]
	0.986	0.985	0.991	0.984	0.984	0.989	0.991	0.991	0.993	0.994	0.999	0.997	R-Squared [578]
	7:01:10	7:01:10	8:01:10	7:01:10	8:01:10	8:01:10	8:01:10	8:01:10	8:01:10	8:01:10	10:01:11	10:01:11	t at Max V [578]
	4:53:27	4:54:04	5:06:27	4:55:41	5:03:44	5:06:31	5:14:40	5:08:06	5:00:02	4:29:44	4:37:56	5:54:26	Lagtime [578]
C	2.504	2.243	2.249	2.133	2.184	2.181	1.885	1.860	1.245	0.819	0.361	1.173	Max V [578]
	0.993	0.983	0.982	0.985	0.984	0.993	0.991	0.984	0.999	0.998	0.998	1.000	R-Squared [578]
	8:01:10	8:01:10	7:01:10	8:01:10	8:01:10	8:01:10	8:01:10	7:01:10	8:01:10	8:01:10	9:01:11	21:01:17	t at Max V [578]
	5:01:44	5:04:28	4:55:52	5:03:41	5:05:59	5:08:36	5:09:39	4:55:35	5:00:58	4:41:47	4:58:36	12:37:40	Lagtime [578]
D	2.301	1.912	2.226	1.949	1.902	1.984	1.961	1.975	1.190	0.650	1.895	1.199	Max V [578]
	0.987	0.981	0.985	0.989	0.988	0.994	0.993	0.993	0.995	0.998	0.980	0.999	R-Squared [578]
	7:01:10	7:01:10	8:01:10	8:01:10	8:01:10	8:01:10	8:01:10	8:01:10	8:01:10	8:01:10	15:01:14	20:01:16	t at Max V [578]
	4:56:42	4:57:23	5:23:43	5:18:01	5:19:18	5:22:36	5:22:51	5:27:47	5:17:04	4:52:59	11:54:12	10:46:20	Lagtime [578]
E	2.111	2.196	-0.002	2.157	2.040	1.895	1.955	1.844	1.133	0.744	0.902	0.128	Max V [578]
	0.989	0.984	0.840	0.985	0.992	0.997	0.997	0.996	0.990	0.999	0.991	1.000	R-Squared [578]
	7:01:10	8:01:10	10:01:11	8:01:10	8:01:10	8:01:10	8:01:10	8:01:10	7:01:10	8:01:10	19:01:17	13:01:13	t at Max V [578]
	4:52:33	5:05:06	4:09:09	5:04:22	5:05:42	5:08:17	5:13:38	5:09:24	4:40:41	4:33:22	13:12:38	6:59:53	Lagtime [578]
F	-0.005	-0.007	-0.004	-0.003	-0.005	-0.007	-0.003	-0.002	-0.003	-0.002	-0.003	-0.002	Max V [578]
	0.814	0.836	0.944	0.950	0.609	0.774	0.799	0.840	0.963	0.840	0.950	0.917	R-Squared [578]
	2:01:07	2:01:07	17:01:15	2:01:07	2:01:07	2:01:07	2:01:07	2:01:07	2:01:07	2:01:07	2:01:07	2:01:07	t at Max V [578]
	?????	?????	10:12:18	?????	?????	?????	?????	?????	0:15:12	?????	?????	?????	Lagtime [578]
G	-0.003	-0.004	-0.004	-0.003	-0.002	-0.002	-0.006	-0.018	-0.003	-0.003	-0.003	-0.003	Max V [578]
	0.976	0.923	0.923	0.959	0.865	0.679	0.959	0.978	0.914	0.871	0.861	0.959	R-Squared [578]
	12:01:13	2:01:07	2:01:07	2:01:07	2:01:07	2:01:07	2:01:07	2:01:07	2:01:07	2:01:07	2:01:07	3:01:07	t at Max V [578]
	7:32:34	?????	?????	?????	?????	?????	?????	0:17:36	?????	0:36:23	?????	2:03:57	Lagtime [578]
H	-0.002	-0.003	-0.001	-0.002	-0.006	-0.001	-0.003	0.001	-0.002	-0.002	-0.004	-0.002	Max V [578]
	0.893	0.921	0.750	0.704	0.944	0.696	0.876	0.721	0.980	0.817	0.713	0.893	R-Squared [578]
	2:01:07	2:01:07	12:01:13	17:01:15	2:01:07	12:01:13	3:01:07	16:01:15	3:01:07	2:01:07	2:01:07	2:01:07	t at Max V [578]
	?????	?????	6:41:08	12:06:40	?????	9:01:09	2:42:10	19:09:50	1:35:23	?????	?????	?????	Lagtime [578]



Software Version	3.12.08



Experiment File Path:	C:\Users\Sarela\Documents\Sarela_growth_curves\Experiment20_040624_2plates.xpt
Protocol File Path:	C:\Users\Public\Documents\Protocols\New_96well_578_24H.prt



Plate Number	Plate 2
Date	6/4/2024
Time	12:50:05 PM
Reader Type:	Epoch 2
Reader Serial Number:	2202232E
Reading Type	Reader

Procedure Details

Plate Type	96 WELL PLATE
Discontinuous Kinetics	Runtime 2:00:00 (D:HH:MM), Interval 0:01:00, 49 Reads
Eject plate on completion	
Set Temperature	Setpoint 37°C, Gradient 0 °C
Shake	Double Orbital: 0:01:01 (HH:MM:SS)
	Frequency: 282 cpm (3 mm)
Read	Absorbance Endpoint
	Full Plate
	Wavelengths:  578
	Read Speed: Normal,  Delay: 100 msec,  Measurements/Data Point: 8

578

Time	T° 578	A1	A2	A3	A4	A5	A6	A7	A8	A9	A10	A11	A12	B1	B2	B3	B4	B5	B6	B7	B8	B9	B10	B11	B12	C1	C2	C3	C4	C5	C6	C7	C8	C9	C10	C11	C12	D1	D2	D3	D4	D5	D6	D7	D8	D9	D10	D11	D12	E1	E2	E3	E4	E5	E6	E7	E8	E9	E10	E11	E12	F1	F2	F3	F4	F5	F6	F7	F8	F9	F10	F11	F12	G1	G2	G3	G4	G5	G6	G7	G8	G9	G10	G11	G12	H1	H2	H3	H4	H5	H6	H7	H8	H9	H10	H11	H12
0:01:05	37.0	0.101	0.103	0.102	0.099	0.098	0.103	0.103	0.106	0.102	0.098	0.100	0.096	0.098	0.101	0.099	0.110	0.102	0.112	0.103	0.106	0.101	0.099	0.098	0.102	0.100	0.099	0.098	0.105	0.102	0.105	0.108	0.105	0.099	0.104	0.104	0.099	0.109	0.101	0.099	0.106	0.102	0.108	0.113	0.098	0.101	0.100	0.099	0.102	0.096	0.107	0.105	0.116	0.104	0.106	0.102	0.102	0.104	0.106	0.098	0.099	0.106	0.119	0.105	0.119	0.115	0.105	0.104	0.105	0.104	0.106	0.107	0.116	0.104	0.109	0.104	0.112	0.102	0.106	0.107	0.104	0.108	0.102	0.102	0.104	0.103	0.106	0.104	0.105	0.106	0.118	0.110	0.104	0.107	0.103	0.105	0.102
1:01:05	37.0	0.101	0.103	0.102	0.099	0.098	0.103	0.103	0.106	0.101	0.098	0.100	0.096	0.098	0.101	0.100	0.109	0.102	0.111	0.103	0.105	0.100	0.099	0.098	0.102	0.099	0.099	0.099	0.105	0.102	0.105	0.109	0.105	0.100	0.104	0.104	0.099	0.108	0.101	0.100	0.106	0.102	0.108	0.112	0.099	0.101	0.101	0.099	0.101	0.096	0.103	0.105	0.115	0.104	0.106	0.102	0.102	0.104	0.106	0.098	0.099	0.105	0.118	0.104	0.117	0.115	0.105	0.104	0.104	0.104	0.106	0.106	0.117	0.104	0.108	0.103	0.111	0.102	0.105	0.107	0.104	0.108	0.102	0.102	0.104	0.103	0.106	0.104	0.105	0.106	0.117	0.110	0.103	0.108	0.103	0.105	0.102
2:01:06	37.1	0.101	0.103	0.101	0.100	0.098	0.103	0.104	0.106	0.102	0.098	0.100	0.097	0.099	0.102	0.101	0.110	0.103	0.111	0.104	0.107	0.102	0.100	0.099	0.103	0.100	0.101	0.100	0.106	0.104	0.106	0.110	0.107	0.101	0.105	0.105	0.100	0.108	0.101	0.101	0.107	0.103	0.108	0.113	0.100	0.102	0.101	0.099	0.102	0.097	0.102	0.108	0.116	0.105	0.107	0.103	0.103	0.105	0.106	0.099	0.099	0.105	0.118	0.105	0.117	0.115	0.105	0.104	0.104	0.104	0.106	0.105	0.117	0.104	0.108	0.104	0.111	0.101	0.105	0.107	0.104	0.108	0.102	0.102	0.104	0.102	0.105	0.104	0.104	0.106	0.117	0.110	0.103	0.107	0.103	0.105	0.102
3:01:06	37.1	0.103	0.105	0.102	0.101	0.100	0.105	0.105	0.108	0.103	0.100	0.101	0.097	0.102	0.105	0.104	0.112	0.107	0.114	0.107	0.110	0.105	0.103	0.101	0.103	0.104	0.104	0.104	0.110	0.107	0.110	0.113	0.110	0.104	0.109	0.106	0.100	0.110	0.104	0.103	0.109	0.104	0.109	0.115	0.101	0.103	0.103	0.100	0.103	0.101	0.105	0.116	0.118	0.107	0.110	0.105	0.106	0.107	0.108	0.101	0.100	0.105	0.118	0.104	0.117	0.115	0.105	0.104	0.104	0.104	0.105	0.105	0.116	0.104	0.108	0.103	0.111	0.101	0.105	0.106	0.104	0.108	0.102	0.102	0.104	0.103	0.105	0.104	0.104	0.106	0.117	0.110	0.103	0.107	0.102	0.105	0.102
4:01:07	37.1	0.113	0.113	0.102	0.108	0.106	0.113	0.112	0.114	0.109	0.105	0.103	0.097	0.112	0.115	0.114	0.123	0.117	0.124	0.116	0.119	0.115	0.112	0.105	0.104	0.124	0.116	0.115	0.120	0.118	0.120	0.121	0.120	0.114	0.119	0.112	0.102	0.118	0.110	0.111	0.116	0.111	0.116	0.121	0.106	0.110	0.108	0.103	0.104	0.112	0.116	0.142	0.126	0.115	0.117	0.114	0.115	0.115	0.115	0.105	0.103	0.105	0.118	0.104	0.117	0.115	0.105	0.104	0.104	0.104	0.105	0.105	0.116	0.104	0.108	0.103	0.111	0.101	0.105	0.107	0.104	0.107	0.102	0.102	0.104	0.103	0.105	0.104	0.104	0.106	0.116	0.110	0.103	0.107	0.103	0.105	0.102
5:01:08	37.1	0.139	0.135	0.098	0.131	0.129	0.135	0.133	0.134	0.128	0.122	0.107	0.098	0.144	0.145	0.141	0.156	0.147	0.153	0.140	0.149	0.142	0.137	0.113	0.106	0.153	0.147	0.146	0.152	0.151	0.150	0.147	0.150	0.142	0.147	0.120	0.105	0.145	0.134	0.135	0.138	0.131	0.138	0.140	0.125	0.130	0.126	0.109	0.105	0.141	0.143	0.246	0.151	0.141	0.141	0.137	0.143	0.138	0.136	0.112	0.106	0.105	0.118	0.104	0.117	0.115	0.105	0.104	0.104	0.104	0.105	0.105	0.116	0.104	0.108	0.103	0.111	0.102	0.105	0.106	0.104	0.108	0.102	0.102	0.104	0.103	0.105	0.104	0.104	0.106	0.116	0.110	0.103	0.107	0.103	0.105	0.102
6:01:08	37.1	0.219	0.197	0.097	0.195	0.190	0.201	0.194	0.190	0.173	0.157	0.115	0.099	0.223	0.220	0.213	0.230	0.221	0.226	0.201	0.215	0.197	0.182	0.126	0.109	0.258	0.222	0.222	0.223	0.223	0.218	0.206	0.219	0.202	0.194	0.136	0.110	0.233	0.192	0.201	0.197	0.182	0.192	0.190	0.171	0.172	0.160	0.119	0.108	0.219	0.213	0.574	0.211	0.199	0.194	0.189	0.202	0.187	0.170	0.124	0.111	0.105	0.118	0.104	0.116	0.115	0.105	0.104	0.104	0.104	0.105	0.105	0.116	0.104	0.108	0.103	0.111	0.102	0.105	0.107	0.104	0.107	0.102	0.102	0.104	0.103	0.105	0.104	0.104	0.106	0.116	0.110	0.103	0.107	0.102	0.105	0.102
7:01:09	37.1	0.349	0.305	0.102	0.306	0.291	0.311	0.294	0.279	0.243	0.196	0.130	0.100	0.362	0.346	0.329	0.350	0.345	0.346	0.293	0.316	0.276	0.236	0.146	0.114	0.399	0.344	0.341	0.343	0.339	0.327	0.292	0.324	0.287	0.248	0.157	0.120	0.374	0.301	0.327	0.299	0.275	0.288	0.280	0.251	0.235	0.196	0.137	0.113	0.363	0.343	0.920	0.322	0.311	0.288	0.284	0.301	0.248	0.208	0.141	0.116	0.105	0.118	0.104	0.117	0.115	0.105	0.104	0.104	0.104	0.105	0.105	0.116	0.104	0.108	0.104	0.111	0.102	0.105	0.107	0.104	0.108	0.102	0.102	0.104	0.103	0.105	0.104	0.104	0.106	0.116	0.110	0.103	0.107	0.102	0.105	0.102
8:01:10	37.1	0.522	0.462	0.101	0.463	0.437	0.471	0.450	0.413	0.310	0.232	0.138	0.102	0.510	0.505	0.486	0.517	0.507	0.511	0.433	0.468	0.358	0.288	0.164	0.122	0.577	0.510	0.497	0.506	0.499	0.473	0.436	0.475	0.378	0.306	0.177	0.138	0.553	0.460	0.506	0.463	0.428	0.441	0.425	0.386	0.307	0.237	0.155	0.118	0.534	0.506	1.113	0.457	0.461	0.417	0.417	0.442	0.328	0.249	0.156	0.123	0.105	0.118	0.104	0.116	0.115	0.105	0.104	0.104	0.104	0.105	0.105	0.115	0.104	0.108	0.103	0.111	0.102	0.105	0.106	0.104	0.107	0.102	0.102	0.104	0.103	0.105	0.104	0.104	0.106	0.116	0.110	0.103	0.107	0.102	0.105	0.102
9:01:10	37.1	0.662	0.587	0.101	0.606	0.572	0.609	0.588	0.537	0.378	0.278	0.148	0.105	0.675	0.640	0.602	0.658	0.635	0.638	0.551	0.590	0.445	0.334	0.183	0.132	0.722	0.654	0.623	0.645	0.640	0.601	0.552	0.597	0.460	0.353	0.200	0.170	0.703	0.600	0.669	0.615	0.564	0.588	0.567	0.517	0.380	0.280	0.176	0.129	0.694	0.665	1.202	0.582	0.601	0.537	0.533	0.569	0.405	0.297	0.172	0.133	0.105	0.118	0.104	0.116	0.115	0.104	0.104	0.104	0.104	0.105	0.105	0.115	0.103	0.108	0.103	0.111	0.101	0.105	0.106	0.104	0.107	0.102	0.102	0.104	0.102	0.105	0.104	0.104	0.105	0.115	0.110	0.103	0.107	0.102	0.105	0.102
10:01:11	37.1	0.728	0.661	0.102	0.676	0.617	0.683	0.657	0.618	0.431	0.305	0.157	0.110	0.726	0.713	0.667	0.731	0.698	0.729	0.633	0.671	0.506	0.380	0.201	0.142	0.795	0.733	0.687	0.715	0.729	0.697	0.635	0.685	0.518	0.398	0.223	0.227	0.755	0.677	0.768	0.675	0.643	0.665	0.646	0.612	0.443	0.322	0.202	0.192	0.762	0.744	1.241	0.654	0.684	0.591	0.625	0.653	0.462	0.348	0.193	0.145	0.105	0.118	0.104	0.116	0.115	0.105	0.104	0.104	0.104	0.105	0.105	0.115	0.104	0.108	0.104	0.111	0.101	0.105	0.106	0.104	0.107	0.102	0.102	0.104	0.103	0.105	0.104	0.104	0.106	0.115	0.110	0.103	0.107	0.102	0.105	0.102
11:01:11	37.1	0.815	0.624	0.102	0.650	0.598	0.653	0.657	0.631	0.468	0.336	0.168	0.115	0.738	0.715	0.665	0.731	0.695	0.728	0.667	0.701	0.546	0.414	0.215	0.154	0.834	0.748	0.707	0.728	0.734	0.707	0.655	0.733	0.568	0.429	0.241	0.275	0.842	0.657	0.760	0.659	0.619	0.653	0.683	0.611	0.482	0.356	0.238	0.255	0.791	0.738	1.247	0.655	0.696	0.592	0.659	0.697	0.497	0.381	0.210	0.164	0.105	0.118	0.104	0.116	0.115	0.105	0.104	0.104	0.104	0.105	0.105	0.115	0.104	0.108	0.103	0.111	0.102	0.105	0.107	0.104	0.107	0.102	0.102	0.104	0.103	0.105	0.104	0.104	0.106	0.115	0.110	0.103	0.107	0.102	0.105	0.102
12:01:11	37.1	0.893	0.620	0.103	0.632	0.578	0.637	0.612	0.605	0.480	0.357	0.179	0.119	0.757	0.706	0.657	0.711	0.688	0.717	0.644	0.678	0.551	0.441	0.232	0.164	0.898	0.735	0.696	0.715	0.730	0.694	0.647	0.735	0.579	0.459	0.265	0.324	0.944	0.643	0.738	0.635	0.596	0.643	0.657	0.591	0.501	0.379	0.306	0.307	0.790	0.730	1.259	0.644	0.689	0.546	0.652	0.689	0.520	0.405	0.231	0.184	0.105	0.118	0.104	0.116	0.115	0.105	0.104	0.104	0.104	0.105	0.105	0.115	0.103	0.108	0.103	0.111	0.102	0.105	0.106	0.104	0.107	0.102	0.102	0.104	0.103	0.105	0.104	0.104	0.106	0.115	0.110	0.103	0.106	0.102	0.105	0.102
13:01:12	37.1	0.947	0.595	0.106	0.612	0.561	0.612	0.581	0.563	0.481	0.381	0.190	0.121	0.816	0.691	0.643	0.696	0.674	0.692	0.648	0.683	0.551	0.459	0.248	0.171	0.986	0.724	0.675	0.696	0.708	0.693	0.675	0.777	0.578	0.471	0.282	0.374	1.014	0.621	0.707	0.608	0.573	0.624	0.611	0.564	0.500	0.392	0.444	0.367	0.809	0.700	1.262	0.603	0.664	0.534	0.636	0.683	0.515	0.415	0.249	0.202	0.105	0.118	0.104	0.116	0.115	0.105	0.104	0.104	0.104	0.105	0.105	0.115	0.103	0.108	0.104	0.111	0.102	0.105	0.106	0.104	0.107	0.102	0.102	0.104	0.103	0.105	0.104	0.104	0.106	0.115	0.110	0.103	0.106	0.102	0.105	0.102
14:01:13	37.1	1.016	0.581	0.109	0.595	0.550	0.603	0.560	0.535	0.452	0.384	0.199	0.122	0.869	0.690	0.637	0.691	0.670	0.688	0.641	0.674	0.528	0.475	0.263	0.179	1.038	0.711	0.676	0.693	0.701	0.684	0.703	0.799	0.559	0.482	0.300	0.407	1.094	0.611	0.708	0.609	0.566	0.611	0.597	0.537	0.476	0.397	0.565	0.430	0.829	0.700	1.278	0.599	0.654	0.524	0.627	0.672	0.501	0.429	0.264	0.218	0.105	0.118	0.104	0.116	0.115	0.105	0.104	0.104	0.104	0.105	0.105	0.115	0.103	0.108	0.104	0.111	0.102	0.105	0.106	0.104	0.107	0.102	0.102	0.104	0.103	0.105	0.104	0.104	0.106	0.115	0.110	0.103	0.107	0.102	0.105	0.102
15:01:13	37.1	1.062	0.574	0.122	0.593	0.542	0.598	0.540	0.518	0.418	0.386	0.211	0.125	0.916	0.689	0.630	0.686	0.668	0.682	0.632	0.700	0.499	0.463	0.276	0.187	1.073	0.713	0.682	0.692	0.696	0.714	0.752	0.840	0.535	0.477	0.316	0.450	1.141	0.614	0.705	0.601	0.558	0.607	0.575	0.525	0.448	0.401	0.641	0.499	0.829	0.699	1.286	0.591	0.644	0.521	0.638	0.675	0.479	0.429	0.282	0.236	0.105	0.117	0.104	0.116	0.115	0.104	0.104	0.104	0.103	0.105	0.104	0.115	0.103	0.108	0.103	0.110	0.101	0.105	0.106	0.104	0.107	0.102	0.102	0.104	0.103	0.105	0.104	0.104	0.105	0.114	0.110	0.103	0.106	0.102	0.105	0.102
16:01:14	37.1	1.080	0.570	0.146	0.587	0.538	0.595	0.539	0.506	0.396	0.376	0.222	0.126	0.945	0.694	0.628	0.695	0.671	0.681	0.636	0.700	0.488	0.448	0.288	0.195	1.085	0.721	0.686	0.694	0.703	0.735	0.792	0.893	0.520	0.474	0.328	0.493	1.175	0.617	0.698	0.606	0.576	0.606	0.588	0.534	0.427	0.396	0.689	0.561	0.832	0.693	1.296	0.587	0.640	0.513	0.659	0.700	0.470	0.425	0.295	0.251	0.105	0.118	0.104	0.116	0.115	0.104	0.104	0.104	0.103	0.105	0.105	0.115	0.103	0.108	0.103	0.110	0.101	0.105	0.106	0.104	0.107	0.102	0.102	0.104	0.102	0.105	0.104	0.104	0.106	0.115	0.110	0.103	0.106	0.102	0.105	0.102
17:01:15	37.1	1.119	0.565	0.223	0.582	0.535	0.590	0.536	0.502	0.382	0.370	0.231	0.128	0.943	0.693	0.634	0.688	0.673	0.689	0.657	0.717	0.472	0.443	0.297	0.203	1.096	0.720	0.692	0.698	0.715	0.743	0.823	0.924	0.523	0.484	0.339	0.548	1.196	0.626	0.705	0.604	0.569	0.607	0.597	0.546	0.412	0.387	0.738	0.618	0.836	0.692	1.301	0.589	0.637	0.520	0.679	0.720	0.463	0.441	0.310	0.263	0.105	0.118	0.104	0.116	0.115	0.105	0.104	0.104	0.104	0.105	0.105	0.115	0.103	0.108	0.104	0.110	0.101	0.105	0.106	0.104	0.107	0.102	0.102	0.104	0.103	0.105	0.104	0.104	0.106	0.115	0.110	0.103	0.106	0.102	0.105	0.102
18:01:15	37.1	1.128	0.563	0.504	0.576	0.531	0.585	0.533	0.494	0.370	0.364	0.237	0.130	0.942	0.693	0.631	0.694	0.673	0.690	0.664	0.719	0.460	0.439	0.304	0.211	1.090	0.725	0.694	0.702	0.715	0.755	0.869	0.955	0.526	0.484	0.354	0.604	1.223	0.621	0.710	0.612	0.583	0.624	0.605	0.558	0.401	0.383	0.842	0.662	0.849	0.692	1.311	0.587	0.635	0.507	0.702	0.722	0.455	0.460	0.358	0.275	0.105	0.117	0.104	0.116	0.115	0.105	0.104	0.104	0.104	0.105	0.105	0.115	0.103	0.108	0.103	0.110	0.101	0.105	0.106	0.104	0.107	0.102	0.102	0.104	0.102	0.105	0.104	0.104	0.106	0.115	0.110	0.103	0.106	0.102	0.105	0.102
19:01:16	37.1	1.127	0.565	0.874	0.582	0.534	0.585	0.535	0.495	0.357	0.351	0.241	0.132	0.939	0.694	0.633	0.700	0.675	0.694	0.680	0.722	0.453	0.446	0.309	0.219	1.093	0.735	0.708	0.711	0.724	0.788	0.901	0.979	0.545	0.489	0.378	0.653	1.233	0.624	0.710	0.607	0.586	0.638	0.617	0.566	0.392	0.377	0.931	0.724	0.850	0.692	1.317	0.585	0.632	0.505	0.711	0.748	0.451	0.480	0.421	0.284	0.105	0.117	0.104	0.115	0.115	0.104	0.104	0.104	0.103	0.105	0.105	0.115	0.103	0.108	0.103	0.110	0.101	0.105	0.106	0.104	0.107	0.102	0.102	0.104	0.102	0.105	0.104	0.104	0.105	0.114	0.109	0.103	0.106	0.102	0.105	0.102
20:01:16	37.1	1.129	0.564	1.131	0.580	0.531	0.586	0.533	0.496	0.351	0.344	0.245	0.134	0.931	0.693	0.633	0.697	0.674	0.696	0.685	0.729	0.447	0.450	0.312	0.226	1.103	0.737	0.712	0.711	0.731	0.789	0.935	1.002	0.542	0.498	0.440	0.704	1.240	0.628	0.712	0.609	0.591	0.646	0.637	0.571	0.387	0.375	0.973	0.777	0.854	0.691	1.329	0.584	0.633	0.503	0.729	0.746	0.451	0.500	0.476	0.292	0.105	0.117	0.104	0.115	0.115	0.104	0.104	0.104	0.104	0.105	0.104	0.115	0.103	0.108	0.103	0.110	0.101	0.105	0.106	0.104	0.107	0.102	0.102	0.104	0.102	0.105	0.104	0.104	0.105	0.114	0.109	0.103	0.106	0.102	0.104	0.102
21:01:16	37.2	1.099	0.563	1.175	0.579	0.535	0.586	0.536	0.494	0.344	0.334	0.245	0.135	0.932	0.694	0.633	0.700	0.676	0.697	0.702	0.745	0.438	0.455	0.315	0.233	1.118	0.741	0.715	0.720	0.751	0.803	0.963	1.036	0.540	0.498	0.552	0.755	1.235	0.642	0.719	0.616	0.602	0.654	0.636	0.585	0.379	0.371	1.020	0.835	0.866	0.690	1.334	0.581	0.633	0.503	0.740	0.768	0.444	0.510	0.519	0.295	0.105	0.117	0.104	0.115	0.115	0.104	0.104	0.104	0.103	0.105	0.104	0.115	0.103	0.108	0.103	0.110	0.101	0.105	0.106	0.104	0.107	0.102	0.102	0.104	0.103	0.105	0.104	0.104	0.105	0.114	0.110	0.103	0.106	0.102	0.105	0.102
22:01:16	37.2	1.092	0.565	1.224	0.581	0.535	0.588	0.538	0.492	0.338	0.326	0.247	0.138	0.939	0.696	0.633	0.700	0.674	0.709	0.730	0.757	0.431	0.448	0.318	0.240	1.130	0.751	0.720	0.731	0.765	0.834	1.002	1.056	0.532	0.488	0.671	0.809	1.222	0.639	0.726	0.630	0.610	0.667	0.649	0.593	0.376	0.367	1.024	0.877	0.863	0.689	1.349	0.581	0.632	0.501	0.755	0.775	0.438	0.522	0.547	0.299	0.105	0.117	0.104	0.114	0.115	0.104	0.104	0.104	0.104	0.105	0.105	0.115	0.103	0.108	0.103	0.110	0.102	0.105	0.106	0.104	0.107	0.102	0.102	0.104	0.103	0.105	0.104	0.104	0.105	0.114	0.109	0.103	0.106	0.102	0.105	0.102
23:01:17	37.2	1.083	0.567	1.241	0.584	0.537	0.593	0.540	0.495	0.338	0.321	0.249	0.139	0.941	0.697	0.635	0.702	0.678	0.716	0.752	0.764	0.429	0.441	0.324	0.247	1.154	0.765	0.731	0.744	0.781	0.853	1.034	1.080	0.526	0.484	0.775	0.849	1.205	0.648	0.729	0.637	0.617	0.671	0.665	0.596	0.371	0.363	1.058	0.943	0.864	0.690	1.362	0.581	0.632	0.504	0.772	0.796	0.437	0.524	0.559	0.299	0.105	0.118	0.104	0.115	0.115	0.104	0.104	0.104	0.104	0.105	0.105	0.115	0.103	0.108	0.103	0.110	0.102	0.105	0.106	0.104	0.107	0.102	0.102	0.104	0.103	0.105	0.104	0.104	0.106	0.114	0.110	0.103	0.106	0.102	0.105	0.102
0:00:00																																																																																																	
0:00:00																																																																																																	
0:00:00																																																																																																	
0:00:00																																																																																																	
0:00:00																																																																																																	
0:00:00																																																																																																	
0:00:00																																																																																																	
0:00:00																																																																																																	
0:00:00																																																																																																	
0:00:00																																																																																																	
0:00:00																																																																																																	
0:00:00																																																																																																	
0:00:00																																																																																																	
0:00:00																																																																																																	
0:00:00																																																																																																	
0:00:00																																																																																																	
0:00:00																																																																																																	
0:00:00																																																																																																	
0:00:00																																																																																																	
0:00:00																																																																																																	
0:00:00																																																																																																	
0:00:00																																																																																																	
0:00:00																																																																																																	
0:00:00																																																																																																	
0:00:00																																																																																																	

Results
	1	2	3	4	5	6	7	8	9	10	11	12
A	2.249	2.014	4.366	2.102	1.893	2.102	2.033	1.856	1.083	0.640	0.178	0.071	Max V [578]
	0.986	0.988	0.965	0.987	0.978	0.988	0.987	0.993	0.998	0.998	0.997	0.993	R-Squared [578]
	7:01:09	8:01:10	18:01:15	8:01:10	8:01:10	8:01:10	8:01:10	8:01:10	8:01:10	7:01:09	14:01:13	10:01:11	t at Max V [578]
	4:57:38	5:12:35	16:12:46	5:14:26	5:10:10	5:13:37	5:17:04	5:18:56	4:51:35	4:26:35	4:39:09	6:44:09	Lagtime [578]
B	2.248	2.136	1.990	2.184	2.102	2.161	1.872	1.975	1.314	0.831	0.311	0.179	Max V [578]
	0.986	0.987	0.986	0.986	0.986	0.992	0.993	0.991	0.997	0.999	0.999	0.999	R-Squared [578]
	7:01:09	8:01:10	7:01:09	8:01:10	7:01:09	8:01:10	8:01:10	8:01:10	8:01:10	7:01:09	8:01:10	10:01:11	t at Max V [578]
	4:54:13	5:01:25	4:53:02	5:03:49	4:53:18	5:06:11	5:10:32	5:06:14	4:46:34	4:16:47	4:29:57	6:15:08	Lagtime [578]
C	2.429	2.221	2.048	2.145	2.190	2.055	1.865	2.006	1.353	0.875	1.706	0.874	Max V [578]
	0.993	0.989	0.987	0.986	0.992	0.996	0.992	0.993	0.995	0.999	0.990	0.999	R-Squared [578]
	7:01:09	8:01:10	7:01:09	8:01:10	8:01:10	8:01:10	8:01:10	8:01:10	7:01:09	7:01:09	21:01:17	18:01:15	t at Max V [578]
	4:48:50	5:03:56	4:50:37	5:03:17	5:05:53	5:06:56	5:11:39	5:04:17	4:37:31	4:14:46	16:31:53	8:27:30	Lagtime [578]
D	2.394	2.117	2.460	2.122	2.017	2.077	1.997	1.913	1.143	0.681	1.776	1.064	Max V [578]
	0.988	0.989	0.992	0.982	0.989	0.989	0.990	0.993	0.999	0.999	0.988	0.999	R-Squared [578]
	7:01:09	8:01:10	8:01:10	8:01:10	8:01:10	8:01:10	8:01:10	8:01:10	8:01:10	8:01:10	13:01:12	14:01:13	t at Max V [578]
	4:58:55	5:17:56	5:20:43	5:19:06	5:24:20	5:24:03	5:26:39	5:30:09	5:01:00	4:37:49	9:49:30	8:49:47	Lagtime [578]
E	2.366	2.307	4.359	1.912	2.100	1.740	1.869	1.952	1.179	0.742	0.892	0.306	Max V [578]
	0.984	0.989	0.976	0.991	0.992	0.986	0.996	0.994	0.997	0.996	0.997	0.999	R-Squared [578]
	7:01:09	8:01:10	6:01:09	8:01:10	8:01:10	8:01:10	8:01:10	8:01:10	8:01:10	9:01:10	19:01:16	12:01:12	t at Max V [578]
	4:56:55	5:13:24	4:07:47	5:09:06	5:15:45	5:09:06	5:16:17	5:11:23	4:53:03	4:44:32	13:03:16	7:25:36	Lagtime [578]
F	-0.003	-0.005	-0.001	-0.009	-0.001	-0.001	-0.002	-0.003	-0.003	-0.003	-0.007	-0.005	Max V [578]
	0.727	0.713	0.800	0.814	0.750	0.942	0.857	0.540	0.761	0.870	0.915	0.925	R-Squared [578]
	2:01:06	2:01:06	13:01:12	2:01:06	3:01:07	7:01:09	2:01:06	2:01:06	2:01:06	2:01:06	2:01:06	3:01:07	t at Max V [578]
	?????	?????	9:16:09	?????	0:34:24	3:35:24	?????	?????	?????	?????	?????	2:43:58	Lagtime [578]
G	-0.002	-0.004	-0.001	-0.003	0.002	-0.002	-0.002	-0.002	-0.003	-0.002	-0.001	-0.001	Max V [578]
	0.845	0.797	0.481	0.835	0.818	0.676	0.818	0.880	0.921	0.939	0.800	0.942	R-Squared [578]
	2:01:06	2:01:06	2:01:06	2:01:06	21:01:17	2:01:06	2:01:06	2:01:06	2:01:06	2:01:06	18:01:15	7:01:09	t at Max V [578]
	?????	?????	?????	?????	?????	?????	?????	?????	?????	?????	11:46:12	4:43:59	Lagtime [578]
H	0.001	-0.002	-0.001	-0.002	-0.001	-0.006	-0.001	-0.003	-0.004	-0.001	-0.002	-0.001	Max V [578]
	0.941	0.676	0.696	1.000	0.481	0.997	0.889	0.877	0.864	0.721	0.837	0.800	R-Squared [578]
	21:01:17	2:01:06	3:01:07	2:01:06	7:01:09	2:01:06	18:01:15	2:01:06	3:01:07	2:01:06	2:01:06	9:01:10	t at Max V [578]
	22:31:17	?????	6:01:09	?????	2:13:05	0:04:25	8:31:11	?????	3:28:23	0:18:13	?????	10:16:11	Lagtime [578]

