

Software Version	3.12.08



Experiment File Path:	C:\Users\Sarela\Documents\Rita Pires\Exp35_RP_2plates_part1_07052024.xpt
Protocol File Path:	C:\Users\Public\Documents\Protocols\New_96well_578_24H.prt



Plate Number	Plate 1
Date	5/7/2024
Time	5:47:43 PM
Reader Type:	Epoch 2
Reader Serial Number:	2202232E
Reading Type	Reader

Procedure Details

Plate Type	96 WELL PLATE
Discontinuous Kinetics	Runtime 2:00:00 (D:HH:MM), Interval 0:01:00, 49 Reads
Eject plate on completion	
Set Temperature	Setpoint 37°C, Gradient 0 °C
Shake	Double Orbital: 0:01:01 (HH:MM:SS)
	Frequency: 282 cpm (3 mm)
Read	Absorbance Endpoint
	Full Plate
	Wavelengths:  578
	Read Speed: Normal,  Delay: 100 msec,  Measurements/Data Point: 8

578

Time	T° 578	A1	A2	A3	A4	A5	A6	A7	A8	A9	A10	A11	A12	B1	B2	B3	B4	B5	B6	B7	B8	B9	B10	B11	B12	C1	C2	C3	C4	C5	C6	C7	C8	C9	C10	C11	C12	D1	D2	D3	D4	D5	D6	D7	D8	D9	D10	D11	D12	E1	E2	E3	E4	E5	E6	E7	E8	E9	E10	E11	E12	F1	F2	F3	F4	F5	F6	F7	F8	F9	F10	F11	F12	G1	G2	G3	G4	G5	G6	G7	G8	G9	G10	G11	G12	H1	H2	H3	H4	H5	H6	H7	H8	H9	H10	H11	H12
0:01:05	37.1	0.103	0.098	0.101	0.110	0.096	0.096	0.099	0.103	0.096	0.110	0.098	0.101	0.108	0.099	0.116	0.104	0.101	0.098	0.098	0.098	0.103	0.096	0.112	0.099	0.102	0.103	0.118	0.098	0.102	0.106	0.102	0.105	0.104	0.109	0.110	0.105	0.100	0.107	0.113	0.105	0.104	0.105	0.100	0.103	0.106	0.101	0.104	0.109	0.100	0.102	0.099	0.109	0.102	0.105	0.101	0.105	0.106	0.104	0.102	0.101	0.106	0.113	0.101	0.111	0.101	0.098	0.099	0.100	0.105	0.110	0.097	0.100	0.105	0.119	0.106	0.105	0.113	0.106	0.104	0.114	0.108	0.106	0.103	0.105	0.103	0.111	0.110	0.106	0.104	0.104	0.106	0.107	0.106	0.108	0.106	0.105
1:01:05	38.2	0.104	0.098	0.101	0.109	0.096	0.097	0.100	0.104	0.097	0.110	0.099	0.100	0.109	0.100	0.113	0.105	0.101	0.099	0.098	0.099	0.103	0.097	0.112	0.099	0.102	0.103	0.114	0.099	0.102	0.107	0.102	0.106	0.104	0.104	0.109	0.105	0.100	0.108	0.112	0.106	0.104	0.105	0.100	0.104	0.105	0.101	0.102	0.109	0.101	0.103	0.100	0.108	0.102	0.106	0.102	0.105	0.106	0.106	0.103	0.102	0.105	0.113	0.101	0.108	0.101	0.098	0.098	0.099	0.104	0.109	0.097	0.100	0.105	0.118	0.106	0.106	0.113	0.106	0.104	0.113	0.108	0.105	0.103	0.105	0.103	0.111	0.110	0.106	0.105	0.104	0.106	0.107	0.105	0.107	0.106	0.105
2:01:06	38.3	0.106	0.100	0.102	0.109	0.098	0.097	0.101	0.105	0.099	0.110	0.100	0.101	0.113	0.102	0.114	0.107	0.102	0.101	0.099	0.101	0.104	0.099	0.114	0.101	0.103	0.105	0.115	0.102	0.103	0.107	0.103	0.107	0.107	0.106	0.112	0.108	0.103	0.110	0.112	0.108	0.106	0.105	0.100	0.106	0.107	0.103	0.107	0.111	0.104	0.106	0.101	0.108	0.105	0.106	0.103	0.106	0.106	0.110	0.105	0.104	0.104	0.112	0.100	0.108	0.101	0.098	0.098	0.099	0.104	0.108	0.096	0.100	0.105	0.119	0.106	0.106	0.112	0.106	0.104	0.113	0.108	0.105	0.103	0.105	0.103	0.111	0.110	0.106	0.105	0.104	0.105	0.107	0.105	0.107	0.106	0.105
3:01:06	38.4	0.114	0.108	0.104	0.111	0.105	0.098	0.108	0.112	0.106	0.116	0.106	0.104	0.123	0.111	0.122	0.114	0.104	0.110	0.101	0.108	0.106	0.107	0.121	0.108	0.106	0.113	0.123	0.110	0.105	0.109	0.106	0.111	0.116	0.111	0.121	0.117	0.112	0.116	0.113	0.115	0.113	0.106	0.100	0.113	0.114	0.110	0.113	0.119	0.115	0.116	0.103	0.111	0.114	0.109	0.105	0.109	0.109	0.112	0.114	0.111	0.104	0.112	0.100	0.108	0.101	0.098	0.098	0.099	0.104	0.107	0.096	0.101	0.105	0.119	0.106	0.105	0.112	0.106	0.104	0.113	0.108	0.105	0.103	0.105	0.103	0.111	0.110	0.106	0.105	0.104	0.105	0.106	0.105	0.107	0.106	0.105
4:01:07	38.6	0.132	0.127	0.110	0.118	0.122	0.098	0.125	0.127	0.122	0.132	0.121	0.116	0.145	0.131	0.143	0.132	0.108	0.128	0.105	0.127	0.110	0.125	0.137	0.126	0.111	0.129	0.140	0.128	0.110	0.114	0.112	0.122	0.138	0.120	0.141	0.137	0.133	0.132	0.114	0.132	0.132	0.108	0.102	0.131	0.129	0.127	0.128	0.138	0.139	0.138	0.108	0.116	0.133	0.114	0.110	0.113	0.114	0.117	0.133	0.129	0.104	0.111	0.100	0.107	0.101	0.097	0.097	0.098	0.103	0.107	0.096	0.100	0.105	0.111	0.106	0.105	0.112	0.106	0.104	0.113	0.108	0.104	0.103	0.105	0.103	0.111	0.110	0.106	0.104	0.104	0.105	0.107	0.104	0.107	0.106	0.105
5:01:08	38.9	0.183	0.170	0.123	0.132	0.157	0.100	0.165	0.159	0.155	0.159	0.138	0.136	0.197	0.177	0.199	0.173	0.114	0.175	0.112	0.169	0.120	0.166	0.164	0.147	0.117	0.168	0.188	0.175	0.117	0.122	0.121	0.146	0.192	0.153	0.171	0.162	0.180	0.169	0.117	0.174	0.169	0.112	0.104	0.171	0.162	0.161	0.150	0.157	0.190	0.185	0.113	0.124	0.177	0.119	0.117	0.119	0.120	0.125	0.164	0.146	0.104	0.110	0.101	0.107	0.101	0.098	0.097	0.098	0.102	0.106	0.096	0.099	0.105	0.117	0.106	0.105	0.112	0.106	0.104	0.113	0.108	0.104	0.103	0.105	0.103	0.110	0.110	0.106	0.105	0.104	0.105	0.106	0.104	0.107	0.106	0.104
6:01:09	38.6	0.283	0.261	0.157	0.171	0.243	0.103	0.256	0.239	0.232	0.209	0.166	0.150	0.320	0.276	0.324	0.285	0.131	0.281	0.147	0.274	0.167	0.247	0.209	0.173	0.142	0.269	0.282	0.280	0.145	0.151	0.166	0.276	0.307	0.315	0.221	0.198	0.286	0.252	0.120	0.270	0.260	0.117	0.108	0.259	0.235	0.228	0.185	0.185	0.309	0.289	0.124	0.158	0.272	0.141	0.140	0.141	0.148	0.144	0.210	0.171	0.104	0.110	0.100	0.108	0.101	0.097	0.097	0.098	0.102	0.105	0.096	0.099	0.105	0.118	0.106	0.105	0.112	0.106	0.104	0.113	0.108	0.105	0.103	0.105	0.103	0.111	0.110	0.106	0.105	0.103	0.105	0.106	0.104	0.107	0.106	0.105
7:01:10	39.1	0.433	0.387	0.234	0.248	0.367	0.107	0.371	0.349	0.342	0.276	0.205	0.173	0.478	0.406	0.477	0.415	0.215	0.427	0.222	0.413	0.240	0.362	0.272	0.211	0.229	0.422	0.433	0.452	0.266	0.276	0.267	0.508	0.474	0.485	0.287	0.246	0.422	0.389	0.127	0.379	0.413	0.128	0.114	0.381	0.356	0.320	0.234	0.223	0.443	0.426	0.198	0.283	0.416	0.258	0.370	0.252	0.251	0.242	0.269	0.203	0.104	0.110	0.101	0.107	0.101	0.097	0.097	0.098	0.102	0.105	0.096	0.099	0.105	0.112	0.106	0.105	0.112	0.106	0.104	0.113	0.108	0.104	0.103	0.105	0.103	0.111	0.110	0.106	0.105	0.103	0.105	0.107	0.104	0.107	0.106	0.105
8:01:10	38.8	0.549	0.497	0.354	0.371	0.491	0.112	0.487	0.439	0.445	0.357	0.246	0.200	0.601	0.519	0.622	0.516	0.340	0.532	0.295	0.507	0.333	0.449	0.335	0.248	0.317	0.537	0.550	0.568	0.395	0.381	0.359	0.816	0.582	0.698	0.354	0.296	0.532	0.504	0.136	0.508	0.517	0.148	0.127	0.507	0.440	0.432	0.284	0.261	0.552	0.523	0.346	0.453	0.534	0.467	0.649	0.434	0.548	0.439	0.343	0.234	0.104	0.109	0.100	0.107	0.100	0.097	0.097	0.098	0.102	0.104	0.096	0.099	0.105	0.112	0.106	0.105	0.112	0.106	0.104	0.113	0.108	0.104	0.103	0.105	0.103	0.110	0.110	0.106	0.105	0.103	0.105	0.106	0.104	0.107	0.106	0.104
9:01:10	38.6	0.617	0.563	0.490	0.482	0.569	0.119	0.570	0.525	0.501	0.423	0.290	0.228	0.689	0.617	0.696	0.587	0.447	0.617	0.372	0.574	0.437	0.522	0.398	0.287	0.387	0.642	0.624	0.663	0.499	0.483	0.452	1.031	0.636	0.859	0.414	0.349	0.632	0.580	0.151	0.572	0.585	0.190	0.150	0.559	0.503	0.482	0.336	0.299	0.661	0.601	0.572	0.790	0.593	0.728	0.913	0.725	0.824	0.693	0.404	0.271	0.105	0.109	0.100	0.108	0.100	0.097	0.097	0.098	0.102	0.104	0.096	0.100	0.105	0.111	0.106	0.105	0.112	0.106	0.104	0.113	0.108	0.105	0.103	0.105	0.103	0.110	0.110	0.106	0.105	0.103	0.105	0.106	0.104	0.107	0.106	0.105
10:01:11	38.9	0.616	0.643	0.594	0.567	0.582	0.131	0.585	0.555	0.531	0.462	0.330	0.249	0.712	0.625	0.718	0.626	0.578	0.675	0.471	0.708	0.566	0.557	0.441	0.319	0.482	0.678	0.630	0.676	0.643	0.593	0.574	1.132	0.672	0.949	0.458	0.389	0.795	0.643	0.170	0.654	0.613	0.252	0.192	0.569	0.507	0.525	0.373	0.331	0.814	0.807	0.839	1.071	0.655	0.994	1.121	0.941	1.005	0.862	0.432	0.299	0.104	0.109	0.101	0.107	0.100	0.097	0.097	0.098	0.102	0.103	0.096	0.101	0.105	0.109	0.106	0.105	0.111	0.106	0.104	0.113	0.108	0.104	0.103	0.105	0.103	0.110	0.110	0.106	0.105	0.103	0.105	0.106	0.104	0.107	0.106	0.105
11:01:12	39.0	0.646	0.689	0.613	0.568	0.584	0.150	0.695	0.533	0.528	0.490	0.351	0.268	0.734	0.641	0.852	0.747	0.752	0.748	0.624	0.821	0.745	0.556	0.463	0.343	0.631	0.705	0.633	0.675	0.838	0.737	0.766	1.144	0.644	0.999	0.476	0.413	0.871	0.660	0.198	0.739	0.663	0.335	0.248	0.556	0.513	0.512	0.403	0.351	0.941	0.916	1.050	1.262	0.713	1.191	1.278	1.102	1.115	0.949	0.459	0.319	0.104	0.109	0.100	0.107	0.100	0.097	0.097	0.098	0.101	0.102	0.096	0.100	0.105	0.109	0.106	0.105	0.111	0.105	0.104	0.113	0.108	0.104	0.102	0.105	0.103	0.110	0.110	0.106	0.104	0.103	0.105	0.106	0.104	0.106	0.105	0.104
12:01:13	39.0	0.654	0.719	0.627	0.615	0.585	0.179	0.637	0.546	0.514	0.497	0.368	0.284	0.755	0.664	0.913	0.811	0.937	0.810	0.826	0.856	0.956	0.532	0.487	0.363	0.831	0.776	0.687	0.745	1.062	0.910	0.967	1.132	0.654	1.018	0.490	0.431	0.959	0.695	0.240	0.828	0.687	0.438	0.387	0.572	0.540	0.497	0.412	0.370	1.100	1.073	1.239	1.370	0.873	1.311	1.360	1.210	1.171	1.002	0.475	0.336	0.104	0.108	0.100	0.108	0.100	0.096	0.097	0.098	0.101	0.102	0.096	0.100	0.105	0.109	0.106	0.105	0.111	0.106	0.104	0.113	0.108	0.104	0.102	0.105	0.103	0.110	0.110	0.106	0.104	0.103	0.105	0.106	0.104	0.106	0.105	0.104
13:01:13	39.1	0.683	0.760	0.627	0.617	0.586	0.223	0.614	0.545	0.494	0.478	0.378	0.296	0.879	0.764	1.029	0.965	1.091	0.948	1.014	0.942	1.127	0.538	0.493	0.376	0.971	0.922	0.848	0.909	1.215	1.141	1.187	1.135	0.673	0.999	0.499	0.443	1.007	0.713	0.294	0.853	0.716	0.546	0.603	0.609	0.607	0.485	0.424	0.378	1.211	1.210	1.347	1.417	1.083	1.362	1.385	1.277	1.216	1.054	0.482	0.349	0.104	0.108	0.100	0.107	0.100	0.097	0.097	0.098	0.101	0.102	0.096	0.100	0.105	0.109	0.106	0.105	0.111	0.105	0.104	0.113	0.108	0.104	0.102	0.105	0.103	0.110	0.110	0.106	0.104	0.103	0.105	0.106	0.104	0.106	0.105	0.104
14:01:14	39.1	0.743	0.789	0.629	0.606	0.597	0.275	0.622	0.553	0.494	0.460	0.380	0.299	0.925	0.920	1.121	1.105	1.148	1.103	1.156	1.079	1.265	0.537	0.481	0.378	1.029	1.081	0.995	1.061	1.253	1.288	1.259	1.138	0.676	0.989	0.484	0.449	1.035	0.742	0.375	0.897	0.740	0.637	0.866	0.571	0.605	0.472	0.427	0.384	1.281	1.293	1.387	1.434	1.175	1.378	1.401	1.301	1.252	1.159	0.474	0.357	0.104	0.108	0.100	0.108	0.100	0.096	0.097	0.098	0.101	0.102	0.096	0.100	0.105	0.109	0.106	0.105	0.111	0.106	0.104	0.113	0.108	0.104	0.102	0.105	0.103	0.110	0.110	0.106	0.104	0.103	0.105	0.106	0.104	0.106	0.105	0.104
15:01:14	39.1	0.760	0.872	0.628	0.611	0.602	0.343	0.659	0.557	0.501	0.454	0.383	0.301	0.954	1.007	1.190	1.174	1.178	1.202	1.234	1.204	1.372	0.523	0.468	0.385	1.070	1.153	1.084	1.146	1.279	1.314	1.318	1.166	0.694	0.987	0.475	0.457	1.052	0.791	0.488	0.953	0.766	0.769	1.071	0.588	0.621	0.459	0.424	0.391	1.326	1.327	1.403	1.442	1.207	1.386	1.411	1.310	1.278	1.193	0.461	0.360	0.104	0.108	0.101	0.107	0.100	0.096	0.097	0.098	0.100	0.102	0.096	0.100	0.105	0.109	0.106	0.105	0.111	0.105	0.104	0.113	0.108	0.104	0.102	0.105	0.103	0.110	0.110	0.106	0.104	0.103	0.105	0.106	0.104	0.106	0.105	0.104
16:01:14	38.8	0.773	0.926	0.634	0.610	0.658	0.429	0.694	0.571	0.494	0.449	0.384	0.302	0.989	1.058	1.226	1.224	1.203	1.263	1.294	1.287	1.425	0.530	0.469	0.388	1.104	1.192	1.135	1.179	1.309	1.329	1.358	1.211	0.711	0.992	0.471	0.460	1.060	0.844	0.595	1.007	0.796	0.914	1.146	0.599	0.629	0.462	0.419	0.393	1.359	1.335	1.409	1.449	1.232	1.394	1.418	1.321	1.276	1.218	0.461	0.361	0.104	0.108	0.101	0.108	0.100	0.096	0.097	0.098	0.101	0.102	0.096	0.100	0.105	0.109	0.106	0.105	0.111	0.106	0.104	0.113	0.108	0.104	0.103	0.105	0.103	0.110	0.110	0.106	0.104	0.103	0.105	0.106	0.104	0.106	0.105	0.105
17:01:15	38.6	0.784	0.968	0.635	0.611	0.711	0.509	0.717	0.576	0.511	0.446	0.374	0.299	1.010	1.105	1.253	1.256	1.227	1.295	1.333	1.337	1.449	0.529	0.467	0.386	1.135	1.233	1.179	1.211	1.352	1.345	1.389	1.236	0.729	0.992	0.467	0.465	1.081	0.896	0.688	1.038	0.818	0.962	1.193	0.606	0.640	0.462	0.413	0.398	1.396	1.370	1.415	1.452	1.281	1.399	1.418	1.325	1.285	1.243	0.457	0.364	0.105	0.108	0.100	0.108	0.100	0.096	0.097	0.098	0.100	0.101	0.096	0.100	0.105	0.109	0.106	0.105	0.111	0.105	0.104	0.113	0.108	0.104	0.102	0.105	0.103	0.110	0.110	0.106	0.104	0.103	0.105	0.106	0.104	0.106	0.105	0.104
18:01:15	38.7	0.806	0.999	0.642	0.612	0.756	0.562	0.742	0.585	0.508	0.443	0.366	0.297	1.059	1.151	1.277	1.281	1.242	1.328	1.353	1.371	1.462	0.530	0.467	0.388	1.155	1.246	1.207	1.227	1.369	1.354	1.412	1.247	0.754	0.994	0.468	0.464	1.107	0.940	0.772	1.062	0.849	0.978	1.214	0.621	0.661	0.463	0.414	0.401	1.424	1.401	1.417	1.457	1.318	1.405	1.418	1.331	1.294	1.242	0.458	0.366	0.104	0.108	0.101	0.108	0.100	0.096	0.097	0.097	0.100	0.101	0.096	0.100	0.105	0.109	0.106	0.105	0.111	0.106	0.104	0.113	0.108	0.104	0.102	0.105	0.103	0.109	0.110	0.106	0.104	0.103	0.105	0.106	0.104	0.106	0.105	0.104
19:01:16	37.3	0.793	1.027	0.654	0.616	0.793	0.588	0.760	0.591	0.513	0.439	0.360	0.295	1.101	1.193	1.297	1.307	1.251	1.348	1.365	1.397	1.471	0.543	0.465	0.387	1.171	1.284	1.234	1.247	1.387	1.371	1.437	1.258	0.776	1.022	0.465	0.463	1.119	0.978	0.829	1.090	0.888	0.996	1.234	0.656	0.667	0.463	0.411	0.401	1.444	1.421	1.422	1.460	1.346	1.411	1.410	1.335	1.303	1.252	0.458	0.365	0.104	0.107	0.100	0.108	0.100	0.096	0.097	0.097	0.101	0.101	0.096	0.100	0.105	0.109	0.106	0.105	0.111	0.106	0.104	0.113	0.108	0.104	0.102	0.105	0.103	0.109	0.110	0.106	0.104	0.103	0.105	0.106	0.104	0.106	0.105	0.105
20:01:16	37.1	0.806	1.046	0.664	0.624	0.820	0.634	0.775	0.603	0.521	0.435	0.358	0.292	1.148	1.225	1.316	1.329	1.256	1.364	1.368	1.415	1.476	0.550	0.465	0.386	1.178	1.316	1.276	1.277	1.397	1.390	1.458	1.268	0.794	1.032	0.464	0.462	1.135	0.999	0.887	1.103	0.901	1.028	1.255	0.669	0.672	0.462	0.411	0.401	1.460	1.438	1.424	1.462	1.366	1.414	1.406	1.337	1.310	1.265	0.460	0.365	0.104	0.107	0.100	0.108	0.100	0.096	0.097	0.098	0.101	0.101	0.096	0.100	0.105	0.109	0.106	0.105	0.111	0.106	0.104	0.113	0.108	0.104	0.103	0.105	0.103	0.109	0.110	0.106	0.104	0.103	0.105	0.106	0.104	0.106	0.105	0.105
21:01:17	38.6	0.819	1.059	0.681	0.639	0.846	0.691	0.800	0.612	0.528	0.435	0.354	0.287	1.216	1.275	1.341	1.355	1.266	1.379	1.375	1.429	1.483	0.554	0.464	0.388	1.200	1.346	1.293	1.306	1.414	1.408	1.463	1.282	0.818	1.056	0.473	0.466	1.127	1.008	0.924	1.122	0.923	1.074	1.284	0.682	0.679	0.462	0.411	0.400	1.472	1.456	1.425	1.465	1.384	1.418	1.402	1.338	1.317	1.278	0.462	0.364	0.104	0.107	0.100	0.107	0.100	0.096	0.097	0.098	0.100	0.101	0.096	0.100	0.105	0.109	0.106	0.105	0.111	0.105	0.104	0.113	0.108	0.104	0.102	0.105	0.103	0.109	0.110	0.106	0.104	0.103	0.105	0.106	0.104	0.106	0.105	0.104
22:01:17	39.3	0.837	1.080	0.692	0.645	0.871	0.734	0.810	0.618	0.525	0.433	0.350	0.284	1.278	1.313	1.370	1.383	1.272	1.398	1.380	1.443	1.491	0.558	0.463	0.386	1.210	1.371	1.339	1.337	1.427	1.419	1.469	1.295	0.852	1.078	0.479	0.467	1.164	1.036	0.954	1.136	0.949	1.109	1.311	0.697	0.692	0.463	0.407	0.398	1.484	1.471	1.428	1.466	1.402	1.421	1.399	1.341	1.326	1.288	0.462	0.361	0.104	0.106	0.100	0.107	0.099	0.096	0.097	0.097	0.100	0.101	0.096	0.100	0.105	0.109	0.106	0.105	0.111	0.105	0.104	0.113	0.108	0.104	0.102	0.104	0.103	0.109	0.110	0.106	0.104	0.103	0.105	0.106	0.104	0.106	0.104	0.104
23:01:18	38.5	0.840	1.089	0.697	0.652	0.893	0.772	0.817	0.626	0.526	0.432	0.350	0.283	1.329	1.344	1.388	1.406	1.281	1.423	1.388	1.455	1.501	0.560	0.463	0.383	1.231	1.398	1.369	1.367	1.438	1.442	1.481	1.306	0.878	1.107	0.491	0.472	1.169	1.052	0.987	1.155	0.968	1.113	1.319	0.707	0.702	0.464	0.408	0.398	1.493	1.487	1.432	1.470	1.416	1.426	1.400	1.346	1.338	1.303	0.469	0.378	0.104	0.106	0.101	0.108	0.099	0.096	0.097	0.098	0.100	0.101	0.096	0.101	0.105	0.109	0.106	0.105	0.111	0.106	0.104	0.113	0.108	0.104	0.103	0.105	0.103	0.109	0.110	0.106	0.104	0.103	0.105	0.106	0.104	0.106	0.104	0.105
0:00:00																																																																																																	
0:00:00																																																																																																	
0:00:00																																																																																																	
0:00:00																																																																																																	
0:00:00																																																																																																	
0:00:00																																																																																																	
0:00:00																																																																																																	
0:00:00																																																																																																	
0:00:00																																																																																																	
0:00:00																																																																																																	
0:00:00																																																																																																	
0:00:00																																																																																																	
0:00:00																																																																																																	
0:00:00																																																																																																	
0:00:00																																																																																																	
0:00:00																																																																																																	
0:00:00																																																																																																	
0:00:00																																																																																																	
0:00:00																																																																																																	
0:00:00																																																																																																	
0:00:00																																																																																																	
0:00:00																																																																																																	
0:00:00																																																																																																	
0:00:00																																																																																																	
0:00:00																																																																																																	

Results
	1	2	3	4	5	6	7	8	9	10	11	12
A	1.888	1.701	1.881	1.711	1.787	1.233	1.734	1.556	1.508	1.125	0.688	0.420	Max V [578]
	0.986	0.991	0.993	0.995	0.994	0.995	0.997	0.998	0.990	0.994	1.000	0.999	R-Squared [578]
	7:01:09	7:01:09	8:01:10	8:01:10	7:01:09	16:01:15	7:01:09	7:01:09	7:01:09	7:01:09	8:01:10	8:01:10	t at Max V [578]
	4:16:52	4:17:33	5:40:39	5:30:29	4:30:25	11:35:54	4:25:04	4:27:10	4:22:39	4:25:33	4:23:50	4:04:34	Lagtime [578]
B	2.108	1.873	2.154	1.960	2.744	2.001	2.931	1.874	2.968	1.523	0.988	0.614	Max V [578]
	0.992	0.998	0.989	0.984	0.997	0.984	0.997	0.993	0.995	0.995	0.996	0.999	R-Squared [578]
	7:01:09	7:01:09	7:01:09	12:01:13	11:01:12	13:01:13	12:01:13	14:01:14	12:01:13	7:01:09	7:01:09	8:01:10	t at Max V [578]
	4:15:39	4:20:55	4:19:56	5:40:14	7:00:49	5:49:23	7:55:23	5:20:50	7:21:54	4:14:44	4:15:24	3:58:48	Lagtime [578]
C	2.527	2.028	2.018	2.107	3.082	2.989	3.103	3.850	1.951	2.989	1.032	0.804	Max V [578]
	0.988	0.995	0.980	0.991	0.995	0.994	0.990	0.984	0.976	0.998	0.998	0.998	R-Squared [578]
	11:01:12	7:01:09	13:01:13	7:01:09	11:01:12	12:01:13	11:01:12	7:01:09	6:01:09	7:01:09	7:01:09	8:01:10	t at Max V [578]
	7:20:08	4:30:59	6:58:46	4:24:53	6:58:02	7:24:22	7:20:00	5:04:13	4:00:53	4:49:36	4:07:01	4:04:24	Lagtime [578]
D	2.048	1.789	1.679	1.722	1.815	1.957	3.540	1.707	1.477	1.413	0.796	0.612	Max V [578]
	0.994	0.991	0.998	0.992	0.985	0.992	0.991	0.986	0.989	0.988	0.997	0.999	R-Squared [578]
	8:01:10	7:01:09	15:01:14	7:01:09	7:01:09	14:01:14	13:01:13	7:01:09	7:01:09	7:01:09	8:01:10	8:01:10	t at Max V [578]
	4:29:20	4:29:04	11:17:38	4:21:23	4:24:11	9:17:07	10:29:59	4:21:49	4:23:06	4:23:00	4:17:11	3:54:54	Lagtime [578]
E	2.309	2.472	3.774	4.292	2.350	3.988	4.177	3.679	3.811	3.144	1.020	0.539	Max V [578]
	0.997	0.992	0.996	0.989	0.970	0.997	0.998	0.991	0.981	0.983	0.994	0.999	R-Squared [578]
	11:01:12	11:01:12	10:01:12	9:01:11	12:01:13	9:01:11	8:01:10	9:01:11	8:01:10	8:01:10	7:01:09	8:01:10	t at Max V [578]
	4:54:58	5:29:56	6:53:04	6:26:41	6:21:22	6:25:05	5:52:31	6:22:02	6:03:09	6:02:50	4:09:05	3:51:00	Lagtime [578]
F	-0.007	-0.010	-0.002	-0.012	-0.003	-0.003	-0.006	-0.005	-0.010	-0.014	-0.002	-0.009	Max V [578]
	0.669	0.942	0.678	0.655	0.909	0.758	0.800	0.983	0.940	0.995	0.860	0.751	R-Squared [578]
	2:01:06	4:01:08	2:01:06	2:01:06	2:01:06	2:01:06	2:01:06	2:01:06	2:01:06	2:01:06	2:01:06	4:01:08	t at Max V [578]
	?????	0:08:56	?????	?????	?????	?????	?????	?????	?????	?????	?????	3:15:18	Lagtime [578]
G	-0.002	-0.031	-0.002	-0.001	-0.005	-0.002	-0.002	-0.003	-0.001	-0.004	-0.003	-0.002	Max V [578]
	0.899	0.809	0.796	0.721	0.812	0.750	0.945	0.843	0.633	0.756	0.926	0.676	R-Squared [578]
	2:01:06	7:01:09	3:01:07	19:01:16	2:01:06	2:01:06	2:01:06	2:01:06	9:01:11	2:01:06	2:01:06	2:01:06	t at Max V [578]
	?????	4:33:50	3:22:56	16:26:57	?????	?????	?????	?????	3:41:09	?????	?????	?????	Lagtime [578]
H	-0.001	-0.004	-0.002	-0.002	-0.001	-0.002	-0.002	-0.002	-0.007	-0.004	-0.006	-0.002	Max V [578]
	0.692	0.904	0.595	0.983	0.800	0.756	0.703	0.840	0.783	0.856	0.855	0.527	R-Squared [578]
	11:01:12	17:01:15	9:01:11	2:01:06	11:01:12	2:01:06	2:01:06	2:01:06	2:01:06	2:01:06	21:01:17	2:01:06	t at Max V [578]
	8:21:10	12:51:59	7:13:10	0:10:19	11:01:12	?????	?????	?????	?????	?????	16:08:18	?????	Lagtime [578]



Software Version	3.12.08



Experiment File Path:	C:\Users\Sarela\Documents\Rita Pires\Exp35_RP_2plates_part1_07052024.xpt
Protocol File Path:	C:\Users\Public\Documents\Protocols\New_96well_578_24H.prt



Plate Number	Plate 2
Date	5/7/2024
Time	5:50:07 PM
Reader Type:	Epoch 2
Reader Serial Number:	2202232E
Reading Type	Reader

Procedure Details

Plate Type	96 WELL PLATE
Discontinuous Kinetics	Runtime 2:00:00 (D:HH:MM), Interval 0:01:00, 49 Reads
Eject plate on completion	
Set Temperature	Setpoint 37°C, Gradient 0 °C
Shake	Double Orbital: 0:01:01 (HH:MM:SS)
	Frequency: 282 cpm (3 mm)
Read	Absorbance Endpoint
	Full Plate
	Wavelengths:  578
	Read Speed: Normal,  Delay: 100 msec,  Measurements/Data Point: 8

578

Time	T° 578	A1	A2	A3	A4	A5	A6	A7	A8	A9	A10	A11	A12	B1	B2	B3	B4	B5	B6	B7	B8	B9	B10	B11	B12	C1	C2	C3	C4	C5	C6	C7	C8	C9	C10	C11	C12	D1	D2	D3	D4	D5	D6	D7	D8	D9	D10	D11	D12	E1	E2	E3	E4	E5	E6	E7	E8	E9	E10	E11	E12	F1	F2	F3	F4	F5	F6	F7	F8	F9	F10	F11	F12	G1	G2	G3	G4	G5	G6	G7	G8	G9	G10	G11	G12	H1	H2	H3	H4	H5	H6	H7	H8	H9	H10	H11	H12
0:01:05	37.0	0.100	0.099	0.105	0.103	0.100	0.106	0.100	0.102	0.103	0.098	0.102	0.108	0.106	0.098	0.104	0.106	0.098	0.108	0.115	0.101	0.104	0.101	0.113	0.109	0.099	0.100	0.097	0.118	0.108	0.099	0.111	0.110	0.100	0.107	0.113	0.104	0.099	0.101	0.102	0.101	0.100	0.103	0.110	0.104	0.100	0.105	0.100	0.099	0.102	0.099	0.105	0.110	0.102	0.107	0.098	0.105	0.103	0.099	0.104	0.105	0.104	0.105	0.105	0.115	0.112	0.108	0.108	0.109	0.108	0.102	0.112	0.105	0.107	0.105	0.106	0.102	0.107	0.103	0.103	0.104	0.105	0.111	0.108	0.116	0.107	0.112	0.109	0.106	0.103	0.104	0.104	0.102	0.105	0.103	0.105	0.109
1:01:05	38.0	0.100	0.100	0.105	0.103	0.102	0.105	0.100	0.102	0.104	0.099	0.102	0.109	0.106	0.099	0.105	0.106	0.098	0.109	0.114	0.101	0.105	0.103	0.113	0.110	0.100	0.101	0.098	0.117	0.108	0.099	0.111	0.111	0.101	0.107	0.114	0.105	0.100	0.101	0.102	0.102	0.101	0.103	0.107	0.106	0.101	0.105	0.101	0.101	0.103	0.100	0.107	0.110	0.104	0.109	0.098	0.105	0.104	0.099	0.106	0.106	0.104	0.105	0.105	0.115	0.112	0.108	0.107	0.109	0.108	0.102	0.112	0.106	0.107	0.105	0.106	0.102	0.107	0.103	0.103	0.104	0.105	0.110	0.108	0.115	0.107	0.112	0.109	0.105	0.103	0.104	0.104	0.102	0.105	0.104	0.105	0.109
2:01:05	38.2	0.102	0.102	0.105	0.104	0.104	0.105	0.102	0.105	0.106	0.101	0.105	0.109	0.109	0.102	0.108	0.108	0.100	0.112	0.116	0.104	0.106	0.106	0.116	0.112	0.101	0.104	0.101	0.118	0.109	0.101	0.113	0.114	0.104	0.110	0.118	0.109	0.103	0.103	0.102	0.105	0.104	0.103	0.107	0.109	0.104	0.108	0.104	0.103	0.107	0.104	0.108	0.111	0.107	0.108	0.100	0.106	0.105	0.100	0.109	0.109	0.104	0.104	0.105	0.115	0.112	0.108	0.107	0.109	0.108	0.101	0.112	0.106	0.107	0.105	0.106	0.102	0.107	0.103	0.103	0.104	0.105	0.110	0.108	0.115	0.107	0.112	0.109	0.105	0.103	0.104	0.104	0.102	0.105	0.104	0.105	0.109
3:01:06	38.4	0.111	0.110	0.107	0.107	0.111	0.105	0.109	0.112	0.113	0.109	0.111	0.112	0.120	0.112	0.117	0.117	0.103	0.122	0.120	0.114	0.111	0.118	0.125	0.121	0.105	0.114	0.113	0.129	0.113	0.105	0.117	0.120	0.116	0.119	0.128	0.121	0.113	0.110	0.104	0.114	0.112	0.105	0.108	0.116	0.113	0.115	0.112	0.113	0.118	0.115	0.113	0.114	0.117	0.111	0.103	0.109	0.108	0.103	0.119	0.117	0.104	0.104	0.105	0.114	0.112	0.108	0.107	0.109	0.108	0.101	0.112	0.106	0.106	0.105	0.106	0.102	0.107	0.103	0.103	0.104	0.105	0.110	0.108	0.115	0.107	0.112	0.109	0.105	0.103	0.103	0.104	0.101	0.105	0.104	0.104	0.109
4:01:07	38.6	0.131	0.131	0.113	0.115	0.128	0.106	0.126	0.129	0.130	0.127	0.128	0.123	0.145	0.134	0.138	0.139	0.111	0.145	0.130	0.132	0.123	0.144	0.144	0.141	0.111	0.137	0.138	0.151	0.121	0.113	0.128	0.137	0.142	0.149	0.153	0.148	0.135	0.129	0.107	0.134	0.133	0.108	0.110	0.138	0.135	0.137	0.131	0.137	0.142	0.138	0.121	0.124	0.137	0.119	0.108	0.115	0.113	0.108	0.139	0.138	0.104	0.104	0.105	0.114	0.112	0.108	0.107	0.109	0.108	0.101	0.111	0.106	0.106	0.105	0.106	0.102	0.107	0.103	0.103	0.104	0.105	0.110	0.108	0.115	0.107	0.112	0.109	0.105	0.103	0.103	0.104	0.101	0.105	0.103	0.104	0.109
5:01:08	38.7	0.183	0.179	0.125	0.130	0.167	0.108	0.165	0.166	0.166	0.154	0.145	0.142	0.190	0.182	0.183	0.186	0.130	0.201	0.165	0.180	0.150	0.202	0.173	0.165	0.120	0.190	0.198	0.207	0.138	0.128	0.143	0.176	0.200	0.219	0.204	0.184	0.183	0.170	0.110	0.179	0.175	0.112	0.114	0.193	0.184	0.182	0.159	0.159	0.195	0.190	0.140	0.153	0.180	0.150	0.114	0.121	0.119	0.114	0.169	0.155	0.103	0.104	0.105	0.114	0.112	0.108	0.107	0.109	0.108	0.101	0.111	0.106	0.106	0.105	0.106	0.102	0.107	0.103	0.103	0.104	0.105	0.110	0.108	0.115	0.107	0.111	0.109	0.105	0.103	0.103	0.104	0.101	0.105	0.104	0.104	0.109
6:01:08	38.6	0.287	0.277	0.155	0.169	0.252	0.110	0.247	0.246	0.244	0.199	0.171	0.154	0.293	0.283	0.284	0.296	0.212	0.327	0.268	0.292	0.256	0.307	0.216	0.194	0.166	0.298	0.320	0.326	0.225	0.183	0.209	0.268	0.332	0.363	0.276	0.223	0.292	0.263	0.117	0.277	0.272	0.121	0.121	0.307	0.334	0.267	0.202	0.189	0.306	0.306	0.241	0.314	0.288	0.291	0.143	0.141	0.149	0.135	0.216	0.180	0.103	0.104	0.105	0.114	0.112	0.108	0.107	0.109	0.108	0.101	0.111	0.106	0.106	0.105	0.106	0.102	0.107	0.103	0.103	0.104	0.105	0.110	0.107	0.115	0.107	0.112	0.109	0.105	0.103	0.103	0.104	0.102	0.105	0.104	0.104	0.109
7:01:09	38.9	0.438	0.408	0.221	0.250	0.389	0.116	0.351	0.365	0.359	0.267	0.205	0.176	0.462	0.436	0.417	0.453	0.335	0.502	0.342	0.467	0.409	0.456	0.275	0.230	0.280	0.482	0.501	0.510	0.362	0.283	0.297	0.421	0.508	0.519	0.354	0.273	0.452	0.419	0.130	0.410	0.434	0.145	0.154	0.502	0.537	0.375	0.250	0.224	0.464	0.447	0.425	0.477	0.431	0.383	0.267	0.262	0.247	0.228	0.273	0.213	0.103	0.104	0.105	0.114	0.112	0.108	0.107	0.109	0.108	0.101	0.111	0.106	0.106	0.105	0.106	0.102	0.107	0.103	0.103	0.103	0.105	0.110	0.107	0.115	0.107	0.111	0.109	0.105	0.103	0.103	0.104	0.101	0.104	0.103	0.104	0.109
8:01:10	38.8	0.575	0.515	0.343	0.383	0.517	0.123	0.454	0.468	0.488	0.355	0.255	0.201	0.602	0.566	0.551	0.587	0.445	0.652	0.398	0.594	0.584	0.593	0.350	0.272	0.358	0.634	0.670	0.684	0.490	0.371	0.367	0.649	0.653	0.742	0.441	0.324	0.565	0.583	0.157	0.554	0.576	0.181	0.181	0.658	0.708	0.481	0.310	0.266	0.587	0.591	0.653	0.666	0.558	0.521	0.489	0.493	0.434	0.366	0.333	0.251	0.103	0.104	0.105	0.114	0.112	0.108	0.107	0.109	0.108	0.101	0.111	0.106	0.106	0.105	0.106	0.102	0.107	0.103	0.103	0.103	0.105	0.110	0.107	0.116	0.107	0.112	0.109	0.106	0.103	0.103	0.104	0.101	0.105	0.104	0.104	0.109
9:01:10	38.6	0.643	0.606	0.475	0.509	0.610	0.131	0.530	0.549	0.538	0.404	0.289	0.226	0.688	0.645	0.643	0.653	0.624	0.733	0.495	0.692	0.751	0.674	0.401	0.307	0.434	0.733	0.746	0.778	0.601	0.469	0.444	0.831	0.742	0.930	0.505	0.364	0.656	0.683	0.199	0.632	0.660	0.226	0.193	0.733	0.806	0.561	0.358	0.308	0.663	0.670	0.890	0.935	0.655	0.673	0.672	0.765	0.701	0.604	0.394	0.288	0.103	0.104	0.105	0.114	0.112	0.108	0.107	0.109	0.108	0.101	0.111	0.105	0.106	0.105	0.106	0.102	0.107	0.103	0.103	0.103	0.104	0.109	0.106	0.115	0.107	0.111	0.109	0.105	0.103	0.103	0.104	0.101	0.105	0.103	0.103	0.109
10:01:11	38.8	0.661	0.677	0.577	0.599	0.626	0.144	0.533	0.567	0.576	0.460	0.329	0.250	0.724	0.664	0.661	0.683	0.851	0.741	0.639	0.719	0.884	0.707	0.463	0.342	0.553	0.760	0.804	0.799	0.739	0.601	0.553	0.942	0.792	1.026	0.548	0.403	0.772	0.709	0.254	0.633	0.687	0.285	0.213	0.747	0.820	0.605	0.396	0.332	0.787	0.901	1.092	1.122	0.710	0.836	0.878	0.982	0.930	0.788	0.430	0.318	0.103	0.104	0.105	0.114	0.112	0.108	0.107	0.109	0.108	0.101	0.111	0.106	0.106	0.105	0.106	0.102	0.107	0.103	0.103	0.104	0.105	0.109	0.106	0.116	0.107	0.111	0.109	0.105	0.103	0.103	0.104	0.101	0.104	0.104	0.103	0.109
11:01:12	38.8	0.708	0.706	0.596	0.621	0.615	0.164	0.565	0.542	0.552	0.483	0.357	0.269	0.746	0.702	0.824	0.756	1.054	0.836	0.836	0.785	1.016	0.727	0.490	0.373	0.725	0.764	0.857	0.817	0.909	0.782	0.718	0.979	0.762	1.081	0.577	0.436	0.832	0.741	0.319	0.680	0.667	0.363	0.241	0.719	0.808	0.642	0.420	0.361	0.902	0.982	1.274	1.290	0.740	1.013	1.042	1.125	1.100	0.928	0.450	0.347	0.103	0.104	0.105	0.114	0.112	0.108	0.107	0.109	0.108	0.101	0.111	0.106	0.106	0.105	0.106	0.102	0.107	0.103	0.103	0.103	0.104	0.109	0.106	0.116	0.107	0.111	0.109	0.105	0.103	0.103	0.104	0.101	0.105	0.104	0.103	0.109
12:01:13	38.8	0.712	0.743	0.627	0.636	0.612	0.192	0.597	0.521	0.531	0.499	0.377	0.290	0.773	0.744	0.850	0.823	1.211	0.928	1.016	0.868	1.130	0.709	0.513	0.391	0.946	0.816	0.918	0.843	1.087	0.959	0.965	0.966	0.754	1.117	0.593	0.452	0.855	0.765	0.411	0.714	0.650	0.458	0.283	0.703	0.812	0.633	0.441	0.377	1.109	1.124	1.410	1.401	0.817	1.148	1.204	1.240	1.167	1.037	0.478	0.363	0.103	0.104	0.105	0.114	0.112	0.108	0.107	0.109	0.108	0.101	0.111	0.106	0.106	0.105	0.106	0.102	0.107	0.103	0.103	0.104	0.105	0.109	0.106	0.116	0.107	0.111	0.109	0.105	0.103	0.103	0.104	0.102	0.105	0.104	0.103	0.109
13:01:13	38.9	0.728	0.756	0.630	0.620	0.629	0.230	0.555	0.535	0.516	0.478	0.379	0.297	0.893	0.857	0.957	0.986	1.293	1.056	1.147	0.959	1.214	0.691	0.517	0.398	1.095	0.970	1.012	0.954	1.255	1.151	1.218	0.972	0.745	1.104	0.604	0.462	0.932	0.770	0.533	0.742	0.651	0.559	0.335	0.695	0.837	0.612	0.460	0.393	1.279	1.251	1.471	1.453	0.985	1.235	1.298	1.313	1.218	1.057	0.489	0.377	0.103	0.104	0.105	0.114	0.112	0.108	0.107	0.109	0.108	0.101	0.111	0.106	0.106	0.105	0.106	0.102	0.107	0.103	0.103	0.103	0.105	0.109	0.106	0.116	0.107	0.111	0.108	0.105	0.103	0.103	0.104	0.101	0.104	0.104	0.103	0.109
14:01:13	39.0	0.764	0.793	0.624	0.618	0.638	0.269	0.553	0.519	0.506	0.465	0.394	0.308	0.937	1.012	1.076	1.117	1.331	1.177	1.234	1.111	1.239	0.681	0.514	0.411	1.122	1.086	1.156	1.103	1.327	1.242	1.337	0.974	0.747	1.087	0.595	0.471	0.952	0.792	0.683	0.795	0.686	0.647	0.382	0.704	0.887	0.602	0.473	0.409	1.355	1.314	1.491	1.473	1.144	1.282	1.331	1.361	1.263	1.135	0.491	0.387	0.103	0.104	0.105	0.114	0.112	0.108	0.107	0.109	0.108	0.101	0.111	0.106	0.106	0.105	0.106	0.102	0.107	0.103	0.103	0.103	0.104	0.109	0.106	0.115	0.107	0.111	0.109	0.105	0.103	0.103	0.104	0.101	0.105	0.103	0.103	0.109
15:01:13	38.9	0.786	0.859	0.619	0.621	0.665	0.318	0.569	0.514	0.502	0.455	0.392	0.310	0.975	1.092	1.138	1.179	1.339	1.239	1.253	1.208	1.304	0.678	0.505	0.416	1.131	1.130	1.218	1.167	1.345	1.276	1.395	0.993	0.765	1.081	0.585	0.478	0.999	0.834	0.943	0.864	0.726	0.722	0.425	0.703	0.897	0.597	0.479	0.422	1.387	1.342	1.499	1.481	1.200	1.304	1.360	1.386	1.302	1.201	0.485	0.390	0.103	0.104	0.104	0.114	0.112	0.108	0.107	0.109	0.108	0.101	0.111	0.106	0.107	0.105	0.106	0.102	0.107	0.103	0.103	0.103	0.104	0.109	0.106	0.115	0.107	0.111	0.109	0.105	0.103	0.103	0.104	0.101	0.105	0.104	0.103	0.109
16:01:14	38.7	0.802	0.926	0.622	0.617	0.687	0.371	0.586	0.521	0.503	0.446	0.394	0.312	1.001	1.126	1.173	1.218	1.346	1.273	1.272	1.257	1.381	0.664	0.496	0.419	1.147	1.167	1.253	1.196	1.361	1.297	1.429	1.066	0.779	1.075	0.580	0.483	1.018	0.877	1.037	0.933	0.793	0.774	0.460	0.731	0.912	0.583	0.473	0.426	1.419	1.361	1.504	1.489	1.228	1.317	1.384	1.397	1.330	1.243	0.481	0.391	0.103	0.104	0.104	0.114	0.112	0.108	0.107	0.109	0.108	0.101	0.111	0.106	0.106	0.105	0.106	0.102	0.107	0.103	0.103	0.103	0.104	0.109	0.106	0.115	0.107	0.111	0.109	0.105	0.103	0.103	0.104	0.101	0.104	0.103	0.103	0.109
17:01:15	38.6	0.801	0.980	0.624	0.624	0.728	0.419	0.610	0.540	0.508	0.435	0.393	0.311	1.054	1.160	1.198	1.244	1.356	1.301	1.297	1.294	1.420	0.665	0.491	0.420	1.166	1.193	1.282	1.221	1.375	1.319	1.440	1.136	0.812	1.078	0.573	0.485	1.044	0.946	1.082	1.004	0.855	0.835	0.491	0.750	0.923	0.587	0.466	0.431	1.442	1.385	1.507	1.493	1.268	1.324	1.401	1.407	1.328	1.279	0.478	0.391	0.104	0.104	0.105	0.114	0.112	0.108	0.107	0.109	0.108	0.101	0.111	0.106	0.106	0.105	0.106	0.103	0.107	0.103	0.103	0.104	0.104	0.109	0.106	0.116	0.107	0.111	0.109	0.105	0.103	0.103	0.104	0.102	0.105	0.104	0.103	0.109
18:01:15	38.6	0.817	1.020	0.639	0.627	0.768	0.454	0.637	0.549	0.518	0.432	0.381	0.307	1.119	1.197	1.224	1.266	1.369	1.324	1.314	1.320	1.446	0.659	0.485	0.420	1.185	1.233	1.306	1.242	1.390	1.341	1.461	1.176	0.841	1.081	0.572	0.488	1.060	0.987	1.117	1.064	0.909	0.909	0.528	0.781	0.927	0.589	0.466	0.436	1.462	1.410	1.510	1.496	1.304	1.331	1.408	1.414	1.342	1.300	0.473	0.393	0.103	0.104	0.105	0.114	0.112	0.108	0.107	0.109	0.108	0.101	0.111	0.105	0.106	0.105	0.106	0.102	0.107	0.103	0.103	0.103	0.105	0.109	0.106	0.115	0.107	0.111	0.109	0.105	0.103	0.103	0.104	0.101	0.104	0.104	0.103	0.109
19:01:15	37.3	0.824	1.047	0.656	0.639	0.792	0.476	0.656	0.560	0.528	0.432	0.376	0.303	1.201	1.226	1.252	1.285	1.376	1.337	1.329	1.339	1.460	0.656	0.481	0.419	1.198	1.252	1.327	1.257	1.403	1.360	1.485	1.200	0.868	1.085	0.572	0.489	1.078	1.020	1.152	1.101	0.959	0.966	0.572	0.805	0.939	0.591	0.464	0.437	1.476	1.433	1.512	1.500	1.331	1.338	1.412	1.421	1.353	1.322	0.475	0.392	0.103	0.104	0.105	0.114	0.112	0.107	0.107	0.109	0.108	0.101	0.111	0.105	0.106	0.105	0.106	0.102	0.107	0.103	0.103	0.103	0.104	0.109	0.106	0.116	0.107	0.111	0.108	0.105	0.103	0.103	0.104	0.102	0.104	0.103	0.102	0.109
20:01:16	37.1	0.838	1.065	0.664	0.654	0.815	0.498	0.677	0.590	0.537	0.431	0.371	0.299	1.272	1.267	1.287	1.310	1.379	1.350	1.335	1.364	1.466	0.655	0.479	0.423	1.206	1.291	1.347	1.277	1.414	1.372	1.496	1.218	0.888	1.095	0.570	0.490	1.098	1.051	1.185	1.125	0.992	1.020	0.620	0.843	0.950	0.592	0.461	0.441	1.489	1.448	1.514	1.503	1.348	1.342	1.411	1.426	1.362	1.340	0.480	0.391	0.103	0.104	0.104	0.114	0.112	0.107	0.107	0.109	0.108	0.101	0.111	0.105	0.106	0.105	0.106	0.102	0.107	0.103	0.103	0.103	0.104	0.109	0.105	0.115	0.107	0.111	0.109	0.105	0.103	0.103	0.104	0.102	0.104	0.103	0.102	0.109
21:01:17	38.7	0.845	1.089	0.683	0.670	0.840	0.514	0.699	0.578	0.546	0.426	0.366	0.295	1.329	1.310	1.319	1.344	1.383	1.360	1.343	1.382	1.479	0.655	0.477	0.425	1.236	1.320	1.368	1.303	1.425	1.385	1.510	1.239	0.909	1.110	0.569	0.492	1.122	1.074	1.215	1.150	1.023	1.077	0.682	0.853	0.974	0.596	0.461	0.442	1.496	1.460	1.517	1.508	1.367	1.343	1.406	1.426	1.367	1.363	0.483	0.393	0.103	0.106	0.104	0.114	0.112	0.107	0.107	0.109	0.108	0.101	0.111	0.106	0.106	0.105	0.106	0.102	0.107	0.103	0.103	0.103	0.105	0.109	0.106	0.115	0.107	0.111	0.108	0.105	0.103	0.103	0.104	0.101	0.104	0.103	0.102	0.109
22:01:17	39.2	0.866	1.108	0.696	0.681	0.864	0.537	0.707	0.593	0.555	0.428	0.364	0.294	1.380	1.344	1.352	1.376	1.387	1.387	1.348	1.399	1.489	0.659	0.477	0.422	1.249	1.352	1.397	1.325	1.437	1.399	1.522	1.265	0.926	1.124	0.570	0.499	1.136	1.101	1.242	1.173	1.052	1.160	0.762	0.868	0.984	0.598	0.460	0.444	1.509	1.474	1.520	1.513	1.381	1.344	1.404	1.431	1.374	1.380	0.487	0.398	0.103	0.106	0.104	0.114	0.112	0.108	0.107	0.109	0.108	0.101	0.111	0.106	0.106	0.105	0.106	0.102	0.107	0.103	0.103	0.103	0.104	0.109	0.106	0.115	0.107	0.111	0.108	0.105	0.103	0.103	0.104	0.101	0.104	0.104	0.102	0.109
23:01:18	38.5	0.868	1.123	0.707	0.696	0.883	0.565	0.718	0.602	0.558	0.426	0.359	0.292	1.408	1.371	1.375	1.400	1.391	1.416	1.357	1.417	1.496	0.667	0.476	0.424	1.265	1.374	1.422	1.353	1.449	1.410	1.528	1.282	0.955	1.140	0.569	0.510	1.160	1.121	1.258	1.192	1.078	1.187	0.799	0.900	0.985	0.601	0.460	0.443	1.518	1.486	1.523	1.516	1.398	1.348	1.402	1.434	1.383	1.397	0.495	0.421	0.103	0.106	0.104	0.114	0.112	0.107	0.107	0.109	0.108	0.101	0.111	0.105	0.106	0.105	0.106	0.102	0.107	0.103	0.103	0.103	0.104	0.109	0.105	0.115	0.107	0.111	0.109	0.105	0.103	0.103	0.104	0.101	0.104	0.103	0.102	0.109
0:00:00																																																																																																	
0:00:00																																																																																																	
0:00:00																																																																																																	
0:00:00																																																																																																	
0:00:00																																																																																																	
0:00:00																																																																																																	
0:00:00																																																																																																	
0:00:00																																																																																																	
0:00:00																																																																																																	
0:00:00																																																																																																	
0:00:00																																																																																																	
0:00:00																																																																																																	
0:00:00																																																																																																	
0:00:00																																																																																																	
0:00:00																																																																																																	
0:00:00																																																																																																	
0:00:00																																																																																																	
0:00:00																																																																																																	
0:00:00																																																																																																	
0:00:00																																																																																																	
0:00:00																																																																																																	
0:00:00																																																																																																	
0:00:00																																																																																																	
0:00:00																																																																																																	
0:00:00																																																																																																	

Results
	1	2	3	4	5	6	7	8	9	10	11	12
A	2.012	1.820	1.830	1.864	1.918	0.802	1.563	1.643	1.649	1.099	0.667	0.404	Max V [578]
	0.987	0.997	0.990	0.994	0.994	0.997	0.997	0.996	0.985	0.990	0.997	1.000	R-Squared [578]
	7:01:09	7:01:09	8:01:10	8:01:10	7:01:09	15:01:14	7:01:09	7:01:09	7:01:09	8:01:10	8:01:10	8:01:10	t at Max V [578]
	4:19:11	4:17:26	5:45:15	5:31:51	4:31:44	10:32:47	4:21:11	4:24:48	4:25:59	4:23:34	4:19:33	4:08:50	Lagtime [578]
B	2.173	2.018	1.977	2.042	3.272	2.316	2.799	2.211	2.664	2.047	1.033	0.623	Max V [578]
	0.989	0.991	0.996	0.985	0.997	0.988	0.996	0.991	0.998	0.992	0.997	0.999	R-Squared [578]
	7:01:09	7:01:09	7:01:09	7:01:09	10:01:12	7:01:09	11:01:12	7:01:09	8:01:10	7:01:09	8:01:10	8:01:10	t at Max V [578]
	4:24:05	4:20:38	4:23:39	4:19:52	6:15:16	4:19:16	6:46:57	4:25:24	5:03:53	4:12:36	4:20:08	3:44:32	Lagtime [578]
C	2.857	2.371	2.409	2.501	2.762	2.870	3.447	2.929	2.340	3.005	1.278	0.770	Max V [578]
	0.991	0.990	0.985	0.990	0.998	0.996	0.988	0.989	0.990	0.993	0.998	0.998	R-Squared [578]
	11:01:12	7:01:09	7:01:09	7:01:09	11:01:12	11:01:12	12:01:12	8:01:10	7:01:09	7:01:09	7:01:09	7:01:09	t at Max V [578]
	7:13:04	4:26:10	4:19:06	4:28:02	6:07:49	6:59:34	7:55:33	5:06:20	4:15:43	4:32:02	3:50:47	3:20:58	Lagtime [578]
D	2.031	2.244	2.770	1.972	2.125	1.534	0.994	2.385	2.695	1.622	0.843	0.624	Max V [578]
	0.992	0.991	0.980	0.992	0.990	0.998	0.989	0.982	0.989	0.997	0.997	0.995	R-Squared [578]
	7:01:09	7:01:09	14:01:14	7:01:09	7:01:09	12:01:12	21:01:17	7:01:09	7:01:09	7:01:09	7:01:09	7:01:09	t at Max V [578]
	4:18:00	4:37:08	10:17:33	4:24:09	4:28:53	8:07:06	11:20:21	4:24:15	4:27:34	4:15:38	3:56:15	3:33:05	Lagtime [578]
E	2.588	2.355	3.611	3.467	2.077	2.654	3.232	3.689	3.666	3.037	0.944	0.583	Max V [578]
	0.987	0.979	0.998	0.994	0.975	0.999	0.998	0.989	0.995	0.992	0.998	0.999	R-Squared [578]
	11:01:12	8:01:10	8:01:10	9:01:11	13:01:13	10:01:12	9:01:11	9:01:11	9:01:11	9:01:11	7:01:09	8:01:10	t at Max V [578]
	5:34:17	4:35:48	5:27:28	5:13:57	5:59:42	5:25:45	6:04:12	6:12:57	6:23:06	6:21:51	3:57:58	3:52:11	Lagtime [578]
F	-0.001	0.009	-0.001	-0.002	-0.001	-0.001	-0.003	-0.001	-0.001	-0.003	-0.003	-0.001	Max V [578]
	0.727	0.774	0.450	0.781	0.625	0.810	0.628	0.889	0.750	0.722	0.902	0.490	R-Squared [578]
	3:01:07	20:01:16	4:01:07	3:01:07	18:01:15	18:01:15	2:01:06	3:01:07	5:01:08	2:01:06	2:01:06	17:01:14	t at Max V [578]
	0:46:05	19:15:26	4:01:07	0:13:04	20:01:16	16:54:34	?????	1:16:05	4:41:07	?????	?????	21:18:26	Lagtime [578]
G	-0.001	-0.001	-0.001	-0.001	0.000	-0.001	-0.001	-0.001	-0.002	-0.005	-0.005	-0.003	Max V [578]
	0.920	0.481	0.880	0.625	0.321	0.481	0.417	0.800	0.917	0.730	0.966	0.466	R-Squared [578]
	3:01:07	18:01:15	2:01:06	14:01:14	15:01:14	3:01:07	14:01:14	19:01:16	14:01:14	2:01:06	9:01:11	2:01:06	t at Max V [578]
	2:07:45	13:13:13	0:27:45	12:01:13	15:41:14	7:49:10	14:01:13	15:16:14	10:44:51	?????	5:33:08	?????	Lagtime [578]
H	-0.001	-0.001	-0.001	-0.001	-0.001	-0.001	-0.001	-0.002	-0.001	-0.001	-0.004	-0.001	Max V [578]
	0.721	0.889	0.692	0.942	0.889	0.721	0.625	0.947	0.880	0.571	0.925	0.696	R-Squared [578]
	10:01:12	3:01:07	5:01:08	2:01:06	3:01:07	2:01:06	19:01:16	2:01:06	3:01:07	3:01:07	8:01:10	2:01:06	t at Max V [578]
	10:18:20	2:31:06	4:01:07	?????	1:16:05	0:18:13	19:01:16	?????	3:27:47	7:16:10	3:38:53	0:16:05	Lagtime [578]

