

Software Version	3.12.08



Experiment File Path:	C:\Users\Sarela\Documents\Rita Pires\Exp29_RP_3plates_15032024.xpt
Protocol File Path:	C:\Users\Public\Documents\Protocols\New_96well_578_24H.prt



Plate Number	Plate 1
Date	3/15/2024
Time	12:25:10 PM
Reader Type:	Epoch 2
Reader Serial Number:	2202232E
Reading Type	Reader

Procedure Details

Plate Type	96 WELL PLATE
Discontinuous Kinetics	Runtime 2:00:00 (D:HH:MM), Interval 0:01:00, 49 Reads
Eject plate on completion	
Set Temperature	Setpoint 37°C, Gradient 0 °C
Shake	Double Orbital: 0:01:01 (HH:MM:SS)
	Frequency: 282 cpm (3 mm)
Read	Absorbance Endpoint
	Full Plate
	Wavelengths:  578
	Read Speed: Normal,  Delay: 100 msec,  Measurements/Data Point: 8

578

Time	T° 578	A1	A2	A3	A4	A5	A6	A7	A8	A9	A10	A11	A12	B1	B2	B3	B4	B5	B6	B7	B8	B9	B10	B11	B12	C1	C2	C3	C4	C5	C6	C7	C8	C9	C10	C11	C12	D1	D2	D3	D4	D5	D6	D7	D8	D9	D10	D11	D12	E1	E2	E3	E4	E5	E6	E7	E8	E9	E10	E11	E12	F1	F2	F3	F4	F5	F6	F7	F8	F9	F10	F11	F12	G1	G2	G3	G4	G5	G6	G7	G8	G9	G10	G11	G12	H1	H2	H3	H4	H5	H6	H7	H8	H9	H10	H11	H12
0:01:05	37.0	0.133	0.135	0.125	0.144	0.119	0.114	0.121	0.124	0.126	0.126	0.118	0.121	0.119	0.119	0.138	0.126	0.124	0.123	0.124	0.123	0.137	0.125	0.118	0.128	0.139	0.122	0.130	0.130	0.124	0.122	0.148	0.128	0.125	0.139	0.124	0.119	0.136	0.136	0.122	0.134	0.125	0.125	0.118	0.111	0.127	0.118	0.118	0.126	0.157	0.157	0.126	0.133	0.124	0.133	0.126	0.132	0.123	0.118	0.123	0.118	0.124	0.119	0.125	0.135	0.128	0.122	0.136	0.115	0.188	0.126	0.128	0.123	0.119	0.114	0.111	0.121	0.122	0.114	0.132	0.139	0.173	0.120	0.114	0.124	0.124	0.131	0.110	0.114	0.126	0.117	0.121	0.133	0.137	0.152	0.124	0.128
1:01:05	37.0	0.129	0.123	0.123	0.140	0.118	0.113	0.118	0.121	0.123	0.123	0.116	0.119	0.117	0.117	0.133	0.122	0.121	0.120	0.122	0.120	0.134	0.123	0.116	0.123	0.133	0.123	0.130	0.130	0.124	0.122	0.139	0.129	0.126	0.139	0.124	0.121	0.131	0.131	0.120	0.130	0.123	0.122	0.136	0.141	0.156	0.140	0.117	0.122	0.150	0.150	0.123	0.129	0.122	0.141	0.143	0.147	0.135	0.130	0.122	0.117	0.120	0.118	0.125	0.130	0.125	0.125	0.133	0.131	0.195	0.128	0.126	0.122	0.120	0.114	0.113	0.122	0.121	0.115	0.131	0.136	0.171	0.122	0.116	0.126	0.123	0.127	0.110	0.112	0.122	0.116	0.118	0.127	0.130	0.150	0.122	0.125
2:01:06	37.0	0.126	0.121	0.122	0.139	0.117	0.112	0.118	0.121	0.122	0.122	0.116	0.119	0.116	0.123	0.130	0.120	0.120	0.119	0.121	0.117	0.132	0.121	0.115	0.122	0.162	0.129	0.135	0.134	0.129	0.126	0.142	0.133	0.128	0.146	0.130	0.127	0.131	0.129	0.119	0.127	0.122	0.122	0.115	0.110	0.124	0.116	0.116	0.120	0.148	0.144	0.121	0.127	0.117	0.129	0.121	0.128	0.121	0.118	0.120	0.116	0.119	0.118	0.121	0.129	0.125	0.120	0.131	0.114	0.182	0.124	0.126	0.122	0.126	0.120	0.119	0.128	0.134	0.121	0.137	0.141	0.176	0.129	0.123	0.131	0.120	0.124	0.109	0.110	0.120	0.115	0.118	0.124	0.129	0.149	0.121	0.124
3:01:06	37.0	0.125	0.121	0.120	0.138	0.118	0.112	0.117	0.120	0.122	0.122	0.116	0.118	0.116	0.114	0.126	0.120	0.119	0.118	0.120	0.118	0.132	0.121	0.115	0.121	0.156	0.142	0.146	0.146	0.139	0.137	0.151	0.143	0.138	0.157	0.141	0.143	0.130	0.128	0.119	0.125	0.121	0.122	0.115	0.110	0.123	0.116	0.116	0.119	0.146	0.141	0.120	0.125	0.115	0.128	0.120	0.127	0.121	0.119	0.119	0.116	0.119	0.119	0.126	0.126	0.125	0.120	0.131	0.115	0.181	0.124	0.126	0.123	0.141	0.136	0.137	0.141	0.154	0.132	0.148	0.156	0.190	0.144	0.143	0.143	0.122	0.122	0.109	0.110	0.119	0.115	0.117	0.122	0.128	0.149	0.121	0.124
4:01:07	37.1	0.123	0.118	0.119	0.136	0.117	0.112	0.117	0.119	0.121	0.121	0.115	0.117	0.116	0.114	0.123	0.120	0.119	0.117	0.120	0.118	0.130	0.120	0.115	0.120	0.214	0.184	0.170	0.173	0.157	0.156	0.169	0.162	0.157	0.185	0.186	0.205	0.128	0.126	0.119	0.124	0.121	0.121	0.114	0.110	0.122	0.116	0.117	0.120	0.146	0.141	0.120	0.123	0.114	0.127	0.119	0.127	0.121	0.119	0.118	0.116	0.119	0.120	0.121	0.127	0.126	0.120	0.131	0.115	0.182	0.126	0.127	0.124	0.188	0.197	0.204	0.188	0.209	0.160	0.180	0.195	0.227	0.187	0.201	0.185	0.122	0.120	0.109	0.110	0.119	0.115	0.116	0.121	0.128	0.149	0.121	0.124
5:01:08	37.1	0.122	0.116	0.118	0.136	0.117	0.111	0.117	0.118	0.121	0.121	0.114	0.116	0.116	0.114	0.120	0.120	0.117	0.116	0.119	0.118	0.129	0.120	0.116	0.120	0.350	0.385	0.237	0.299	0.245	0.240	0.288	0.235	0.345	0.312	0.381	0.383	0.127	0.125	0.119	0.123	0.120	0.121	0.114	0.110	0.122	0.116	0.118	0.121	0.145	0.139	0.119	0.123	0.112	0.127	0.118	0.126	0.122	0.120	0.118	0.116	0.119	0.121	0.123	0.128	0.125	0.121	0.132	0.116	0.180	0.127	0.130	0.124	0.406	0.426	0.451	0.401	0.432	0.266	0.308	0.335	0.385	0.362	0.463	0.368	0.120	0.119	0.109	0.109	0.119	0.115	0.115	0.120	0.128	0.149	0.120	0.123
6:01:08	37.1	0.120	0.115	0.117	0.135	0.117	0.111	0.117	0.118	0.120	0.121	0.114	0.115	0.116	0.113	0.119	0.120	0.116	0.115	0.119	0.117	0.128	0.119	0.118	0.120	0.541	0.538	0.460	0.497	0.472	0.455	0.432	0.489	0.530	0.558	0.612	0.639	0.126	0.125	0.119	0.123	0.120	0.122	0.114	0.111	0.122	0.116	0.121	0.125	0.144	0.138	0.119	0.122	0.112	0.127	0.118	0.126	0.123	0.121	0.118	0.116	0.118	0.122	0.130	0.131	0.127	0.121	0.133	0.117	0.183	0.130	0.135	0.126	0.693	0.663	0.693	0.623	0.674	0.508	0.563	0.556	0.585	0.711	0.755	0.734	0.120	0.118	0.109	0.109	0.118	0.115	0.115	0.119	0.128	0.147	0.119	0.123
7:01:08	37.0	0.119	0.115	0.117	0.135	0.117	0.111	0.116	0.117	0.120	0.120	0.114	0.114	0.117	0.113	0.119	0.119	0.116	0.115	0.118	0.117	0.128	0.120	0.122	0.126	0.815	0.819	0.733	0.746	0.793	0.798	0.767	0.825	0.855	0.890	0.890	0.953	0.126	0.126	0.120	0.123	0.121	0.123	0.115	0.111	0.123	0.117	0.126	0.133	0.144	0.137	0.118	0.121	0.111	0.127	0.118	0.127	0.124	0.122	0.118	0.117	0.118	0.124	0.132	0.136	0.128	0.122	0.135	0.118	0.184	0.135	0.142	0.128	0.948	0.914	0.955	0.841	0.918	0.830	0.843	0.909	0.910	0.994	1.024	1.034	0.118	0.118	0.110	0.109	0.118	0.115	0.115	0.118	0.127	0.146	0.119	0.123
8:01:09	37.1	0.119	0.114	0.117	0.134	0.117	0.111	0.116	0.117	0.120	0.120	0.114	0.114	0.119	0.116	0.121	0.120	0.117	0.116	0.119	0.118	0.127	0.124	0.133	0.136	1.034	1.084	1.006	1.081	1.115	1.099	1.086	1.127	1.123	1.168	1.156	1.190	0.128	0.128	0.122	0.124	0.122	0.125	0.117	0.113	0.123	0.120	0.136	0.145	0.144	0.137	0.118	0.121	0.111	0.126	0.119	0.129	0.125	0.126	0.121	0.119	0.117	0.129	0.133	0.142	0.131	0.124	0.138	0.118	0.189	0.142	0.150	0.133	1.105	1.076	1.140	1.084	1.138	1.122	1.125	1.149	1.153	1.198	1.200	1.210	0.118	0.119	0.111	0.110	0.119	0.115	0.116	0.118	0.128	0.147	0.119	0.124
9:01:10	37.1	0.118	0.115	0.117	0.133	0.117	0.111	0.116	0.117	0.120	0.119	0.114	0.114	0.123	0.122	0.135	0.124	0.120	0.123	0.119	0.121	0.134	0.133	0.146	0.153	1.185	1.211	1.165	1.218	1.237	1.218	1.210	1.238	1.233	1.270	1.242	1.272	0.133	0.143	0.126	0.127	0.125	0.135	0.120	0.120	0.129	0.135	0.154	0.164	0.144	0.136	0.118	0.121	0.111	0.127	0.120	0.132	0.130	0.131	0.123	0.120	0.118	0.136	0.141	0.150	0.134	0.128	0.140	0.120	0.193	0.152	0.162	0.141	1.221	1.187	1.238	1.208	1.249	1.233	1.235	1.274	1.276	1.297	1.293	1.295	0.121	0.120	0.112	0.112	0.118	0.116	0.116	0.119	0.129	0.148	0.121	0.125
10:01:11	37.1	0.118	0.115	0.117	0.133	0.118	0.111	0.116	0.116	0.120	0.119	0.115	0.114	0.129	0.132	0.150	0.130	0.125	0.132	0.121	0.132	0.138	0.149	0.159	0.173	1.251	1.272	1.241	1.269	1.313	1.307	1.280	1.310	1.311	1.339	1.321	1.338	0.150	0.171	0.145	0.134	0.133	0.158	0.126	0.148	0.149	0.156	0.185	0.185	0.144	0.137	0.118	0.122	0.114	0.137	0.128	0.140	0.137	0.141	0.132	0.125	0.119	0.146	0.151	0.161	0.137	0.133	0.145	0.122	0.203	0.161	0.174	0.150	1.270	1.252	1.280	1.271	1.308	1.311	1.329	1.339	1.350	1.355	1.355	1.366	0.122	0.123	0.114	0.114	0.120	0.117	0.118	0.120	0.130	0.149	0.125	0.126
11:01:11	37.1	0.118	0.115	0.116	0.133	0.118	0.111	0.116	0.116	0.119	0.121	0.118	0.124	0.136	0.147	0.173	0.146	0.141	0.144	0.128	0.152	0.155	0.169	0.181	0.185	1.292	1.316	1.288	1.338	1.373	1.370	1.353	1.371	1.379	1.397	1.375	1.396	0.186	0.209	0.177	0.159	0.172	0.194	0.161	0.182	0.172	0.200	0.218	0.207	0.147	0.142	0.119	0.124	0.121	0.156	0.145	0.152	0.147	0.152	0.141	0.136	0.123	0.157	0.165	0.169	0.146	0.140	0.151	0.130	0.214	0.174	0.187	0.161	1.324	1.300	1.321	1.358	1.370	1.381	1.391	1.400	1.403	1.414	1.405	1.423	0.126	0.126	0.117	0.119	0.122	0.120	0.120	0.122	0.133	0.151	0.131	0.129
12:01:12	37.1	0.118	0.115	0.116	0.133	0.118	0.112	0.116	0.117	0.122	0.127	0.125	0.129	0.147	0.173	0.200	0.161	0.155	0.159	0.137	0.165	0.157	0.196	0.185	0.203	1.329	1.347	1.339	1.407	1.432	1.428	1.411	1.426	1.433	1.448	1.421	1.431	0.213	0.240	0.229	0.190	0.214	0.236	0.200	0.234	0.234	0.243	0.255	0.235	0.153	0.152	0.127	0.135	0.137	0.168	0.163	0.168	0.159	0.168	0.155	0.153	0.129	0.167	0.178	0.182	0.153	0.151	0.163	0.142	0.226	0.197	0.205	0.179	1.358	1.332	1.361	1.419	1.428	1.434	1.443	1.450	1.450	1.462	1.446	1.462	0.131	0.130	0.120	0.127	0.125	0.124	0.122	0.124	0.138	0.157	0.141	0.134
13:01:13	37.1	0.119	0.115	0.116	0.133	0.119	0.112	0.117	0.122	0.131	0.139	0.143	0.156	0.163	0.204	0.232	0.180	0.183	0.191	0.161	0.201	0.193	0.223	0.210	0.228	1.376	1.385	1.379	1.455	1.470	1.468	1.451	1.462	1.472	1.482	1.453	1.472	0.254	0.281	0.277	0.252	0.240	0.275	0.262	0.272	0.299	0.290	0.299	0.268	0.162	0.186	0.145	0.153	0.156	0.201	0.182	0.186	0.173	0.184	0.174	0.173	0.139	0.177	0.199	0.194	0.164	0.165	0.174	0.166	0.239	0.209	0.220	0.199	1.387	1.363	1.389	1.460	1.462	1.472	1.476	1.479	1.477	1.492	1.475	1.489	0.137	0.135	0.125	0.142	0.128	0.129	0.126	0.128	0.153	0.173	0.165	0.150
14:01:13	37.1	0.119	0.115	0.117	0.133	0.122	0.113	0.121	0.137	0.147	0.161	0.159	0.177	0.176	0.239	0.264	0.193	0.211	0.208	0.181	0.219	0.217	0.245	0.223	0.247	1.401	1.408	1.410	1.479	1.494	1.490	1.474	1.484	1.493	1.504	1.482	1.500	0.301	0.331	0.318	0.300	0.305	0.312	0.282	0.314	0.348	0.332	0.359	0.306	0.175	0.190	0.160	0.165	0.176	0.223	0.204	0.202	0.190	0.203	0.196	0.198	0.152	0.195	0.219	0.207	0.182	0.184	0.187	0.175	0.252	0.233	0.239	0.212	1.411	1.392	1.412	1.484	1.485	1.495	1.496	1.499	1.496	1.511	1.492	1.503	0.138	0.140	0.132	0.166	0.131	0.145	0.130	0.144	0.196	0.209	0.199	0.193
15:01:14	37.1	0.122	0.120	0.121	0.140	0.131	0.118	0.133	0.164	0.168	0.179	0.179	0.195	0.194	0.275	0.303	0.223	0.224	0.237	0.202	0.248	0.232	0.270	0.260	0.266	1.431	1.431	1.435	1.497	1.508	1.504	1.488	1.497	1.506	1.517	1.494	1.513	0.355	0.394	0.369	0.340	0.329	0.378	0.362	0.351	0.399	0.394	0.409	0.406	0.194	0.211	0.185	0.193	0.201	0.246	0.232	0.227	0.214	0.226	0.219	0.223	0.168	0.211	0.240	0.219	0.207	0.205	0.201	0.204	0.267	0.258	0.262	0.242	1.430	1.413	1.430	1.499	1.498	1.506	1.507	1.510	1.507	1.521	1.501	1.512	0.147	0.149	0.146	0.193	0.139	0.188	0.135	0.201	0.241	0.261	0.240	0.245
16:01:15	37.1	0.130	0.132	0.135	0.155	0.148	0.128	0.155	0.187	0.185	0.201	0.200	0.216	0.208	0.318	0.344	0.241	0.241	0.243	0.230	0.286	0.252	0.279	0.274	0.280	1.453	1.454	1.454	1.507	1.516	1.512	1.496	1.504	1.513	1.520	1.501	1.523	0.411	0.445	0.427	0.393	0.386	0.430	0.404	0.406	0.444	0.453	0.468	0.454	0.211	0.227	0.213	0.210	0.232	0.274	0.252	0.251	0.229	0.245	0.244	0.253	0.182	0.231	0.261	0.236	0.221	0.228	0.218	0.222	0.279	0.282	0.286	0.263	1.445	1.430	1.444	1.503	1.507	1.514	1.513	1.516	1.511	1.527	1.507	1.518	0.165	0.187	0.203	0.231	0.166	0.253	0.149	0.283	0.295	0.323	0.279	0.300
17:01:16	37.1	0.141	0.149	0.161	0.177	0.170	0.146	0.182	0.211	0.206	0.225	0.225	0.249	0.233	0.360	0.392	0.277	0.268	0.284	0.278	0.308	0.283	0.320	0.294	0.305	1.468	1.467	1.470	1.513	1.522	1.518	1.500	1.507	1.515	1.526	1.505	1.528	0.469	0.514	0.530	0.462	0.465	0.467	0.487	0.452	0.513	0.507	0.526	0.534	0.239	0.251	0.249	0.235	0.252	0.292	0.275	0.277	0.256	0.280	0.272	0.292	0.204	0.254	0.283	0.257	0.256	0.254	0.253	0.259	0.311	0.310	0.317	0.293	1.461	1.448	1.457	1.510	1.510	1.519	1.518	1.522	1.518	1.534	1.513	1.524	0.222	0.286	0.290	0.272	0.268	0.321	0.242	0.348	0.351	0.385	0.325	0.355
18:01:16	37.1	0.156	0.172	0.194	0.197	0.193	0.168	0.208	0.240	0.227	0.252	0.243	0.295	0.253	0.418	0.454	0.306	0.293	0.306	0.292	0.316	0.303	0.344	0.309	0.315	1.478	1.472	1.480	1.518	1.526	1.523	1.506	1.514	1.524	1.532	1.510	1.534	0.524	0.552	0.605	0.520	0.527	0.544	0.544	0.526	0.587	0.593	0.582	0.591	0.259	0.278	0.281	0.255	0.280	0.314	0.303	0.301	0.278	0.303	0.295	0.326	0.225	0.276	0.316	0.279	0.290	0.279	0.267	0.278	0.342	0.347	0.347	0.326	1.472	1.462	1.467	1.513	1.516	1.524	1.520	1.526	1.520	1.538	1.515	1.526	0.345	0.392	0.380	0.312	0.363	0.374	0.347	0.402	0.394	0.435	0.366	0.403
19:01:17	37.1	0.176	0.197	0.230	0.225	0.212	0.191	0.236	0.265	0.254	0.282	0.277	0.326	0.276	0.489	0.510	0.332	0.314	0.319	0.337	0.352	0.335	0.364	0.335	0.317	1.485	1.475	1.488	1.523	1.530	1.527	1.509	1.516	1.525	1.534	1.513	1.539	0.592	0.604	0.664	0.584	0.599	0.595	0.598	0.585	0.651	0.639	0.635	0.650	0.278	0.301	0.316	0.282	0.308	0.348	0.339	0.336	0.309	0.333	0.323	0.373	0.246	0.307	0.341	0.300	0.327	0.317	0.288	0.311	0.372	0.373	0.377	0.363	1.480	1.472	1.475	1.516	1.520	1.526	1.523	1.529	1.524	1.539	1.518	1.529	0.408	0.453	0.429	0.361	0.413	0.425	0.428	0.456	0.453	0.486	0.418	0.451
20:01:17	37.1	0.203	0.227	0.276	0.265	0.246	0.231	0.275	0.301	0.287	0.326	0.312	0.348	0.314	0.551	0.578	0.370	0.359	0.368	0.359	0.385	0.365	0.396	0.359	0.352	1.489	1.480	1.496	1.525	1.532	1.530	1.510	1.518	1.528	1.537	1.513	1.542	0.645	0.648	0.732	0.657	0.680	0.652	0.661	0.638	0.705	0.712	0.695	0.706	0.312	0.328	0.358	0.324	0.352	0.395	0.375	0.373	0.344	0.375	0.360	0.416	0.276	0.333	0.381	0.329	0.357	0.358	0.317	0.357	0.402	0.420	0.407	0.395	1.487	1.480	1.485	1.520	1.524	1.528	1.526	1.532	1.524	1.543	1.521	1.534	0.483	0.524	0.506	0.410	0.485	0.486	0.492	0.514	0.495	0.534	0.459	0.502
21:01:18	37.1	0.230	0.256	0.318	0.291	0.284	0.274	0.323	0.344	0.329	0.369	0.346	0.391	0.340	0.618	0.640	0.410	0.405	0.398	0.396	0.421	0.409	0.425	0.366	0.376	1.488	1.487	1.503	1.529	1.535	1.535	1.516	1.522	1.532	1.541	1.518	1.546	0.712	0.709	0.813	0.712	0.738	0.707	0.719	0.686	0.750	0.770	0.741	0.768	0.346	0.357	0.391	0.365	0.395	0.436	0.427	0.423	0.391	0.425	0.411	0.469	0.307	0.369	0.417	0.354	0.401	0.393	0.351	0.396	0.434	0.442	0.445	0.424	1.490	1.487	1.492	1.525	1.528	1.533	1.530	1.534	1.529	1.546	1.525	1.539	0.544	0.604	0.572	0.475	0.525	0.539	0.544	0.569	0.556	0.593	0.520	0.559
22:01:18	37.1	0.261	0.291	0.368	0.341	0.325	0.320	0.374	0.395	0.374	0.408	0.393	0.437	0.378	0.684	0.709	0.430	0.415	0.426	0.434	0.455	0.438	0.465	0.396	0.378	1.490	1.494	1.509	1.533	1.538	1.538	1.519	1.524	1.534	1.543	1.521	1.551	0.777	0.788	0.877	0.773	0.780	0.744	0.758	0.741	0.799	0.849	0.805	0.823	0.375	0.397	0.434	0.400	0.441	0.482	0.478	0.470	0.430	0.474	0.457	0.523	0.344	0.411	0.471	0.380	0.440	0.427	0.390	0.452	0.470	0.486	0.470	0.460	1.494	1.493	1.492	1.531	1.529	1.535	1.531	1.537	1.531	1.548	1.527	1.542	0.616	0.683	0.640	0.529	0.571	0.585	0.607	0.626	0.603	0.642	0.571	0.608
23:01:19	37.0	0.301	0.327	0.417	0.393	0.380	0.376	0.447	0.449	0.435	0.478	0.455	0.486	0.425	0.748	0.767	0.479	0.454	0.451	0.469	0.487	0.466	0.509	0.391	0.418	1.494	1.498	1.513	1.536	1.540	1.540	1.521	1.526	1.538	1.545	1.526	1.555	0.854	0.843	0.941	0.826	0.839	0.800	0.816	0.800	0.849	0.900	0.865	0.890	0.410	0.419	0.463	0.460	0.489	0.529	0.532	0.520	0.480	0.519	0.517	0.574	0.395	0.457	0.517	0.407	0.475	0.469	0.423	0.495	0.511	0.522	0.506	0.495	1.496	1.501	1.498	1.534	1.533	1.536	1.534	1.539	1.534	1.550	1.529	1.544	0.686	0.757	0.715	0.585	0.643	0.652	0.678	0.683	0.652	0.691	0.629	0.663
24:01:19	37.1	0.340	0.362	0.467	0.454	0.437	0.437	0.497	0.525	0.484	0.545	0.522	0.558	0.475	0.817	0.830	0.516	0.489	0.505	0.492	0.534	0.530	0.569	0.462	0.442	1.496	1.501	1.518	1.540	1.543	1.543	1.525	1.529	1.541	1.547	1.529	1.560	0.893	0.893	0.996	0.881	0.888	0.844	0.870	0.854	0.900	0.947	0.922	0.941	0.447	0.447	0.484	0.500	0.548	0.601	0.594	0.583	0.550	0.598	0.586	0.622	0.443	0.503	0.555	0.443	0.513	0.516	0.468	0.532	0.550	0.561	0.541	0.533	1.500	1.506	1.500	1.537	1.535	1.538	1.536	1.542	1.537	1.552	1.531	1.547	0.753	0.824	0.792	0.622	0.698	0.710	0.730	0.743	0.726	0.758	0.697	0.725
25:01:20	37.1	0.383	0.401	0.526	0.517	0.501	0.492	0.553	0.598	0.547	0.590	0.577	0.612	0.525	0.879	0.891	0.558	0.536	0.551	0.558	0.573	0.571	0.563	0.474	0.476	1.498	1.506	1.524	1.542	1.545	1.546	1.528	1.531	1.543	1.552	1.530	1.565	0.960	0.968	1.054	0.922	0.945	0.908	0.923	0.911	0.964	0.995	0.967	0.993	0.477	0.479	0.530	0.553	0.606	0.666	0.641	0.648	0.595	0.647	0.640	0.666	0.503	0.550	0.602	0.478	0.568	0.572	0.514	0.584	0.588	0.600	0.579	0.573	1.502	1.513	1.508	1.539	1.539	1.541	1.539	1.543	1.538	1.554	1.533	1.551	0.819	0.892	0.864	0.693	0.762	0.765	0.796	0.802	0.778	0.808	0.753	0.781
26:01:21	37.1	0.431	0.448	0.586	0.565	0.544	0.554	0.627	0.651	0.594	0.649	0.643	0.673	0.584	0.937	0.936	0.601	0.574	0.589	0.584	0.615	0.591	0.608	0.497	0.537	1.499	1.511	1.527	1.545	1.549	1.548	1.530	1.534	1.547	1.554	1.534	1.568	1.003	1.002	1.104	0.966	0.993	0.954	0.964	0.962	1.012	1.044	1.006	1.040	0.508	0.512	0.578	0.610	0.658	0.712	0.701	0.706	0.662	0.701	0.692	0.707	0.562	0.607	0.652	0.516	0.617	0.621	0.573	0.634	0.629	0.642	0.619	0.610	1.506	1.518	1.511	1.542	1.541	1.543	1.541	1.546	1.541	1.555	1.537	1.554	0.887	0.944	0.928	0.740	0.824	0.827	0.852	0.864	0.841	0.861	0.809	0.834
27:01:21	37.1	0.472	0.490	0.650	0.608	0.592	0.633	0.695	0.735	0.656	0.724	0.714	0.755	0.654	0.982	0.994	0.658	0.632	0.625	0.624	0.659	0.631	0.651	0.526	0.566	1.502	1.515	1.530	1.548	1.550	1.550	1.533	1.535	1.549	1.556	1.537	1.572	1.058	1.068	1.144	1.002	1.050	1.010	1.020	1.016	1.057	1.091	1.062	1.078	0.545	0.550	0.619	0.662	0.704	0.756	0.747	0.754	0.713	0.746	0.726	0.738	0.627	0.661	0.701	0.552	0.669	0.668	0.625	0.682	0.670	0.685	0.656	0.650	1.507	1.520	1.516	1.544	1.544	1.544	1.543	1.546	1.541	1.556	1.538	1.556	0.934	1.002	0.977	0.796	0.883	0.883	0.902	0.917	0.893	0.914	0.865	0.896
28:01:21	37.1	0.513	0.542	0.715	0.694	0.642	0.672	0.765	0.784	0.708	0.787	0.782	0.809	0.726	1.036	1.038	0.698	0.668	0.666	0.656	0.705	0.667	0.726	0.565	0.606	1.507	1.519	1.534	1.552	1.553	1.554	1.535	1.538	1.552	1.558	1.539	1.575	1.081	1.101	1.175	1.047	1.077	1.054	1.056	1.057	1.090	1.138	1.097	1.112	0.584	0.594	0.646	0.697	0.742	0.803	0.796	0.802	0.756	0.790	0.771	0.784	0.693	0.740	0.766	0.590	0.712	0.719	0.670	0.727	0.709	0.724	0.697	0.687	1.511	1.525	1.522	1.548	1.546	1.546	1.545	1.547	1.542	1.556	1.539	1.557	0.977	1.042	1.033	0.836	0.929	0.929	0.947	0.967	0.951	0.965	0.919	0.943
29:01:22	37.1	0.552	0.580	0.762	0.751	0.713	0.751	0.824	0.840	0.774	0.822	0.823	0.867	0.779	1.079	1.078	0.749	0.714	0.712	0.699	0.750	0.700	0.756	0.632	0.640	1.511	1.522	1.536	1.553	1.555	1.556	1.538	1.540	1.554	1.560	1.543	1.581	1.129	1.137	1.206	1.086	1.115	1.102	1.092	1.099	1.130	1.175	1.135	1.145	0.614	0.651	0.686	0.744	0.787	0.852	0.836	0.842	0.798	0.836	0.820	0.825	0.759	0.795	0.825	0.636	0.757	0.747	0.723	0.767	0.749	0.763	0.735	0.724	1.514	1.528	1.524	1.549	1.548	1.548	1.546	1.548	1.545	1.558	1.542	1.560	1.013	1.073	1.072	0.900	0.974	0.975	0.994	1.017	0.997	1.012	0.970	0.998
30:01:22	37.0	0.602	0.624	0.827	0.814	0.791	0.791	0.886	0.884	0.844	0.911	0.878	0.932	0.852	1.119	1.115	0.796	0.760	0.749	0.742	0.797	0.739	0.793	0.639	0.675	1.513	1.526	1.540	1.558	1.557	1.558	1.542	1.542	1.557	1.561	1.547	1.583	1.165	1.166	1.234	1.123	1.148	1.129	1.124	1.138	1.158	1.205	1.162	1.173	0.655	0.652	0.713	0.772	0.831	0.886	0.876	0.884	0.840	0.878	0.858	0.853	0.826	0.846	0.880	0.684	0.807	0.804	0.768	0.807	0.787	0.803	0.774	0.761	1.516	1.530	1.529	1.552	1.552	1.550	1.550	1.551	1.546	1.560	1.546	1.563	1.060	1.107	1.112	0.934	1.013	1.021	1.034	1.057	1.040	1.051	1.014	1.038
31:01:23	37.1	0.633	0.666	0.884	0.871	0.832	0.853	0.951	0.929	0.886	0.950	0.942	0.990	0.910	1.151	1.149	0.840	0.800	0.798	0.779	0.848	0.791	0.850	0.698	0.725	1.514	1.531	1.544	1.560	1.561	1.560	1.544	1.547	1.559	1.565	1.550	1.585	1.176	1.190	1.252	1.148	1.177	1.162	1.148	1.178	1.188	1.233	1.191	1.198	0.708	0.675	0.750	0.796	0.867	0.921	0.911	0.931	0.880	0.921	0.889	0.882	0.882	0.904	0.941	0.730	0.850	0.849	0.820	0.848	0.825	0.839	0.810	0.797	1.518	1.536	1.532	1.556	1.555	1.553	1.552	1.554	1.548	1.561	1.550	1.566	1.090	1.130	1.153	0.981	1.049	1.061	1.071	1.096	1.080	1.089	1.057	1.077
32:01:24	37.1	0.684	0.716	0.946	0.947	0.907	0.919	0.983	1.006	0.955	1.014	0.993	1.057	0.969	1.184	1.180	0.890	0.848	0.848	0.821	0.888	0.832	0.900	0.746	0.773	1.518	1.536	1.547	1.563	1.562	1.563	1.547	1.548	1.561	1.569	1.551	1.587	1.198	1.217	1.273	1.177	1.207	1.193	1.169	1.202	1.210	1.259	1.218	1.220	0.740	0.713	0.809	0.860	0.905	0.964	0.950	0.965	0.927	0.959	0.922	0.917	0.947	0.952	0.979	0.773	0.893	0.890	0.862	0.890	0.861	0.872	0.845	0.829	1.520	1.541	1.537	1.557	1.558	1.554	1.553	1.556	1.550	1.563	1.552	1.567	1.113	1.149	1.182	1.015	1.077	1.088	1.102	1.129	1.119	1.120	1.093	1.118
33:01:24	37.1	0.709	0.746	0.994	0.982	0.926	0.969	1.032	1.052	0.993	1.014	1.043	1.081	1.021	1.204	1.201	0.932	0.892	0.878	0.854	0.921	0.865	0.930	0.773	0.792	1.520	1.538	1.549	1.565	1.562	1.567	1.549	1.550	1.565	1.573	1.554	1.590	1.213	1.229	1.288	1.199	1.223	1.215	1.188	1.219	1.231	1.277	1.236	1.238	0.767	0.732	0.837	0.893	0.940	0.991	0.986	1.001	0.958	0.992	0.954	0.945	0.992	0.985	1.018	0.818	0.931	0.931	0.901	0.926	0.895	0.906	0.878	0.868	1.522	1.544	1.539	1.559	1.556	1.556	1.555	1.559	1.552	1.564	1.556	1.569	1.141	1.170	1.200	1.051	1.104	1.117	1.126	1.162	1.147	1.148	1.122	1.144
34:01:24	37.1	0.745	0.785	1.033	1.018	0.975	1.023	1.065	1.096	1.056	1.056	1.083	1.115	1.064	1.226	1.225	0.973	0.927	0.926	0.896	0.964	0.904	0.967	0.825	0.830	1.522	1.543	1.554	1.569	1.567	1.570	1.552	1.553	1.567	1.575	1.557	1.593	1.229	1.262	1.303	1.222	1.247	1.238	1.210	1.241	1.250	1.297	1.256	1.256	0.802	0.791	0.853	0.940	0.974	1.030	1.016	1.035	0.999	1.025	0.984	0.972	1.037	1.023	1.046	0.861	0.973	0.972	0.945	0.962	0.931	0.942	0.913	0.900	1.526	1.548	1.543	1.563	1.560	1.559	1.558	1.562	1.554	1.568	1.559	1.572	1.166	1.186	1.224	1.069	1.130	1.146	1.151	1.184	1.172	1.173	1.149	1.172
35:01:24	37.1	0.778	0.820	1.078	1.058	1.028	1.050	1.116	1.150	1.096	1.108	1.140	1.157	1.107	1.245	1.243	1.004	0.965	0.956	0.928	0.999	0.935	1.009	0.878	0.888	1.525	1.547	1.556	1.572	1.569	1.573	1.555	1.555	1.568	1.577	1.560	1.596	1.243	1.278	1.314	1.234	1.264	1.256	1.226	1.260	1.268	1.310	1.273	1.271	0.836	0.804	0.900	0.958	0.997	1.052	1.051	1.065	1.030	1.054	1.021	1.006	1.069	1.055	1.074	0.893	1.007	1.005	0.977	0.992	0.958	0.970	0.943	0.929	1.528	1.550	1.546	1.566	1.564	1.560	1.559	1.562	1.556	1.569	1.564	1.573	1.179	1.202	1.247	1.095	1.153	1.166	1.171	1.208	1.199	1.195	1.176	1.199
36:01:24	37.1	0.811	0.848	1.110	1.112	1.085	1.083	1.151	1.202	1.139	1.169	1.158	1.164	1.133	1.256	1.262	1.043	1.002	0.992	0.961	1.032	0.970	1.046	0.903	0.921	1.525	1.551	1.560	1.574	1.571	1.574	1.556	1.558	1.570	1.578	1.560	1.597	1.260	1.292	1.326	1.248	1.278	1.273	1.242	1.272	1.285	1.323	1.287	1.285	0.878	0.823	0.912	0.969	1.023	1.085	1.079	1.095	1.062	1.080	1.042	1.031	1.105	1.090	1.098	0.933	1.041	1.037	1.010	1.020	0.989	0.998	0.972	0.958	1.533	1.554	1.550	1.569	1.566	1.561	1.561	1.565	1.559	1.570	1.565	1.575	1.194	1.224	1.262	1.122	1.169	1.180	1.190	1.224	1.219	1.215	1.197	1.219
37:01:25	37.0	0.846	0.874	1.139	1.147	1.111	1.125	1.184	1.240	1.187	1.192	1.212	1.200	1.159	1.270	1.276	1.075	1.039	1.031	0.997	1.068	1.004	1.079	0.939	0.960	1.527	1.556	1.565	1.576	1.574	1.575	1.558	1.561	1.572	1.582	1.566	1.601	1.263	1.301	1.332	1.259	1.288	1.291	1.257	1.287	1.295	1.338	1.303	1.296	0.907	0.860	0.946	0.986	1.052	1.110	1.097	1.120	1.088	1.109	1.073	1.052	1.135	1.130	1.135	0.968	1.071	1.067	1.044	1.051	1.018	1.030	1.000	0.986	1.535	1.558	1.556	1.569	1.568	1.563	1.564	1.567	1.559	1.571	1.568	1.576	1.200	1.230	1.273	1.137	1.185	1.204	1.209	1.243	1.240	1.230	1.214	1.237
38:01:26	37.1	0.873	0.906	1.174	1.186	1.149	1.162	1.224	1.276	1.220	1.233	1.236	1.230	1.190	1.280	1.290	1.105	1.069	1.060	1.026	1.095	1.033	1.113	0.978	0.996	1.530	1.560	1.567	1.581	1.576	1.578	1.561	1.563	1.576	1.583	1.567	1.603	1.265	1.301	1.343	1.277	1.300	1.304	1.267	1.301	1.307	1.347	1.315	1.305	0.912	0.888	0.976	1.019	1.079	1.135	1.126	1.143	1.116	1.136	1.102	1.085	1.159	1.147	1.159	1.016	1.096	1.093	1.070	1.078	1.042	1.058	1.029	1.011	1.536	1.563	1.557	1.573	1.569	1.566	1.566	1.568	1.562	1.574	1.572	1.577	1.206	1.240	1.287	1.163	1.197	1.215	1.219	1.258	1.252	1.245	1.229	1.256
39:01:26	37.1	0.903	0.926	1.203	1.215	1.213	1.202	1.248	1.307	1.255	1.263	1.263	1.261	1.210	1.283	1.300	1.130	1.099	1.095	1.056	1.126	1.067	1.146	1.022	1.037	1.531	1.563	1.570	1.580	1.579	1.581	1.563	1.566	1.577	1.586	1.569	1.607	1.275	1.310	1.351	1.290	1.310	1.316	1.281	1.312	1.317	1.357	1.325	1.316	0.955	0.909	0.996	1.053	1.117	1.166	1.162	1.167	1.143	1.159	1.127	1.113	1.175	1.171	1.175	1.032	1.123	1.119	1.098	1.101	1.071	1.085	1.059	1.038	1.542	1.566	1.562	1.575	1.573	1.570	1.570	1.572	1.565	1.577	1.575	1.579	1.220	1.244	1.294	1.176	1.210	1.229	1.235	1.272	1.269	1.258	1.248	1.272
40:01:27	37.1	0.925	0.953	1.230	1.242	1.219	1.217	1.261	1.316	1.281	1.274	1.282	1.282	1.228	1.285	1.308	1.155	1.126	1.121	1.082	1.151	1.096	1.172	1.057	1.079	1.532	1.567	1.574	1.587	1.583	1.583	1.565	1.569	1.578	1.588	1.571	1.610	1.278	1.320	1.360	1.300	1.316	1.324	1.289	1.325	1.329	1.368	1.336	1.323	0.952	0.943	1.022	1.117	1.134	1.186	1.175	1.190	1.165	1.183	1.150	1.135	1.195	1.188	1.195	1.060	1.145	1.140	1.118	1.119	1.093	1.106	1.081	1.058	1.543	1.564	1.566	1.577	1.576	1.571	1.571	1.572	1.567	1.578	1.576	1.580	1.227	1.249	1.308	1.189	1.219	1.240	1.245	1.285	1.282	1.272	1.261	1.287
41:01:27	37.1	0.942	0.966	1.244	1.239	1.225	1.234	1.270	1.322	1.281	1.284	1.263	1.272	1.245	1.293	1.313	1.176	1.150	1.145	1.106	1.175	1.120	1.191	1.082	1.101	1.530	1.572	1.577	1.588	1.585	1.584	1.568	1.572	1.579	1.591	1.575	1.611	1.289	1.332	1.365	1.309	1.328	1.332	1.298	1.332	1.335	1.377	1.344	1.331	0.990	0.979	1.038	1.148	1.156	1.209	1.194	1.215	1.188	1.205	1.173	1.152	1.207	1.201	1.216	1.089	1.165	1.159	1.140	1.143	1.116	1.129	1.103	1.082	1.548	1.567	1.571	1.577	1.579	1.573	1.575	1.575	1.569	1.580	1.580	1.582	1.235	1.255	1.322	1.204	1.233	1.253	1.255	1.294	1.291	1.281	1.270	1.296
42:01:28	37.1	0.952	0.968	1.249	1.246	1.234	1.251	1.264	1.313	1.280	1.287	1.274	1.266	1.255	1.291	1.315	1.194	1.170	1.165	1.128	1.195	1.143	1.213	1.113	1.134	1.533	1.574	1.582	1.588	1.588	1.587	1.569	1.574	1.579	1.592	1.578	1.616	1.290	1.329	1.372	1.317	1.334	1.337	1.307	1.342	1.343	1.387	1.354	1.339	1.022	1.007	1.055	1.175	1.183	1.227	1.214	1.228	1.204	1.218	1.192	1.165	1.214	1.220	1.229	1.110	1.185	1.177	1.158	1.164	1.135	1.149	1.123	1.099	1.550	1.565	1.574	1.581	1.581	1.573	1.577	1.577	1.571	1.583	1.581	1.582	1.236	1.257	1.323	1.199	1.241	1.263	1.265	1.305	1.301	1.291	1.280	1.307
43:01:28	37.0	0.961	0.973	1.224	1.238	1.226	1.233	1.254	1.321	1.256	1.267	1.258	1.238	1.264	1.288	1.318	1.208	1.186	1.185	1.148	1.213	1.161	1.230	1.141	1.154	1.534	1.578	1.584	1.592	1.593	1.589	1.573	1.579	1.583	1.596	1.581	1.619	1.289	1.329	1.375	1.323	1.340	1.349	1.315	1.353	1.352	1.391	1.359	1.344	1.039	1.007	1.047	1.190	1.195	1.243	1.225	1.244	1.225	1.234	1.206	1.180	1.219	1.232	1.244	1.129	1.202	1.192	1.173	1.183	1.151	1.166	1.141	1.114	1.548	1.564	1.578	1.583	1.583	1.575	1.578	1.580	1.572	1.584	1.583	1.587	1.231	1.257	1.330	1.206	1.247	1.271	1.274	1.314	1.311	1.300	1.292	1.317
44:01:29	37.0	0.982	0.976	1.195	1.226	1.228	1.212	1.246	1.322	1.258	1.263	1.268	1.222	1.276	1.288	1.324	1.225	1.204	1.202	1.165	1.230	1.181	1.248	1.165	1.180	1.534	1.579	1.588	1.594	1.597	1.594	1.575	1.580	1.586	1.598	1.581	1.621	1.301	1.334	1.385	1.333	1.350	1.359	1.323	1.358	1.356	1.397	1.367	1.351	1.055	0.997	1.019	1.198	1.201	1.248	1.222	1.242	1.230	1.230	1.195	1.171	1.229	1.238	1.252	1.144	1.216	1.207	1.188	1.197	1.168	1.181	1.157	1.129	1.550	1.569	1.583	1.586	1.585	1.578	1.580	1.580	1.572	1.578	1.585	1.587	1.241	1.262	1.333	1.220	1.257	1.279	1.282	1.319	1.321	1.308	1.300	1.325
45:01:30	37.1	0.963	0.982	1.157	1.207	1.235	1.202	1.236	1.325	1.234	1.255	1.259	1.202	1.288	1.285	1.323	1.238	1.220	1.219	1.181	1.245	1.199	1.263	1.186	1.205	1.533	1.583	1.592	1.595	1.599	1.596	1.577	1.583	1.589	1.601	1.585	1.626	1.302	1.336	1.388	1.338	1.356	1.365	1.329	1.368	1.367	1.405	1.373	1.358	1.040	0.951	0.985	1.188	1.194	1.237	1.211	1.227	1.226	1.215	1.182	1.143	1.228	1.240	1.260	1.162	1.229	1.218	1.201	1.210	1.183	1.196	1.173	1.145	1.555	1.567	1.590	1.590	1.586	1.572	1.582	1.584	1.577	1.580	1.589	1.589	1.239	1.267	1.339	1.217	1.262	1.286	1.289	1.330	1.329	1.315	1.308	1.332
46:01:30	37.1	0.937	0.981	1.119	1.175	1.225	1.171	1.206	1.313	1.208	1.229	1.230	1.172	1.294	1.275	1.319	1.249	1.232	1.231	1.194	1.257	1.210	1.272	1.198	1.216	1.531	1.584	1.593	1.601	1.601	1.598	1.580	1.586	1.590	1.604	1.589	1.630	1.289	1.338	1.391	1.341	1.361	1.369	1.333	1.374	1.371	1.411	1.378	1.360	1.001	0.914	0.957	1.153	1.175	1.212	1.187	1.201	1.206	1.187	1.159	1.115	1.226	1.244	1.264	1.179	1.235	1.229	1.210	1.219	1.194	1.208	1.186	1.154	1.555	1.563	1.590	1.592	1.583	1.571	1.585	1.586	1.576	1.583	1.591	1.591	1.240	1.265	1.344	1.229	1.266	1.291	1.291	1.336	1.335	1.321	1.312	1.336
47:01:31	37.1	0.920	0.961	1.086	1.150	1.209	1.144	1.193	1.295	1.199	1.209	1.216	1.146	1.294	1.255	1.310	1.259	1.243	1.243	1.208	1.269	1.226	1.282	1.215	1.232	1.531	1.586	1.595	1.603	1.605	1.602	1.584	1.592	1.593	1.608	1.591	1.633	1.293	1.338	1.393	1.349	1.364	1.375	1.341	1.381	1.376	1.415	1.383	1.365	0.960	0.896	0.925	1.114	1.145	1.182	1.163	1.179	1.181	1.159	1.135	1.073	1.226	1.245	1.270	1.194	1.243	1.235	1.216	1.228	1.202	1.218	1.198	1.165	1.558	1.552	1.596	1.595	1.585	1.578	1.584	1.587	1.578	1.588	1.595	1.595	1.244	1.256	1.347	1.236	1.270	1.293	1.300	1.340	1.341	1.326	1.321	1.341
48:01:32	37.1	0.895	0.945	1.049	1.120	1.181	1.107	1.170	1.278	1.183	1.192	1.199	1.111	1.300	1.238	1.306	1.265	1.253	1.252	1.219	1.280	1.238	1.294	1.231	1.247	1.532	1.585	1.601	1.606	1.609	1.606	1.583	1.595	1.593	1.609	1.595	1.634	1.289	1.336	1.395	1.351	1.370	1.379	1.347	1.388	1.381	1.420	1.389	1.367	0.931	0.875	0.923	1.083	1.116	1.154	1.142	1.150	1.159	1.128	1.111	1.044	1.220	1.242	1.272	1.203	1.249	1.244	1.222	1.236	1.211	1.229	1.206	1.171	1.555	1.552	1.596	1.596	1.585	1.581	1.585	1.588	1.579	1.588	1.595	1.601	1.234	1.256	1.349	1.241	1.274	1.299	1.301	1.346	1.346	1.330	1.326	1.343

Results
	1	2	3	4	5	6	7	8	9	10	11	12
A	0.726	0.753	1.033	1.074	1.081	1.063	1.132	1.162	1.030	1.037	1.096	1.089	Max V [578]
	0.999	0.999	1.000	0.993	0.993	0.992	0.999	0.997	0.997	0.985	0.998	0.995	R-Squared [578]
	26:01:20	27:01:21	26:01:20	29:01:22	30:01:23	27:01:21	27:01:21	25:01:20	28:01:22	28:01:22	26:01:20	25:01:20	t at Max V [578]
	19:15:05	19:06:36	18:32:01	19:39:15	19:52:26	19:04:57	18:36:01	18:19:06	18:28:49	17:31:10	17:58:21	17:25:46	Lagtime [578]
B	1.104	1.102	1.078	0.806	0.757	0.750	0.683	0.785	0.703	0.840	0.741	0.712	Max V [578]
	0.998	1.000	0.999	0.998	0.996	0.998	0.999	0.999	0.995	0.986	0.987	0.992	R-Squared [578]
	28:01:22	20:01:17	21:01:18	28:01:22	26:01:20	30:01:23	30:01:23	29:01:22	31:01:23	27:01:21	32:01:23	35:01:25	t at Max V [578]
	18:58:10	13:28:40	13:14:44	16:08:46	15:59:20	16:00:02	15:00:45	15:40:33	15:39:39	16:23:45	18:07:03	17:26:45	Lagtime [578]
C	3.602	3.722	4.001	4.040	4.378	4.331	4.160	4.406	4.071	4.237	4.079	4.235	Max V [578]
	0.992	0.988	0.993	0.987	0.983	0.980	0.976	0.979	0.986	0.979	0.995	0.993	R-Squared [578]
	7:01:09	6:01:08	7:01:09	7:01:09	7:01:09	7:01:09	7:01:09	7:01:09	6:01:08	6:01:08	6:01:08	6:01:08	t at Max V [578]
	4:01:42	3:52:15	4:33:44	4:23:08	4:33:02	4:33:23	4:34:41	4:32:34	4:04:03	4:07:02	3:53:26	3:50:09	Lagtime [578]
D	1.091	1.041	1.279	1.082	1.205	0.982	1.084	0.994	1.100	1.096	0.961	1.162	Max V [578]
	0.996	0.993	0.991	0.999	0.998	0.994	0.993	0.996	0.997	0.996	0.998	0.989	R-Squared [578]
	21:01:18	22:01:18	17:01:16	18:01:16	18:01:16	19:01:17	16:01:15	18:01:16	18:01:16	21:01:18	22:01:18	16:01:15	t at Max V [578]
	12:08:58	11:46:14	11:50:33	12:01:41	12:23:36	11:04:40	11:26:18	11:08:40	11:09:33	11:02:45	10:05:36	11:15:08	Lagtime [578]
E	0.676	0.710	0.685	0.856	0.916	0.994	0.925	1.001	0.965	0.969	0.986	0.859	Max V [578]
	0.992	0.988	0.991	0.997	0.999	0.994	0.999	0.998	0.996	0.993	0.997	0.999	R-Squared [578]
	30:01:23	27:01:21	26:01:20	25:01:20	24:01:20	24:01:20	24:01:20	24:01:20	24:01:20	24:01:20	24:01:20	22:01:18	t at Max V [578]
	17:37:50	17:37:42	15:11:37	16:45:16	16:17:44	16:13:14	15:40:10	16:28:47	16:46:05	15:56:29	16:20:27	14:11:46	Lagtime [578]
F	1.098	1.038	0.990	0.768	0.831	0.836	0.860	0.812	0.669	0.684	0.650	0.648	Max V [578]
	1.000	0.996	0.999	1.000	0.998	0.999	0.998	0.999	1.000	1.000	1.000	1.000	R-Squared [578]
	28:01:22	27:01:21	29:01:22	30:01:23	26:01:20	26:01:20	26:01:20	26:01:20	27:01:21	26:01:20	27:01:21	25:01:20	t at Max V [578]
	19:22:38	18:09:43	17:17:11	18:08:25	16:14:30	16:07:13	17:36:50	15:25:17	15:01:48	13:27:24	13:26:13	13:27:21	Lagtime [578]
G	3.961	3.746	3.959	3.719	3.908	4.244	4.040	4.134	3.960	4.422	4.267	4.528	Max V [578]
	0.992	0.996	0.997	0.999	1.000	0.980	0.984	0.980	0.984	0.990	0.994	0.986	R-Squared [578]
	6:01:08	6:01:08	6:01:08	6:01:08	6:01:08	7:01:09	6:01:08	6:01:08	6:01:08	6:01:08	6:01:08	6:01:08	t at Max V [578]
	3:42:34	3:36:30	3:35:05	3:44:51	3:39:47	4:21:28	4:04:13	4:02:41	4:00:07	3:52:12	3:37:09	3:52:27	Lagtime [578]
H	1.370	1.403	1.242	0.942	1.307	0.995	1.452	1.108	1.005	0.961	0.997	0.959	Max V [578]
	0.987	0.987	0.991	0.999	0.984	0.999	0.992	0.995	0.997	0.998	0.999	0.999	R-Squared [578]
	18:01:16	18:01:16	18:01:16	21:01:18	18:01:16	24:01:20	18:01:16	16:01:15	24:01:20	16:01:15	24:01:20	25:01:20	t at Max V [578]
	15:35:01	15:12:13	14:39:05	14:40:51	15:18:06	14:07:39	15:35:51	13:52:07	14:21:28	13:04:19	14:31:46	13:41:31	Lagtime [578]



Software Version	3.12.08



Experiment File Path:	C:\Users\Sarela\Documents\Rita Pires\Exp29_RP_3plates_15032024.xpt
Protocol File Path:	C:\Users\Public\Documents\Protocols\New_96well_578_24H.prt



Plate Number	Plate 2
Date	3/15/2024
Time	12:27:34 PM
Reader Type:	Epoch 2
Reader Serial Number:	2202232E
Reading Type	Reader

Procedure Details

Plate Type	96 WELL PLATE
Discontinuous Kinetics	Runtime 2:00:00 (D:HH:MM), Interval 0:01:00, 49 Reads
Eject plate on completion	
Set Temperature	Setpoint 37°C, Gradient 0 °C
Shake	Double Orbital: 0:01:01 (HH:MM:SS)
	Frequency: 282 cpm (3 mm)
Read	Absorbance Endpoint
	Full Plate
	Wavelengths:  578
	Read Speed: Normal,  Delay: 100 msec,  Measurements/Data Point: 8

578

Time	T° 578	A1	A2	A3	A4	A5	A6	A7	A8	A9	A10	A11	A12	B1	B2	B3	B4	B5	B6	B7	B8	B9	B10	B11	B12	C1	C2	C3	C4	C5	C6	C7	C8	C9	C10	C11	C12	D1	D2	D3	D4	D5	D6	D7	D8	D9	D10	D11	D12	E1	E2	E3	E4	E5	E6	E7	E8	E9	E10	E11	E12	F1	F2	F3	F4	F5	F6	F7	F8	F9	F10	F11	F12	G1	G2	G3	G4	G5	G6	G7	G8	G9	G10	G11	G12	H1	H2	H3	H4	H5	H6	H7	H8	H9	H10	H11	H12
0:01:05	37.0	0.128	0.116	0.128	0.113	0.114	0.120	0.113	0.125	0.126	0.114	0.122	0.118	0.128	0.126	0.132	0.114	0.112	0.121	0.126	0.124	0.121	0.121	0.148	0.125	0.126	0.123	0.125	0.123	0.116	0.158	0.142	0.123	0.141	0.131	0.136	0.140	0.121	0.134	0.129	0.132	0.123	0.128	0.126	0.131	0.121	0.125	0.130	0.129	0.112	0.121	0.116	0.127	0.128	0.116	0.136	0.123	0.117	0.127	0.137	0.119	0.128	0.127	0.115	0.121	0.122	0.119	0.123	0.138	0.125	0.138	0.125	0.130	0.123	0.129	0.124	0.125	0.128	0.124	0.125	0.127	0.114	0.126	0.126	0.126	0.120	0.126	0.131	0.117	0.126	0.117	0.123	0.113	0.120	0.112	0.120	0.124
1:01:04	37.0	0.126	0.114	0.125	0.111	0.112	0.114	0.112	0.121	0.123	0.112	0.119	0.117	0.125	0.121	0.126	0.113	0.111	0.119	0.122	0.118	0.119	0.119	0.147	0.123	0.124	0.120	0.125	0.124	0.117	0.147	0.135	0.123	0.141	0.130	0.135	0.130	0.117	0.132	0.126	0.130	0.121	0.125	0.122	0.130	0.119	0.124	0.127	0.126	0.111	0.118	0.115	0.124	0.124	0.115	0.133	0.120	0.116	0.124	0.135	0.117	0.126	0.123	0.115	0.119	0.121	0.118	0.121	0.135	0.124	0.135	0.124	0.126	0.123	0.129	0.122	0.124	0.127	0.125	0.126	0.126	0.116	0.127	0.127	0.126	0.118	0.123	0.121	0.114	0.122	0.116	0.118	0.112	0.118	0.111	0.119	0.122
2:01:05	37.0	0.125	0.113	0.124	0.110	0.112	0.114	0.111	0.120	0.121	0.111	0.118	0.117	0.122	0.120	0.123	0.112	0.111	0.119	0.120	0.117	0.117	0.117	0.146	0.123	0.129	0.126	0.130	0.129	0.123	0.140	0.138	0.129	0.145	0.136	0.140	0.133	0.116	0.132	0.125	0.128	0.120	0.124	0.121	0.129	0.119	0.123	0.126	0.125	0.110	0.117	0.114	0.123	0.123	0.115	0.126	0.119	0.115	0.123	0.135	0.116	0.126	0.123	0.115	0.119	0.121	0.118	0.121	0.134	0.124	0.135	0.123	0.124	0.129	0.135	0.128	0.130	0.133	0.130	0.131	0.131	0.122	0.132	0.132	0.132	0.118	0.122	0.117	0.112	0.119	0.115	0.116	0.112	0.117	0.111	0.118	0.121
3:01:06	37.0	0.124	0.113	0.123	0.110	0.111	0.116	0.111	0.118	0.120	0.110	0.117	0.116	0.122	0.119	0.122	0.112	0.111	0.119	0.120	0.115	0.117	0.116	0.146	0.124	0.140	0.137	0.141	0.139	0.135	0.147	0.150	0.143	0.160	0.152	0.153	0.149	0.116	0.132	0.125	0.128	0.120	0.124	0.123	0.130	0.119	0.123	0.126	0.125	0.109	0.117	0.114	0.122	0.121	0.115	0.127	0.118	0.115	0.123	0.134	0.116	0.126	0.123	0.115	0.120	0.122	0.117	0.121	0.132	0.126	0.135	0.123	0.124	0.141	0.151	0.139	0.144	0.146	0.142	0.142	0.142	0.135	0.147	0.147	0.146	0.117	0.121	0.116	0.112	0.117	0.114	0.115	0.111	0.116	0.112	0.118	0.119
4:01:07	37.1	0.122	0.112	0.122	0.109	0.111	0.124	0.111	0.117	0.119	0.110	0.116	0.116	0.122	0.118	0.121	0.112	0.111	0.120	0.120	0.115	0.117	0.115	0.146	0.125	0.172	0.162	0.167	0.162	0.165	0.176	0.182	0.189	0.205	0.196	0.211	0.205	0.116	0.131	0.124	0.127	0.120	0.123	0.122	0.131	0.119	0.123	0.126	0.125	0.108	0.116	0.114	0.122	0.119	0.116	0.122	0.118	0.115	0.122	0.134	0.116	0.127	0.123	0.115	0.121	0.123	0.117	0.122	0.132	0.127	0.136	0.124	0.124	0.207	0.202	0.179	0.183	0.189	0.179	0.184	0.185	0.181	0.201	0.204	0.192	0.117	0.120	0.115	0.112	0.117	0.113	0.114	0.110	0.115	0.111	0.117	0.118
5:01:08	37.1	0.121	0.112	0.122	0.109	0.110	0.119	0.109	0.116	0.119	0.110	0.116	0.116	0.121	0.118	0.120	0.111	0.111	0.121	0.119	0.116	0.117	0.115	0.147	0.127	0.280	0.226	0.250	0.220	0.260	0.271	0.282	0.318	0.399	0.375	0.427	0.423	0.116	0.131	0.124	0.127	0.120	0.122	0.123	0.131	0.119	0.123	0.126	0.124	0.108	0.115	0.114	0.123	0.118	0.116	0.120	0.117	0.115	0.122	0.133	0.116	0.130	0.123	0.117	0.122	0.125	0.118	0.123	0.131	0.128	0.138	0.125	0.125	0.436	0.394	0.359	0.326	0.344	0.338	0.318	0.314	0.334	0.396	0.408	0.434	0.116	0.119	0.114	0.112	0.116	0.113	0.113	0.110	0.114	0.112	0.116	0.117
6:01:07	37.1	0.121	0.111	0.121	0.109	0.110	0.123	0.109	0.115	0.118	0.110	0.115	0.116	0.120	0.117	0.119	0.111	0.111	0.121	0.120	0.118	0.118	0.117	0.149	0.131	0.493	0.478	0.458	0.443	0.479	0.489	0.504	0.510	0.648	0.672	0.671	0.716	0.116	0.132	0.123	0.128	0.120	0.123	0.124	0.132	0.121	0.125	0.127	0.124	0.108	0.115	0.114	0.123	0.118	0.117	0.119	0.117	0.115	0.122	0.134	0.117	0.136	0.124	0.118	0.128	0.128	0.119	0.126	0.134	0.132	0.141	0.129	0.128	0.708	0.574	0.621	0.512	0.542	0.538	0.592	0.543	0.607	0.691	0.721	0.763	0.116	0.119	0.114	0.112	0.116	0.113	0.113	0.110	0.114	0.113	0.116	0.118
7:01:08	37.1	0.120	0.111	0.120	0.109	0.110	0.120	0.109	0.115	0.117	0.110	0.115	0.116	0.119	0.117	0.119	0.111	0.111	0.122	0.121	0.122	0.119	0.123	0.155	0.138	0.751	0.776	0.703	0.738	0.777	0.771	0.805	0.789	0.841	0.955	0.924	0.948	0.116	0.133	0.124	0.129	0.121	0.124	0.125	0.135	0.124	0.127	0.130	0.127	0.109	0.115	0.115	0.123	0.118	0.120	0.120	0.118	0.116	0.122	0.134	0.117	0.143	0.126	0.119	0.136	0.133	0.120	0.130	0.138	0.138	0.147	0.135	0.132	0.888	0.772	0.809	0.793	0.781	0.784	0.902	0.842	0.865	0.976	0.975	1.028	0.117	0.119	0.114	0.112	0.117	0.113	0.114	0.111	0.114	0.113	0.116	0.118
8:01:09	37.1	0.120	0.111	0.120	0.109	0.110	0.115	0.109	0.114	0.117	0.110	0.114	0.116	0.118	0.117	0.119	0.112	0.111	0.126	0.124	0.130	0.124	0.136	0.164	0.150	1.008	1.054	0.983	1.064	1.099	1.071	1.058	1.075	1.094	1.135	1.149	1.173	0.117	0.134	0.125	0.131	0.123	0.127	0.128	0.139	0.129	0.132	0.136	0.130	0.108	0.115	0.115	0.125	0.120	0.124	0.123	0.121	0.117	0.123	0.134	0.118	0.151	0.128	0.123	0.147	0.143	0.125	0.136	0.141	0.146	0.154	0.145	0.139	1.069	1.031	1.011	1.058	1.079	1.093	1.131	1.129	1.133	1.171	1.171	1.198	0.117	0.120	0.113	0.113	0.117	0.114	0.115	0.112	0.115	0.113	0.116	0.118
9:01:10	37.1	0.120	0.111	0.120	0.109	0.110	0.114	0.110	0.114	0.117	0.110	0.114	0.116	0.121	0.121	0.123	0.112	0.113	0.132	0.129	0.141	0.132	0.150	0.175	0.163	1.160	1.202	1.157	1.190	1.228	1.200	1.175	1.209	1.234	1.257	1.260	1.275	0.118	0.137	0.128	0.134	0.127	0.131	0.138	0.153	0.141	0.143	0.147	0.138	0.109	0.115	0.117	0.128	0.122	0.132	0.130	0.129	0.121	0.126	0.135	0.118	0.162	0.132	0.128	0.161	0.158	0.136	0.146	0.149	0.157	0.167	0.157	0.150	1.201	1.167	1.171	1.208	1.221	1.236	1.231	1.240	1.245	1.280	1.271	1.293	0.119	0.122	0.115	0.115	0.118	0.115	0.117	0.114	0.116	0.115	0.116	0.118
10:01:11	37.1	0.121	0.111	0.120	0.109	0.111	0.114	0.110	0.114	0.117	0.110	0.114	0.118	0.130	0.138	0.139	0.119	0.121	0.140	0.134	0.149	0.144	0.160	0.184	0.177	1.239	1.259	1.221	1.290	1.321	1.288	1.277	1.289	1.314	1.322	1.328	1.343	0.124	0.141	0.131	0.140	0.144	0.148	0.160	0.180	0.167	0.173	0.170	0.156	0.112	0.115	0.121	0.134	0.129	0.142	0.143	0.141	0.131	0.134	0.140	0.121	0.174	0.138	0.137	0.172	0.172	0.160	0.159	0.156	0.171	0.179	0.171	0.164	1.261	1.222	1.261	1.265	1.304	1.313	1.312	1.322	1.327	1.351	1.340	1.365	0.122	0.124	0.117	0.118	0.120	0.116	0.119	0.117	0.118	0.118	0.117	0.120
11:01:11	37.1	0.121	0.111	0.120	0.109	0.114	0.115	0.110	0.115	0.117	0.110	0.115	0.120	0.142	0.166	0.163	0.134	0.134	0.151	0.150	0.159	0.156	0.181	0.193	0.191	1.280	1.310	1.298	1.376	1.381	1.377	1.356	1.364	1.386	1.399	1.387	1.399	0.154	0.157	0.137	0.153	0.172	0.184	0.188	0.216	0.199	0.206	0.206	0.193	0.122	0.120	0.134	0.144	0.142	0.156	0.158	0.157	0.144	0.148	0.155	0.130	0.189	0.146	0.148	0.183	0.192	0.180	0.175	0.176	0.187	0.195	0.186	0.178	1.316	1.277	1.293	1.348	1.374	1.384	1.385	1.388	1.399	1.416	1.400	1.425	0.125	0.128	0.119	0.124	0.123	0.119	0.123	0.120	0.122	0.121	0.118	0.122
12:01:12	37.1	0.121	0.112	0.121	0.110	0.116	0.116	0.110	0.117	0.117	0.110	0.117	0.126	0.157	0.199	0.202	0.146	0.147	0.164	0.153	0.170	0.167	0.195	0.210	0.206	1.322	1.340	1.333	1.427	1.438	1.440	1.422	1.428	1.443	1.452	1.433	1.446	0.190	0.200	0.181	0.181	0.210	0.232	0.228	0.256	0.250	0.253	0.251	0.240	0.129	0.132	0.144	0.156	0.162	0.172	0.176	0.176	0.163	0.167	0.177	0.146	0.203	0.156	0.162	0.196	0.214	0.204	0.203	0.200	0.205	0.215	0.204	0.195	1.353	1.319	1.357	1.405	1.425	1.441	1.436	1.444	1.445	1.460	1.444	1.469	0.130	0.133	0.122	0.135	0.128	0.126	0.131	0.130	0.139	0.128	0.122	0.132
13:01:12	37.1	0.124	0.117	0.122	0.112	0.124	0.119	0.113	0.127	0.119	0.112	0.123	0.141	0.171	0.234	0.249	0.171	0.170	0.184	0.180	0.192	0.197	0.212	0.221	0.220	1.365	1.380	1.379	1.460	1.473	1.478	1.463	1.467	1.479	1.483	1.465	1.481	0.243	0.250	0.241	0.239	0.277	0.281	0.267	0.293	0.297	0.297	0.296	0.287	0.157	0.154	0.165	0.171	0.173	0.192	0.195	0.196	0.182	0.194	0.197	0.169	0.222	0.171	0.186	0.212	0.235	0.225	0.223	0.224	0.225	0.236	0.225	0.212	1.380	1.360	1.381	1.453	1.463	1.479	1.470	1.479	1.481	1.492	1.474	1.498	0.140	0.138	0.126	0.149	0.141	0.148	0.146	0.147	0.160	0.149	0.144	0.157
14:01:13	37.1	0.133	0.128	0.130	0.119	0.135	0.127	0.122	0.147	0.132	0.124	0.133	0.162	0.196	0.269	0.286	0.191	0.200	0.209	0.201	0.212	0.214	0.238	0.237	0.237	1.397	1.409	1.411	1.486	1.498	1.495	1.483	1.489	1.500	1.501	1.486	1.502	0.288	0.311	0.292	0.306	0.331	0.318	0.309	0.329	0.343	0.338	0.341	0.340	0.179	0.196	0.187	0.184	0.188	0.207	0.216	0.217	0.201	0.211	0.221	0.195	0.240	0.187	0.202	0.228	0.256	0.249	0.245	0.243	0.246	0.262	0.248	0.234	1.401	1.377	1.411	1.479	1.484	1.500	1.488	1.499	1.498	1.511	1.492	1.516	0.159	0.149	0.136	0.167	0.169	0.177	0.181	0.178	0.187	0.178	0.165	0.188
15:01:14	37.1	0.149	0.146	0.147	0.135	0.147	0.141	0.137	0.174	0.157	0.148	0.153	0.187	0.216	0.312	0.326	0.230	0.225	0.241	0.233	0.248	0.235	0.263	0.256	0.256	1.416	1.429	1.433	1.500	1.510	1.507	1.495	1.502	1.512	1.513	1.499	1.517	0.357	0.377	0.368	0.361	0.377	0.359	0.364	0.373	0.393	0.384	0.390	0.391	0.198	0.203	0.200	0.201	0.218	0.225	0.237	0.240	0.223	0.230	0.246	0.223	0.259	0.209	0.219	0.243	0.279	0.269	0.266	0.261	0.270	0.288	0.269	0.258	1.423	1.403	1.428	1.496	1.496	1.511	1.499	1.512	1.510	1.524	1.504	1.529	0.193	0.174	0.159	0.189	0.214	0.215	0.225	0.225	0.226	0.219	0.197	0.228
16:01:14	37.1	0.168	0.171	0.170	0.162	0.160	0.157	0.161	0.195	0.178	0.171	0.177	0.210	0.232	0.350	0.368	0.259	0.240	0.253	0.249	0.264	0.254	0.280	0.265	0.275	1.439	1.442	1.449	1.514	1.520	1.518	1.506	1.509	1.519	1.520	1.504	1.523	0.411	0.437	0.423	0.401	0.425	0.399	0.429	0.417	0.439	0.440	0.440	0.448	0.209	0.223	0.219	0.218	0.239	0.247	0.256	0.262	0.245	0.253	0.268	0.255	0.282	0.224	0.242	0.262	0.298	0.290	0.286	0.287	0.298	0.317	0.294	0.283	1.439	1.423	1.442	1.503	1.504	1.518	1.506	1.519	1.515	1.530	1.509	1.534	0.237	0.225	0.207	0.221	0.271	0.261	0.276	0.275	0.271	0.259	0.235	0.270
17:01:15	37.1	0.187	0.196	0.194	0.188	0.177	0.179	0.186	0.225	0.199	0.206	0.202	0.244	0.254	0.393	0.418	0.277	0.282	0.286	0.267	0.292	0.285	0.314	0.287	0.293	1.460	1.456	1.464	1.517	1.524	1.522	1.510	1.516	1.525	1.524	1.510	1.532	0.462	0.495	0.503	0.481	0.478	0.449	0.481	0.468	0.500	0.494	0.498	0.512	0.230	0.245	0.240	0.242	0.266	0.273	0.283	0.292	0.273	0.280	0.294	0.289	0.290	0.243	0.265	0.280	0.320	0.313	0.318	0.318	0.323	0.343	0.323	0.310	1.451	1.440	1.455	1.510	1.509	1.524	1.512	1.524	1.521	1.536	1.515	1.542	0.301	0.303	0.264	0.259	0.318	0.303	0.315	0.324	0.312	0.311	0.284	0.317
18:01:15	37.1	0.207	0.221	0.226	0.212	0.195	0.201	0.225	0.251	0.229	0.244	0.232	0.278	0.286	0.444	0.469	0.320	0.315	0.316	0.307	0.320	0.320	0.331	0.305	0.320	1.471	1.470	1.477	1.524	1.529	1.528	1.516	1.522	1.529	1.527	1.514	1.538	0.501	0.551	0.546	0.528	0.520	0.492	0.529	0.514	0.551	0.552	0.560	0.571	0.243	0.257	0.263	0.265	0.289	0.298	0.307	0.317	0.298	0.300	0.324	0.326	0.306	0.263	0.287	0.290	0.342	0.329	0.343	0.343	0.349	0.374	0.348	0.341	1.468	1.456	1.469	1.515	1.515	1.527	1.515	1.528	1.524	1.538	1.519	1.546	0.364	0.378	0.335	0.305	0.358	0.346	0.354	0.369	0.354	0.357	0.340	0.365
19:01:16	37.0	0.232	0.258	0.259	0.246	0.222	0.235	0.255	0.290	0.252	0.282	0.266	0.310	0.312	0.494	0.523	0.338	0.332	0.347	0.326	0.343	0.338	0.360	0.317	0.334	1.477	1.475	1.486	1.526	1.533	1.531	1.518	1.524	1.531	1.530	1.520	1.542	0.544	0.598	0.629	0.580	0.576	0.549	0.579	0.557	0.598	0.604	0.608	0.627	0.271	0.280	0.290	0.291	0.299	0.324	0.335	0.345	0.323	0.329	0.357	0.361	0.332	0.288	0.311	0.313	0.370	0.355	0.370	0.369	0.377	0.404	0.373	0.372	1.477	1.467	1.479	1.518	1.520	1.530	1.518	1.531	1.527	1.541	1.520	1.550	0.429	0.442	0.398	0.344	0.402	0.393	0.399	0.417	0.399	0.410	0.390	0.413
20:01:17	37.1	0.267	0.287	0.304	0.281	0.256	0.270	0.290	0.324	0.293	0.326	0.306	0.359	0.343	0.546	0.581	0.359	0.362	0.361	0.349	0.380	0.354	0.378	0.336	0.358	1.483	1.482	1.494	1.530	1.535	1.532	1.518	1.528	1.533	1.531	1.520	1.546	0.611	0.664	0.692	0.621	0.618	0.582	0.612	0.605	0.651	0.659	0.667	0.682	0.294	0.306	0.315	0.324	0.337	0.359	0.378	0.376	0.356	0.368	0.402	0.407	0.345	0.311	0.337	0.335	0.395	0.386	0.397	0.398	0.404	0.435	0.401	0.401	1.485	1.475	1.487	1.523	1.524	1.533	1.520	1.533	1.528	1.543	1.523	1.554	0.462	0.480	0.446	0.396	0.447	0.441	0.441	0.464	0.445	0.467	0.445	0.468
21:01:17	37.1	0.294	0.320	0.344	0.320	0.292	0.321	0.339	0.365	0.325	0.379	0.355	0.395	0.373	0.601	0.650	0.390	0.382	0.393	0.393	0.404	0.385	0.415	0.352	0.379	1.486	1.487	1.500	1.534	1.538	1.535	1.521	1.530	1.535	1.533	1.523	1.550	0.656	0.715	0.740	0.667	0.677	0.622	0.654	0.647	0.689	0.721	0.724	0.746	0.325	0.343	0.354	0.355	0.380	0.389	0.422	0.413	0.401	0.412	0.439	0.455	0.375	0.338	0.364	0.357	0.421	0.407	0.424	0.430	0.433	0.470	0.428	0.431	1.489	1.483	1.492	1.528	1.527	1.536	1.522	1.534	1.530	1.545	1.525	1.558	0.507	0.539	0.503	0.440	0.496	0.489	0.491	0.518	0.504	0.524	0.492	0.523
22:01:18	37.1	0.326	0.351	0.384	0.362	0.327	0.357	0.387	0.415	0.363	0.426	0.401	0.436	0.411	0.647	0.690	0.425	0.419	0.428	0.421	0.444	0.424	0.453	0.389	0.411	1.489	1.492	1.505	1.537	1.540	1.536	1.522	1.528	1.535	1.534	1.525	1.553	0.726	0.781	0.800	0.715	0.725	0.678	0.713	0.699	0.743	0.774	0.777	0.804	0.356	0.366	0.383	0.383	0.420	0.445	0.461	0.472	0.433	0.452	0.485	0.505	0.393	0.369	0.400	0.379	0.451	0.443	0.451	0.467	0.462	0.500	0.459	0.462	1.493	1.488	1.497	1.531	1.528	1.538	1.524	1.535	1.531	1.546	1.527	1.559	0.563	0.604	0.574	0.481	0.528	0.537	0.538	0.577	0.566	0.587	0.561	0.578
23:01:18	37.1	0.359	0.383	0.437	0.412	0.381	0.416	0.452	0.466	0.411	0.476	0.455	0.490	0.459	0.705	0.746	0.466	0.460	0.460	0.464	0.479	0.465	0.491	0.416	0.442	1.491	1.496	1.510	1.539	1.542	1.539	1.525	1.530	1.538	1.538	1.528	1.559	0.782	0.836	0.850	0.762	0.773	0.734	0.754	0.741	0.803	0.832	0.844	0.868	0.384	0.399	0.422	0.423	0.464	0.495	0.514	0.507	0.490	0.505	0.526	0.561	0.423	0.403	0.431	0.411	0.487	0.479	0.485	0.503	0.495	0.539	0.491	0.499	1.496	1.492	1.501	1.535	1.531	1.541	1.527	1.538	1.534	1.547	1.530	1.563	0.617	0.674	0.637	0.527	0.584	0.588	0.593	0.632	0.617	0.649	0.628	0.633
24:01:19	37.1	0.398	0.423	0.485	0.462	0.438	0.465	0.525	0.516	0.460	0.519	0.509	0.562	0.490	0.766	0.799	0.502	0.512	0.511	0.511	0.508	0.488	0.525	0.443	0.474	1.497	1.499	1.513	1.543	1.545	1.542	1.528	1.533	1.541	1.538	1.530	1.562	0.856	0.911	0.927	0.806	0.829	0.797	0.820	0.795	0.862	0.899	0.895	0.925	0.425	0.447	0.454	0.481	0.509	0.541	0.561	0.563	0.540	0.554	0.580	0.595	0.453	0.443	0.473	0.443	0.518	0.514	0.517	0.542	0.527	0.575	0.524	0.534	1.501	1.499	1.506	1.539	1.532	1.543	1.528	1.539	1.536	1.549	1.532	1.566	0.668	0.744	0.709	0.577	0.626	0.631	0.644	0.685	0.672	0.704	0.682	0.689
25:01:20	37.1	0.429	0.455	0.532	0.516	0.473	0.555	0.572	0.582	0.532	0.562	0.558	0.606	0.530	0.809	0.851	0.537	0.531	0.535	0.532	0.554	0.520	0.561	0.474	0.502	1.499	1.502	1.517	1.546	1.548	1.544	1.531	1.534	1.543	1.541	1.533	1.566	0.912	0.949	0.980	0.871	0.898	0.860	0.874	0.855	0.911	0.962	0.949	0.975	0.459	0.478	0.497	0.536	0.565	0.590	0.611	0.626	0.596	0.597	0.621	0.637	0.493	0.481	0.519	0.474	0.550	0.548	0.548	0.579	0.556	0.612	0.559	0.570	1.504	1.501	1.510	1.540	1.534	1.544	1.531	1.540	1.537	1.551	1.534	1.567	0.746	0.811	0.767	0.626	0.680	0.693	0.695	0.742	0.732	0.765	0.741	0.746
26:01:20	37.1	0.462	0.495	0.581	0.584	0.516	0.603	0.621	0.639	0.602	0.619	0.625	0.661	0.574	0.854	0.897	0.573	0.558	0.567	0.571	0.577	0.560	0.596	0.510	0.529	1.503	1.506	1.520	1.547	1.550	1.547	1.535	1.538	1.544	1.543	1.535	1.569	0.960	1.011	1.033	0.931	0.951	0.914	0.924	0.906	0.956	1.018	1.004	1.024	0.488	0.508	0.533	0.581	0.609	0.641	0.661	0.675	0.636	0.638	0.662	0.670	0.530	0.532	0.592	0.502	0.587	0.581	0.584	0.616	0.592	0.648	0.594	0.606	1.505	1.507	1.515	1.543	1.537	1.547	1.532	1.542	1.538	1.552	1.537	1.571	0.789	0.875	0.833	0.674	0.738	0.740	0.747	0.796	0.788	0.824	0.799	0.809
27:01:21	37.1	0.502	0.529	0.622	0.640	0.590	0.633	0.695	0.696	0.671	0.673	0.691	0.730	0.613	0.890	0.933	0.612	0.601	0.594	0.604	0.615	0.590	0.640	0.535	0.559	1.506	1.508	1.523	1.549	1.552	1.548	1.535	1.537	1.547	1.544	1.538	1.572	1.002	1.053	1.077	0.990	1.001	0.968	0.971	0.967	1.011	1.067	1.055	1.067	0.524	0.552	0.559	0.620	0.635	0.701	0.706	0.716	0.675	0.680	0.709	0.712	0.552	0.584	0.654	0.536	0.624	0.617	0.617	0.651	0.624	0.686	0.626	0.644	1.508	1.509	1.517	1.543	1.539	1.548	1.533	1.542	1.539	1.553	1.537	1.572	0.852	0.916	0.899	0.729	0.790	0.797	0.800	0.856	0.846	0.881	0.855	0.865
28:01:21	37.1	0.544	0.574	0.677	0.670	0.654	0.674	0.783	0.755	0.742	0.764	0.765	0.785	0.686	0.943	0.982	0.670	0.662	0.655	0.655	0.665	0.634	0.685	0.576	0.617	1.507	1.511	1.526	1.552	1.554	1.551	1.538	1.539	1.549	1.547	1.542	1.575	1.047	1.098	1.128	1.029	1.048	1.015	1.016	1.016	1.057	1.105	1.089	1.104	0.563	0.586	0.608	0.670	0.707	0.746	0.746	0.760	0.717	0.731	0.737	0.748	0.593	0.640	0.713	0.586	0.665	0.655	0.652	0.689	0.660	0.726	0.667	0.682	1.510	1.513	1.522	1.546	1.543	1.550	1.536	1.544	1.542	1.554	1.541	1.575	0.898	0.984	0.963	0.772	0.849	0.855	0.858	0.909	0.896	0.932	0.906	0.913
29:01:21	37.1	0.576	0.610	0.731	0.740	0.706	0.759	0.829	0.812	0.794	0.805	0.824	0.839	0.727	0.984	1.021	0.712	0.704	0.684	0.688	0.704	0.674	0.734	0.611	0.652	1.508	1.513	1.529	1.555	1.555	1.553	1.540	1.542	1.552	1.549	1.544	1.578	1.090	1.131	1.172	1.065	1.084	1.056	1.053	1.054	1.090	1.149	1.129	1.135	0.598	0.609	0.640	0.712	0.733	0.802	0.792	0.808	0.762	0.770	0.782	0.774	0.624	0.712	0.763	0.622	0.694	0.687	0.686	0.725	0.698	0.762	0.701	0.718	1.514	1.517	1.525	1.545	1.542	1.552	1.539	1.545	1.542	1.555	1.544	1.578	0.938	1.032	1.004	0.826	0.892	0.904	0.903	0.960	0.948	0.981	0.958	0.963
30:01:22	37.1	0.616	0.655	0.784	0.815	0.760	0.798	0.888	0.877	0.841	0.867	0.873	0.907	0.778	1.024	1.050	0.764	0.738	0.726	0.730	0.750	0.714	0.775	0.655	0.685	1.511	1.516	1.531	1.556	1.558	1.554	1.543	1.544	1.554	1.550	1.548	1.582	1.107	1.170	1.197	1.102	1.118	1.095	1.085	1.097	1.125	1.175	1.157	1.164	0.633	0.655	0.676	0.748	0.767	0.835	0.827	0.848	0.794	0.819	0.821	0.822	0.671	0.771	0.816	0.655	0.726	0.722	0.721	0.759	0.733	0.798	0.739	0.754	1.516	1.520	1.529	1.550	1.546	1.554	1.540	1.546	1.544	1.557	1.545	1.579	0.991	1.061	1.051	0.882	0.941	0.948	0.950	0.996	0.991	1.022	0.996	1.002
31:01:23	37.1	0.656	0.694	0.845	0.884	0.832	0.857	0.939	0.954	0.909	0.926	0.941	0.962	0.843	1.056	1.086	0.802	0.779	0.773	0.771	0.795	0.763	0.828	0.704	0.737	1.515	1.519	1.533	1.560	1.560	1.558	1.546	1.548	1.557	1.553	1.552	1.585	1.137	1.196	1.220	1.128	1.147	1.127	1.119	1.140	1.160	1.217	1.188	1.195	0.660	0.693	0.722	0.783	0.817	0.878	0.867	0.894	0.841	0.863	0.855	0.854	0.715	0.817	0.862	0.699	0.769	0.758	0.754	0.800	0.767	0.832	0.773	0.788	1.519	1.522	1.532	1.552	1.548	1.556	1.543	1.547	1.547	1.559	1.548	1.579	1.022	1.091	1.087	0.919	0.977	0.990	0.989	1.041	1.040	1.066	1.044	1.048
32:01:24	37.1	0.700	0.737	0.893	0.952	0.880	0.922	0.992	1.002	0.935	0.981	0.995	0.998	0.877	1.085	1.111	0.848	0.814	0.808	0.805	0.832	0.795	0.863	0.736	0.768	1.516	1.521	1.538	1.560	1.562	1.559	1.548	1.548	1.557	1.556	1.554	1.587	1.162	1.216	1.244	1.159	1.172	1.161	1.150	1.172	1.185	1.239	1.213	1.218	0.705	0.716	0.751	0.812	0.842	0.915	0.904	0.925	0.877	0.894	0.887	0.881	0.744	0.870	0.903	0.733	0.801	0.793	0.785	0.831	0.798	0.863	0.804	0.824	1.520	1.528	1.536	1.553	1.548	1.559	1.544	1.548	1.548	1.559	1.551	1.580	1.052	1.126	1.124	0.961	1.009	1.032	1.030	1.084	1.078	1.102	1.080	1.081
33:01:24	37.1	0.738	0.779	0.943	0.995	0.919	0.993	1.037	1.054	0.977	1.019	1.033	1.031	0.930	1.115	1.146	0.888	0.859	0.855	0.838	0.868	0.829	0.901	0.763	0.802	1.520	1.524	1.539	1.562	1.564	1.563	1.551	1.551	1.560	1.558	1.558	1.590	1.183	1.244	1.264	1.174	1.198	1.188	1.166	1.194	1.205	1.258	1.234	1.237	0.726	0.764	0.780	0.824	0.880	0.942	0.940	0.956	0.909	0.928	0.918	0.916	0.794	0.908	0.938	0.778	0.836	0.824	0.814	0.864	0.831	0.897	0.841	0.856	1.522	1.530	1.540	1.558	1.552	1.561	1.546	1.550	1.550	1.560	1.554	1.583	1.077	1.154	1.165	0.996	1.049	1.063	1.061	1.117	1.110	1.131	1.109	1.114
34:01:24	37.0	0.782	0.829	0.989	1.039	0.971	1.033	1.101	1.091	1.052	1.072	1.075	1.077	0.974	1.137	1.171	0.923	0.892	0.895	0.877	0.910	0.867	0.949	0.809	0.851	1.523	1.527	1.542	1.566	1.567	1.566	1.553	1.554	1.564	1.560	1.562	1.593	1.208	1.264	1.282	1.202	1.218	1.216	1.188	1.220	1.228	1.281	1.256	1.255	0.769	0.801	0.828	0.857	0.912	0.985	0.973	1.000	0.947	0.966	0.953	0.945	0.820	0.950	0.973	0.811	0.872	0.861	0.848	0.894	0.861	0.928	0.872	0.888	1.526	1.533	1.543	1.560	1.556	1.564	1.548	1.552	1.553	1.562	1.557	1.585	1.116	1.178	1.186	1.025	1.072	1.094	1.087	1.147	1.143	1.159	1.137	1.143
35:01:24	37.1	0.807	0.865	1.021	1.081	1.020	1.076	1.122	1.127	1.095	1.113	1.119	1.104	1.012	1.160	1.189	0.965	0.931	0.936	0.914	0.947	0.906	0.987	0.861	0.889	1.522	1.530	1.544	1.567	1.569	1.567	1.554	1.555	1.565	1.563	1.564	1.595	1.219	1.274	1.294	1.211	1.238	1.233	1.208	1.239	1.246	1.298	1.273	1.270	0.796	0.812	0.856	0.897	0.937	1.015	1.001	1.024	0.979	0.995	0.990	0.976	0.863	0.987	1.006	0.851	0.903	0.894	0.876	0.925	0.893	0.959	0.906	0.922	1.527	1.534	1.546	1.560	1.559	1.566	1.550	1.553	1.554	1.564	1.559	1.587	1.134	1.202	1.208	1.049	1.100	1.125	1.116	1.169	1.168	1.182	1.163	1.164
36:01:24	37.1	0.839	0.897	1.074	1.130	1.062	1.120	1.167	1.159	1.131	1.142	1.156	1.151	1.056	1.183	1.212	0.997	0.970	0.973	0.948	0.983	0.937	1.024	0.902	0.938	1.528	1.534	1.550	1.570	1.572	1.570	1.556	1.558	1.567	1.563	1.567	1.596	1.239	1.282	1.310	1.230	1.253	1.251	1.226	1.260	1.263	1.316	1.289	1.285	0.828	0.854	0.886	0.938	0.972	1.041	1.032	1.057	1.012	1.028	1.014	1.006	0.901	1.024	1.036	0.887	0.935	0.923	0.903	0.956	0.920	0.988	0.931	0.948	1.529	1.540	1.552	1.563	1.560	1.569	1.552	1.555	1.555	1.565	1.561	1.586	1.155	1.213	1.227	1.082	1.117	1.139	1.138	1.192	1.191	1.205	1.185	1.186
37:01:24	37.1	0.866	0.925	1.102	1.159	1.091	1.154	1.207	1.202	1.169	1.181	1.197	1.185	1.090	1.199	1.228	1.030	1.000	1.003	0.977	1.014	0.965	1.052	0.925	0.951	1.528	1.536	1.550	1.571	1.574	1.572	1.558	1.560	1.570	1.565	1.569	1.599	1.247	1.302	1.317	1.244	1.270	1.267	1.239	1.275	1.276	1.327	1.302	1.294	0.865	0.896	0.909	0.949	1.004	1.071	1.061	1.078	1.033	1.058	1.037	1.028	0.938	1.063	1.063	0.918	0.966	0.949	0.932	0.984	0.949	1.013	0.959	0.974	1.531	1.542	1.553	1.565	1.563	1.569	1.554	1.556	1.558	1.567	1.564	1.587	1.173	1.224	1.245	1.100	1.141	1.166	1.161	1.214	1.214	1.224	1.203	1.203
38:01:25	37.1	0.889	0.955	1.124	1.194	1.138	1.173	1.243	1.234	1.203	1.225	1.224	1.205	1.121	1.214	1.243	1.065	1.034	1.036	1.010	1.047	0.999	1.084	0.968	1.000	1.532	1.540	1.553	1.575	1.576	1.574	1.561	1.562	1.572	1.568	1.572	1.603	1.251	1.310	1.327	1.258	1.280	1.282	1.252	1.289	1.290	1.338	1.314	1.305	0.890	0.916	0.943	0.989	1.030	1.097	1.085	1.104	1.065	1.077	1.066	1.053	0.966	1.087	1.093	0.951	0.994	0.979	0.959	1.009	0.980	1.041	0.986	1.002	1.530	1.544	1.556	1.569	1.567	1.572	1.556	1.559	1.559	1.571	1.565	1.590	1.179	1.239	1.258	1.121	1.157	1.183	1.178	1.229	1.232	1.241	1.221	1.218
39:01:25	37.1	0.907	0.984	1.151	1.225	1.177	1.204	1.256	1.266	1.251	1.256	1.261	1.235	1.145	1.230	1.258	1.092	1.066	1.069	1.042	1.081	1.033	1.119	1.008	1.037	1.531	1.542	1.556	1.576	1.579	1.576	1.563	1.565	1.574	1.571	1.576	1.606	1.260	1.317	1.335	1.270	1.294	1.294	1.269	1.306	1.305	1.352	1.330	1.316	0.921	0.942	0.970	1.020	1.065	1.126	1.109	1.133	1.088	1.114	1.092	1.074	0.995	1.115	1.118	0.982	1.024	1.008	0.987	1.038	1.008	1.070	1.015	1.030	1.533	1.545	1.562	1.571	1.569	1.575	1.560	1.561	1.561	1.571	1.568	1.593	1.186	1.251	1.275	1.139	1.177	1.197	1.196	1.248	1.250	1.258	1.239	1.236
40:01:26	37.1	0.941	1.017	1.188	1.263	1.216	1.230	1.282	1.289	1.267	1.279	1.271	1.258	1.169	1.241	1.269	1.121	1.094	1.096	1.068	1.106	1.061	1.143	1.044	1.073	1.535	1.547	1.559	1.579	1.581	1.579	1.564	1.567	1.576	1.571	1.577	1.608	1.262	1.333	1.343	1.285	1.306	1.310	1.279	1.320	1.317	1.363	1.340	1.328	0.949	0.966	0.991	1.068	1.089	1.150	1.133	1.157	1.112	1.138	1.113	1.106	1.033	1.142	1.142	1.008	1.047	1.027	1.010	1.060	1.028	1.091	1.039	1.051	1.534	1.546	1.565	1.571	1.570	1.576	1.560	1.561	1.563	1.573	1.571	1.594	1.202	1.262	1.286	1.148	1.188	1.210	1.208	1.260	1.265	1.271	1.254	1.251
41:01:27	37.1	0.965	1.042	1.210	1.259	1.225	1.242	1.296	1.291	1.274	1.280	1.276	1.257	1.192	1.247	1.280	1.143	1.117	1.123	1.094	1.133	1.089	1.169	1.069	1.101	1.535	1.549	1.561	1.581	1.585	1.581	1.565	1.568	1.578	1.572	1.581	1.610	1.266	1.334	1.349	1.289	1.315	1.316	1.289	1.328	1.325	1.371	1.349	1.333	0.971	0.996	1.003	1.071	1.120	1.177	1.161	1.179	1.136	1.157	1.144	1.130	1.051	1.166	1.164	1.036	1.071	1.056	1.035	1.084	1.054	1.115	1.064	1.075	1.536	1.550	1.569	1.575	1.573	1.579	1.562	1.563	1.566	1.575	1.574	1.595	1.213	1.272	1.299	1.169	1.201	1.225	1.220	1.270	1.274	1.281	1.262	1.260
42:01:28	37.1	0.990	1.069	1.234	1.244	1.235	1.242	1.300	1.298	1.278	1.274	1.274	1.248	1.211	1.254	1.288	1.163	1.140	1.145	1.118	1.155	1.112	1.188	1.099	1.124	1.535	1.553	1.564	1.584	1.586	1.585	1.567	1.571	1.581	1.575	1.582	1.612	1.269	1.341	1.356	1.299	1.324	1.329	1.298	1.339	1.335	1.379	1.357	1.342	0.993	1.017	1.024	1.098	1.141	1.192	1.179	1.202	1.158	1.189	1.168	1.146	1.072	1.183	1.183	1.059	1.095	1.079	1.056	1.105	1.073	1.135	1.087	1.094	1.540	1.547	1.570	1.577	1.576	1.581	1.564	1.567	1.568	1.577	1.577	1.598	1.223	1.276	1.305	1.175	1.209	1.239	1.231	1.283	1.286	1.293	1.274	1.269
43:01:27	37.1	1.014	1.073	1.232	1.243	1.216	1.236	1.293	1.292	1.266	1.276	1.266	1.240	1.228	1.260	1.292	1.185	1.161	1.165	1.139	1.177	1.134	1.210	1.127	1.157	1.537	1.557	1.567	1.586	1.589	1.586	1.570	1.574	1.580	1.576	1.584	1.616	1.276	1.347	1.360	1.304	1.333	1.337	1.308	1.348	1.343	1.386	1.365	1.348	1.018	1.048	1.025	1.161	1.157	1.214	1.198	1.222	1.178	1.208	1.183	1.166	1.090	1.198	1.200	1.078	1.115	1.099	1.076	1.126	1.094	1.155	1.107	1.110	1.542	1.551	1.576	1.579	1.577	1.583	1.564	1.567	1.569	1.576	1.579	1.596	1.222	1.282	1.314	1.184	1.219	1.245	1.243	1.294	1.297	1.302	1.285	1.280
44:01:28	37.0	1.031	1.086	1.199	1.240	1.212	1.233	1.284	1.279	1.264	1.253	1.256	1.214	1.238	1.260	1.298	1.196	1.177	1.182	1.153	1.195	1.150	1.223	1.150	1.178	1.542	1.560	1.575	1.589	1.592	1.589	1.574	1.576	1.582	1.579	1.587	1.617	1.284	1.353	1.373	1.315	1.340	1.345	1.315	1.359	1.351	1.396	1.373	1.355	1.048	1.056	1.049	1.191	1.189	1.230	1.216	1.237	1.199	1.231	1.194	1.169	1.113	1.209	1.216	1.102	1.133	1.117	1.093	1.141	1.111	1.170	1.124	1.125	1.546	1.554	1.579	1.582	1.577	1.581	1.565	1.569	1.569	1.574	1.581	1.596	1.226	1.285	1.322	1.199	1.229	1.255	1.252	1.301	1.308	1.310	1.294	1.290
45:01:29	37.1	1.026	1.077	1.167	1.231	1.212	1.219	1.270	1.258	1.245	1.234	1.232	1.183	1.252	1.259	1.300	1.215	1.197	1.200	1.173	1.212	1.170	1.240	1.170	1.198	1.540	1.565	1.576	1.591	1.594	1.589	1.573	1.577	1.584	1.581	1.590	1.620	1.286	1.356	1.377	1.322	1.346	1.353	1.323	1.366	1.358	1.402	1.380	1.360	1.070	1.049	1.083	1.204	1.199	1.245	1.222	1.248	1.215	1.242	1.203	1.166	1.131	1.216	1.228	1.123	1.154	1.136	1.114	1.159	1.131	1.186	1.141	1.142	1.549	1.555	1.582	1.587	1.577	1.578	1.567	1.572	1.571	1.578	1.583	1.599	1.231	1.293	1.329	1.206	1.238	1.267	1.262	1.312	1.316	1.318	1.303	1.294
46:01:30	37.1	0.993	1.050	1.117	1.208	1.175	1.194	1.254	1.247	1.233	1.214	1.218	1.148	1.258	1.258	1.300	1.226	1.209	1.212	1.185	1.229	1.184	1.254	1.190	1.214	1.546	1.568	1.580	1.591	1.595	1.591	1.574	1.578	1.585	1.582	1.593	1.621	1.287	1.366	1.381	1.326	1.351	1.361	1.331	1.373	1.367	1.409	1.387	1.366	1.049	1.037	1.041	1.198	1.203	1.236	1.215	1.239	1.217	1.240	1.196	1.145	1.148	1.227	1.238	1.140	1.168	1.152	1.128	1.174	1.144	1.199	1.155	1.153	1.555	1.555	1.586	1.587	1.575	1.581	1.567	1.573	1.573	1.581	1.587	1.594	1.234	1.298	1.330	1.206	1.243	1.274	1.270	1.321	1.326	1.328	1.312	1.305
47:01:31	37.1	0.968	1.009	1.076	1.199	1.162	1.180	1.238	1.220	1.222	1.193	1.189	1.114	1.266	1.257	1.301	1.236	1.221	1.224	1.198	1.242	1.198	1.266	1.205	1.232	1.545	1.570	1.582	1.594	1.598	1.593	1.577	1.580	1.586	1.586	1.597	1.625	1.285	1.364	1.381	1.330	1.359	1.368	1.337	1.380	1.372	1.412	1.391	1.368	1.018	0.999	0.994	1.190	1.189	1.216	1.197	1.222	1.212	1.228	1.181	1.109	1.156	1.235	1.246	1.157	1.183	1.167	1.143	1.188	1.160	1.212	1.170	1.165	1.557	1.553	1.589	1.591	1.580	1.586	1.572	1.576	1.576	1.585	1.588	1.598	1.233	1.300	1.333	1.214	1.249	1.279	1.276	1.326	1.333	1.334	1.317	1.309
48:01:31	37.1	0.939	0.987	1.047	1.176	1.133	1.156	1.228	1.202	1.202	1.168	1.180	1.092	1.270	1.255	1.298	1.245	1.231	1.236	1.208	1.252	1.210	1.274	1.220	1.242	1.545	1.572	1.582	1.596	1.600	1.593	1.578	1.584	1.587	1.587	1.598	1.623	1.283	1.365	1.382	1.337	1.364	1.370	1.341	1.385	1.375	1.420	1.396	1.373	0.984	0.972	0.953	1.151	1.162	1.191	1.172	1.198	1.185	1.202	1.152	1.075	1.167	1.236	1.252	1.165	1.193	1.179	1.154	1.198	1.171	1.222	1.181	1.171	1.559	1.557	1.591	1.589	1.583	1.586	1.573	1.577	1.576	1.586	1.590	1.595	1.227	1.297	1.339	1.218	1.254	1.284	1.282	1.331	1.338	1.339	1.321	1.314

Results
	1	2	3	4	5	6	7	8	9	10	11	12
A	0.691	0.723	0.922	1.180	1.005	1.051	1.129	1.064	1.169	1.050	1.121	1.003	Max V [578]
	0.999	0.998	1.000	1.000	0.994	0.990	0.990	0.997	1.000	0.989	0.999	0.998	R-Squared [578]
	32:01:23	33:01:24	29:01:22	30:01:23	27:01:21	24:01:19	27:01:21	29:01:22	26:01:20	27:01:21	27:01:21	28:01:21	t at Max V [578]
	18:14:56	17:41:04	18:06:41	20:08:29	19:10:20	18:19:44	18:21:20	18:08:52	19:14:51	17:57:16	18:32:00	16:56:40	Lagtime [578]
B	0.917	0.908	0.961	0.804	0.770	0.716	0.682	0.741	0.711	0.774	0.715	0.711	Max V [578]
	0.992	0.998	0.996	0.997	0.991	0.989	0.996	0.999	0.998	0.999	0.991	0.997	R-Squared [578]
	29:01:22	22:01:18	19:01:16	28:01:21	28:01:21	29:01:22	29:01:22	29:01:22	29:01:22	29:01:22	34:01:24	34:01:24	t at Max V [578]
	18:05:48	12:20:46	12:08:48	16:34:33	16:19:06	15:52:27	15:15:04	15:56:39	16:02:40	15:50:48	18:30:42	17:02:10	Lagtime [578]
C	3.791	4.213	3.897	4.269	4.258	4.067	3.901	3.912	3.699	4.096	3.952	4.102	Max V [578]
	0.993	0.989	0.996	0.985	0.985	0.987	0.983	0.988	0.998	0.992	0.999	0.998	R-Squared [578]
	7:01:09	7:01:09	7:01:09	7:01:09	7:01:09	7:01:09	7:01:09	7:01:09	6:01:08	6:01:08	6:01:08	6:01:08	t at Max V [578]
	4:19:45	4:32:57	4:31:01	4:38:46	4:27:51	4:32:53	4:21:25	4:13:06	3:46:56	3:50:25	3:44:22	3:46:19	Lagtime [578]
D	1.071	1.027	1.106	0.967	0.964	0.999	0.930	0.937	0.939	1.029	0.970	1.013	Max V [578]
	0.998	0.999	0.994	0.997	0.997	0.999	0.997	0.999	0.999	0.999	0.999	1.000	R-Squared [578]
	23:01:19	15:01:14	18:01:16	25:01:20	25:01:20	24:01:19	16:01:14	25:01:20	23:01:19	24:01:19	21:01:17	22:01:18	t at Max V [578]
	12:39:42	11:07:41	11:32:25	12:15:59	11:45:22	12:51:34	10:42:32	12:11:13	10:56:51	11:31:05	10:48:41	10:53:39	Lagtime [578]
E	0.607	0.616	0.659	0.847	0.798	0.880	0.829	0.884	0.853	0.787	0.764	0.827	Max V [578]
	0.999	0.990	0.996	0.997	0.998	0.999	1.000	0.994	0.997	0.998	0.999	0.999	R-Squared [578]
	28:01:21	31:01:23	29:01:22	24:01:19	24:01:19	27:01:21	24:01:19	25:01:20	24:01:19	23:01:19	23:01:19	21:01:17	t at Max V [578]
	15:41:18	15:41:46	15:44:21	17:03:17	15:58:17	16:02:34	15:27:07	15:41:57	15:46:16	15:01:45	14:25:57	14:11:09	Lagtime [578]
F	0.689	1.012	1.024	0.659	0.611	0.589	0.573	0.624	0.597	0.630	0.608	0.622	Max V [578]
	0.994	0.997	0.996	0.995	0.999	1.000	1.000	1.000	0.999	1.000	0.999	1.000	R-Squared [578]
	31:01:23	28:01:21	26:01:20	29:01:22	26:01:20	23:01:19	27:01:21	24:01:19	29:01:22	27:01:21	29:01:22	27:01:21	t at Max V [578]
	16:56:54	19:26:41	18:17:43	16:25:34	13:17:33	12:51:59	12:38:46	13:15:04	13:03:14	12:31:08	13:12:47	13:14:39	Lagtime [578]
G	3.626	3.393	3.524	3.852	3.819	3.919	4.128	4.062	4.057	4.200	4.165	4.342	Max V [578]
	0.993	0.995	0.997	0.991	0.991	0.990	0.986	0.982	0.992	0.994	0.994	0.990	R-Squared [578]
	6:01:08	6:01:08	6:01:08	7:01:09	7:01:09	7:01:09	6:01:08	7:01:09	6:01:08	6:01:08	6:01:08	6:01:08	t at Max V [578]
	3:32:35	3:43:57	3:47:05	4:11:08	4:06:48	4:09:16	3:59:51	4:12:02	3:55:33	3:47:37	3:44:21	3:43:33	Lagtime [578]
H	0.999	1.147	1.106	0.856	0.926	0.919	0.887	0.938	0.960	1.000	1.030	0.973	Max V [578]
	0.996	0.996	0.999	0.999	1.000	0.999	0.999	1.000	1.000	0.999	0.998	1.000	R-Squared [578]
	17:01:15	17:01:15	23:01:19	28:01:21	26:01:20	26:01:20	26:01:20	26:01:20	25:01:20	23:01:19	23:01:19	25:01:20	t at Max V [578]
	13:56:05	14:25:57	15:22:40	15:11:06	15:01:54	14:40:25	14:16:36	13:51:23	14:25:20	14:07:53	14:55:26	14:19:43	Lagtime [578]



Software Version	3.12.08



Experiment File Path:	C:\Users\Sarela\Documents\Rita Pires\Exp29_RP_3plates_15032024.xpt
Protocol File Path:	C:\Users\Public\Documents\Protocols\New_96well_578_24H.prt



Plate Number	Plate 3
Date	3/15/2024
Time	12:29:57 PM
Reader Type:	Epoch 2
Reader Serial Number:	2202232E
Reading Type	Reader

Procedure Details

Plate Type	96 WELL PLATE
Discontinuous Kinetics	Runtime 2:00:00 (D:HH:MM), Interval 0:01:00, 49 Reads
Eject plate on completion	
Set Temperature	Setpoint 37°C, Gradient 0 °C
Shake	Double Orbital: 0:01:01 (HH:MM:SS)
	Frequency: 282 cpm (3 mm)
Read	Absorbance Endpoint
	Full Plate
	Wavelengths:  578
	Read Speed: Normal,  Delay: 100 msec,  Measurements/Data Point: 8

578

Time	T° 578	A1	A2	A3	A4	A5	A6	A7	A8	A9	A10	A11	A12	B1	B2	B3	B4	B5	B6	B7	B8	B9	B10	B11	B12	C1	C2	C3	C4	C5	C6	C7	C8	C9	C10	C11	C12	D1	D2	D3	D4	D5	D6	D7	D8	D9	D10	D11	D12	E1	E2	E3	E4	E5	E6	E7	E8	E9	E10	E11	E12	F1	F2	F3	F4	F5	F6	F7	F8	F9	F10	F11	F12	G1	G2	G3	G4	G5	G6	G7	G8	G9	G10	G11	G12	H1	H2	H3	H4	H5	H6	H7	H8	H9	H10	H11	H12
0:01:05	37.0	0.134	0.118	0.136	0.129	0.126	0.132	0.121	0.125	0.122	0.120	0.119	0.126	0.114	0.109	0.117	0.123	0.129	0.130	0.124	0.119	0.133	0.130	0.117	0.136	0.117	0.128	0.118	0.136	0.122	0.126	0.129	0.132	0.129	0.122	0.110	0.138	0.124	0.147	0.120	0.122	0.137	0.129	0.117	0.126	0.122	0.139	0.125	0.139	0.117	0.122	0.128	0.123	0.112	0.141	0.192	0.133	0.136	0.133	0.123	0.129	0.132	0.131	0.122	0.120	0.127	0.134	0.116	0.128	0.131	0.127	0.138	0.125	0.138	0.123	0.131	0.118	0.125	0.136	0.128	0.141	0.133	0.131	0.147	0.132	0.149	0.122	0.118	0.113	0.122	0.119	0.119	0.128	0.125	0.113	0.127	0.120
1:01:05	37.0	0.132	0.117	0.132	0.119	0.117	0.125	0.118	0.123	0.119	0.118	0.117	0.123	0.113	0.110	0.115	0.119	0.124	0.128	0.122	0.118	0.124	0.121	0.116	0.130	0.116	0.129	0.120	0.135	0.124	0.124	0.128	0.133	0.123	0.121	0.113	0.129	0.123	0.125	0.119	0.118	0.126	0.123	0.116	0.125	0.120	0.135	0.124	0.135	0.115	0.121	0.126	0.120	0.111	0.141	0.188	0.128	0.131	0.131	0.121	0.127	0.130	0.128	0.120	0.119	0.129	0.131	0.116	0.125	0.126	0.125	0.131	0.122	0.135	0.123	0.129	0.118	0.125	0.135	0.127	0.137	0.127	0.125	0.148	0.129	0.146	0.120	0.115	0.112	0.121	0.118	0.117	0.124	0.123	0.112	0.121	0.117
2:01:06	37.0	0.131	0.116	0.129	0.117	0.117	0.122	0.118	0.122	0.118	0.117	0.116	0.121	0.113	0.109	0.114	0.118	0.122	0.127	0.121	0.117	0.122	0.120	0.115	0.129	0.123	0.133	0.125	0.141	0.129	0.129	0.132	0.137	0.126	0.127	0.119	0.133	0.123	0.123	0.118	0.118	0.123	0.121	0.116	0.122	0.120	0.133	0.123	0.134	0.113	0.120	0.125	0.118	0.111	0.140	0.187	0.124	0.130	0.129	0.121	0.126	0.132	0.129	0.120	0.118	0.129	0.127	0.116	0.124	0.124	0.125	0.130	0.122	0.141	0.129	0.134	0.124	0.131	0.139	0.132	0.138	0.132	0.130	0.155	0.135	0.146	0.119	0.114	0.112	0.122	0.117	0.115	0.123	0.123	0.111	0.119	0.117
3:01:06	37.0	0.131	0.115	0.128	0.116	0.115	0.121	0.117	0.121	0.118	0.117	0.115	0.120	0.113	0.109	0.113	0.117	0.122	0.127	0.121	0.118	0.121	0.119	0.115	0.129	0.138	0.149	0.137	0.154	0.143	0.141	0.142	0.149	0.140	0.141	0.138	0.146	0.123	0.121	0.118	0.117	0.122	0.121	0.115	0.122	0.119	0.132	0.123	0.133	0.113	0.120	0.124	0.118	0.111	0.142	0.185	0.122	0.129	0.128	0.120	0.125	0.130	0.130	0.119	0.119	0.125	0.129	0.117	0.124	0.123	0.125	0.131	0.122	0.157	0.142	0.147	0.139	0.146	0.150	0.147	0.152	0.146	0.144	0.169	0.150	0.146	0.119	0.113	0.112	0.121	0.117	0.114	0.122	0.122	0.110	0.118	0.116
4:01:07	37.1	0.130	0.115	0.125	0.116	0.114	0.120	0.117	0.120	0.116	0.116	0.114	0.120	0.113	0.110	0.114	0.117	0.122	0.127	0.121	0.118	0.121	0.119	0.116	0.129	0.199	0.208	0.166	0.188	0.183	0.169	0.163	0.182	0.172	0.183	0.211	0.189	0.123	0.121	0.118	0.117	0.121	0.121	0.115	0.121	0.119	0.132	0.123	0.133	0.113	0.120	0.124	0.118	0.111	0.141	0.185	0.122	0.128	0.129	0.120	0.124	0.132	0.130	0.120	0.121	0.126	0.129	0.118	0.126	0.124	0.126	0.132	0.123	0.201	0.174	0.186	0.184	0.188	0.190	0.189	0.207	0.195	0.206	0.228	0.198	0.145	0.119	0.113	0.112	0.121	0.116	0.114	0.122	0.122	0.110	0.117	0.116
5:01:08	37.1	0.130	0.114	0.123	0.114	0.113	0.119	0.117	0.120	0.116	0.116	0.114	0.119	0.116	0.111	0.114	0.117	0.122	0.126	0.120	0.117	0.120	0.119	0.116	0.129	0.303	0.318	0.262	0.304	0.308	0.299	0.237	0.317	0.324	0.385	0.471	0.387	0.123	0.120	0.119	0.118	0.120	0.120	0.115	0.121	0.120	0.131	0.123	0.132	0.113	0.121	0.123	0.117	0.111	0.141	0.184	0.121	0.128	0.128	0.120	0.123	0.136	0.132	0.121	0.124	0.127	0.131	0.119	0.127	0.125	0.128	0.133	0.123	0.415	0.341	0.344	0.353	0.327	0.317	0.334	0.403	0.423	0.447	0.499	0.465	0.145	0.118	0.112	0.112	0.121	0.116	0.113	0.122	0.122	0.110	0.116	0.116
6:01:08	37.1	0.130	0.113	0.123	0.114	0.113	0.118	0.117	0.120	0.115	0.116	0.114	0.118	0.117	0.116	0.117	0.118	0.122	0.126	0.119	0.118	0.119	0.119	0.117	0.132	0.452	0.472	0.448	0.470	0.466	0.458	0.440	0.469	0.470	0.616	0.708	0.701	0.124	0.121	0.119	0.118	0.119	0.121	0.115	0.121	0.120	0.130	0.124	0.133	0.112	0.121	0.123	0.117	0.111	0.140	0.184	0.121	0.126	0.129	0.119	0.123	0.139	0.135	0.124	0.128	0.129	0.133	0.122	0.130	0.127	0.133	0.136	0.125	0.626	0.557	0.549	0.531	0.565	0.578	0.654	0.693	0.717	0.732	0.764	0.780	0.144	0.118	0.111	0.112	0.120	0.116	0.113	0.122	0.122	0.110	0.116	0.116
7:01:08	37.1	0.129	0.113	0.123	0.114	0.113	0.117	0.117	0.119	0.115	0.116	0.114	0.117	0.120	0.126	0.126	0.121	0.124	0.127	0.120	0.120	0.121	0.122	0.120	0.135	0.659	0.702	0.677	0.687	0.721	0.697	0.674	0.732	0.742	0.878	0.969	0.977	0.126	0.122	0.121	0.120	0.120	0.122	0.116	0.122	0.122	0.131	0.126	0.135	0.112	0.120	0.123	0.117	0.111	0.141	0.184	0.121	0.125	0.129	0.119	0.123	0.143	0.141	0.128	0.133	0.133	0.136	0.125	0.135	0.132	0.140	0.142	0.130	0.847	0.748	0.790	0.762	0.802	0.867	0.930	0.952	0.970	0.988	1.003	1.026	0.145	0.119	0.111	0.113	0.121	0.116	0.114	0.122	0.123	0.111	0.117	0.116
8:01:09	37.1	0.129	0.113	0.121	0.113	0.113	0.117	0.117	0.119	0.115	0.116	0.114	0.117	0.123	0.136	0.141	0.128	0.127	0.130	0.122	0.125	0.124	0.129	0.127	0.141	0.917	0.968	0.889	1.006	1.036	1.005	0.983	1.053	1.068	1.154	1.146	1.176	0.131	0.127	0.124	0.124	0.122	0.123	0.119	0.125	0.125	0.133	0.129	0.138	0.113	0.122	0.123	0.117	0.111	0.141	0.184	0.121	0.125	0.129	0.119	0.124	0.148	0.147	0.136	0.142	0.139	0.143	0.130	0.142	0.140	0.150	0.152	0.137	1.071	0.996	1.000	1.000	1.077	1.081	1.129	1.145	1.145	1.180	1.177	1.194	0.145	0.120	0.111	0.114	0.121	0.117	0.114	0.122	0.123	0.112	0.118	0.116
9:01:10	37.1	0.128	0.113	0.121	0.113	0.112	0.116	0.117	0.119	0.115	0.115	0.113	0.117	0.130	0.152	0.160	0.135	0.131	0.134	0.124	0.133	0.129	0.138	0.136	0.149	1.118	1.161	1.104	1.173	1.197	1.196	1.155	1.203	1.210	1.257	1.216	1.267	0.141	0.137	0.131	0.130	0.125	0.126	0.123	0.130	0.130	0.139	0.133	0.143	0.114	0.123	0.124	0.119	0.111	0.141	0.185	0.121	0.125	0.130	0.120	0.125	0.151	0.154	0.144	0.151	0.146	0.151	0.137	0.151	0.149	0.161	0.162	0.148	1.201	1.175	1.164	1.168	1.212	1.244	1.246	1.238	1.244	1.271	1.264	1.289	0.146	0.121	0.112	0.115	0.122	0.117	0.116	0.123	0.125	0.113	0.119	0.118
10:01:11	37.1	0.128	0.113	0.121	0.113	0.112	0.116	0.117	0.119	0.115	0.114	0.113	0.117	0.135	0.172	0.174	0.143	0.138	0.139	0.126	0.140	0.135	0.144	0.144	0.157	1.211	1.281	1.197	1.294	1.316	1.269	1.246	1.285	1.313	1.329	1.295	1.334	0.156	0.160	0.146	0.144	0.134	0.137	0.134	0.141	0.139	0.149	0.142	0.152	0.117	0.126	0.125	0.120	0.111	0.142	0.188	0.122	0.125	0.131	0.121	0.126	0.157	0.162	0.154	0.163	0.156	0.161	0.145	0.161	0.160	0.173	0.172	0.158	1.255	1.246	1.254	1.254	1.291	1.315	1.300	1.320	1.321	1.333	1.337	1.354	0.146	0.124	0.114	0.117	0.124	0.119	0.117	0.124	0.127	0.115	0.120	0.120
11:01:11	37.1	0.129	0.113	0.120	0.112	0.112	0.116	0.117	0.118	0.115	0.113	0.113	0.117	0.144	0.192	0.195	0.152	0.143	0.147	0.130	0.150	0.145	0.159	0.155	0.170	1.256	1.324	1.257	1.356	1.379	1.335	1.318	1.349	1.387	1.372	1.348	1.379	0.179	0.187	0.178	0.161	0.156	0.156	0.154	0.163	0.155	0.168	0.154	0.173	0.127	0.136	0.128	0.123	0.116	0.144	0.193	0.125	0.127	0.134	0.124	0.128	0.164	0.171	0.163	0.178	0.164	0.170	0.155	0.173	0.173	0.186	0.183	0.169	1.297	1.276	1.295	1.305	1.339	1.361	1.361	1.377	1.382	1.388	1.386	1.411	0.149	0.127	0.116	0.120	0.126	0.121	0.119	0.127	0.132	0.118	0.122	0.122
12:01:12	37.1	0.130	0.113	0.121	0.114	0.113	0.116	0.117	0.119	0.116	0.113	0.113	0.119	0.150	0.208	0.217	0.162	0.148	0.151	0.131	0.161	0.156	0.179	0.168	0.183	1.302	1.357	1.313	1.416	1.429	1.402	1.386	1.403	1.438	1.442	1.405	1.437	0.201	0.221	0.206	0.200	0.192	0.199	0.179	0.197	0.180	0.197	0.178	0.200	0.130	0.146	0.135	0.132	0.120	0.150	0.203	0.131	0.130	0.138	0.131	0.133	0.171	0.183	0.176	0.197	0.177	0.181	0.167	0.186	0.186	0.201	0.196	0.182	1.340	1.318	1.319	1.369	1.397	1.418	1.427	1.421	1.430	1.439	1.431	1.463	0.155	0.132	0.120	0.125	0.130	0.125	0.123	0.129	0.138	0.121	0.123	0.126
13:01:13	37.1	0.131	0.114	0.122	0.119	0.114	0.115	0.118	0.122	0.119	0.115	0.113	0.126	0.163	0.240	0.254	0.173	0.163	0.168	0.135	0.175	0.166	0.193	0.174	0.190	1.342	1.368	1.348	1.465	1.468	1.454	1.438	1.453	1.478	1.481	1.448	1.476	0.238	0.270	0.260	0.237	0.229	0.235	0.227	0.226	0.218	0.234	0.214	0.248	0.144	0.167	0.154	0.140	0.132	0.166	0.218	0.141	0.139	0.145	0.141	0.146	0.178	0.194	0.189	0.205	0.191	0.197	0.178	0.201	0.203	0.216	0.212	0.199	1.372	1.336	1.366	1.417	1.439	1.460	1.465	1.459	1.466	1.479	1.465	1.497	0.170	0.139	0.125	0.136	0.135	0.132	0.126	0.133	0.148	0.132	0.128	0.139
14:01:13	37.1	0.137	0.119	0.124	0.129	0.118	0.117	0.122	0.130	0.127	0.120	0.117	0.137	0.179	0.280	0.290	0.196	0.185	0.187	0.151	0.193	0.183	0.213	0.192	0.201	1.372	1.415	1.381	1.486	1.496	1.490	1.480	1.489	1.501	1.505	1.475	1.506	0.291	0.310	0.306	0.278	0.273	0.270	0.280	0.260	0.269	0.273	0.259	0.303	0.160	0.184	0.174	0.156	0.146	0.184	0.236	0.157	0.151	0.158	0.157	0.169	0.188	0.209	0.209	0.232	0.205	0.212	0.192	0.219	0.218	0.235	0.233	0.218	1.392	1.372	1.385	1.457	1.464	1.487	1.488	1.486	1.491	1.504	1.488	1.517	0.191	0.151	0.133	0.158	0.146	0.145	0.138	0.146	0.167	0.153	0.142	0.160
15:01:14	37.1	0.148	0.133	0.131	0.138	0.126	0.122	0.132	0.147	0.142	0.132	0.125	0.157	0.203	0.316	0.327	0.222	0.210	0.213	0.166	0.214	0.207	0.233	0.200	0.217	1.395	1.430	1.425	1.504	1.511	1.509	1.496	1.507	1.519	1.524	1.493	1.526	0.334	0.362	0.348	0.327	0.318	0.320	0.320	0.304	0.318	0.323	0.316	0.355	0.180	0.207	0.191	0.169	0.174	0.199	0.259	0.176	0.170	0.171	0.178	0.192	0.197	0.226	0.222	0.239	0.222	0.225	0.205	0.237	0.238	0.257	0.251	0.238	1.409	1.385	1.410	1.482	1.484	1.505	1.505	1.503	1.507	1.520	1.504	1.531	0.229	0.173	0.145	0.187	0.170	0.170	0.160	0.176	0.192	0.179	0.162	0.193
16:01:15	37.1	0.161	0.154	0.148	0.160	0.142	0.132	0.150	0.174	0.163	0.155	0.144	0.187	0.222	0.350	0.371	0.240	0.225	0.231	0.183	0.233	0.230	0.257	0.218	0.237	1.425	1.439	1.441	1.517	1.529	1.530	1.515	1.520	1.531	1.535	1.511	1.540	0.386	0.415	0.405	0.361	0.372	0.362	0.373	0.347	0.369	0.381	0.376	0.412	0.211	0.225	0.226	0.190	0.199	0.218	0.277	0.205	0.196	0.197	0.204	0.217	0.210	0.241	0.242	0.248	0.242	0.243	0.220	0.255	0.263	0.280	0.269	0.259	1.425	1.404	1.427	1.494	1.496	1.515	1.515	1.514	1.519	1.532	1.513	1.542	0.270	0.207	0.168	0.220	0.209	0.207	0.196	0.221	0.228	0.213	0.192	0.232
17:01:16	37.0	0.176	0.179	0.176	0.181	0.164	0.154	0.176	0.201	0.190	0.185	0.167	0.221	0.243	0.391	0.407	0.269	0.248	0.254	0.203	0.251	0.256	0.285	0.238	0.248	1.443	1.452	1.458	1.529	1.537	1.538	1.523	1.528	1.538	1.543	1.520	1.548	0.429	0.460	0.461	0.410	0.419	0.406	0.429	0.394	0.434	0.435	0.433	0.472	0.233	0.259	0.256	0.211	0.220	0.245	0.303	0.241	0.232	0.232	0.242	0.254	0.225	0.257	0.262	0.272	0.263	0.264	0.242	0.279	0.284	0.304	0.292	0.279	1.443	1.428	1.442	1.508	1.510	1.529	1.526	1.524	1.528	1.542	1.524	1.550	0.315	0.269	0.205	0.257	0.264	0.254	0.248	0.271	0.270	0.254	0.237	0.275
18:01:16	37.1	0.202	0.207	0.208	0.209	0.189	0.175	0.203	0.231	0.217	0.222	0.200	0.257	0.265	0.426	0.450	0.288	0.275	0.273	0.215	0.279	0.280	0.312	0.258	0.267	1.451	1.460	1.469	1.535	1.544	1.545	1.531	1.533	1.544	1.546	1.528	1.556	0.469	0.515	0.505	0.463	0.475	0.448	0.479	0.435	0.489	0.500	0.500	0.529	0.259	0.277	0.274	0.236	0.247	0.271	0.326	0.280	0.263	0.267	0.294	0.294	0.239	0.276	0.284	0.280	0.280	0.287	0.260	0.301	0.306	0.330	0.319	0.303	1.456	1.438	1.461	1.519	1.517	1.535	1.531	1.530	1.534	1.547	1.530	1.554	0.363	0.339	0.263	0.293	0.317	0.310	0.304	0.327	0.315	0.301	0.292	0.326
19:01:17	37.1	0.224	0.237	0.237	0.234	0.228	0.211	0.234	0.268	0.250	0.258	0.236	0.286	0.288	0.476	0.490	0.309	0.301	0.302	0.234	0.292	0.302	0.330	0.269	0.284	1.458	1.466	1.480	1.542	1.550	1.552	1.538	1.541	1.552	1.555	1.534	1.564	0.513	0.555	0.556	0.512	0.542	0.505	0.534	0.488	0.546	0.559	0.556	0.586	0.282	0.307	0.296	0.272	0.280	0.315	0.351	0.321	0.304	0.306	0.330	0.344	0.258	0.298	0.308	0.299	0.300	0.312	0.280	0.321	0.332	0.356	0.343	0.326	1.464	1.449	1.472	1.526	1.523	1.543	1.538	1.538	1.542	1.552	1.537	1.562	0.392	0.424	0.344	0.332	0.370	0.357	0.358	0.374	0.359	0.353	0.343	0.364
20:01:17	37.1	0.256	0.267	0.274	0.266	0.265	0.253	0.277	0.309	0.296	0.297	0.284	0.334	0.315	0.514	0.532	0.346	0.328	0.328	0.265	0.333	0.334	0.362	0.297	0.308	1.464	1.475	1.489	1.548	1.555	1.558	1.544	1.546	1.558	1.560	1.540	1.569	0.562	0.617	0.629	0.577	0.589	0.557	0.591	0.540	0.612	0.619	0.630	0.644	0.311	0.330	0.331	0.304	0.307	0.344	0.388	0.357	0.332	0.334	0.382	0.380	0.276	0.319	0.336	0.318	0.327	0.338	0.305	0.350	0.360	0.386	0.372	0.353	1.472	1.457	1.482	1.532	1.530	1.548	1.545	1.544	1.547	1.559	1.543	1.565	0.453	0.491	0.431	0.375	0.427	0.408	0.414	0.433	0.412	0.413	0.406	0.419
21:01:18	37.1	0.278	0.298	0.306	0.305	0.310	0.283	0.305	0.350	0.336	0.345	0.314	0.371	0.351	0.568	0.582	0.362	0.345	0.353	0.296	0.364	0.350	0.385	0.315	0.324	1.469	1.482	1.498	1.553	1.560	1.563	1.549	1.551	1.562	1.564	1.546	1.575	0.609	0.671	0.694	0.618	0.642	0.598	0.631	0.585	0.670	0.674	0.692	0.702	0.334	0.360	0.366	0.337	0.347	0.382	0.428	0.396	0.385	0.384	0.416	0.434	0.300	0.347	0.366	0.341	0.349	0.365	0.334	0.381	0.387	0.416	0.398	0.380	1.478	1.463	1.489	1.537	1.533	1.552	1.548	1.548	1.551	1.563	1.548	1.570	0.502	0.542	0.489	0.420	0.478	0.453	0.465	0.488	0.461	0.467	0.453	0.461
22:01:18	37.1	0.306	0.328	0.347	0.348	0.345	0.318	0.338	0.403	0.366	0.384	0.366	0.424	0.383	0.623	0.635	0.406	0.381	0.403	0.329	0.396	0.389	0.439	0.350	0.353	1.473	1.489	1.505	1.560	1.566	1.567	1.555	1.557	1.567	1.571	1.551	1.581	0.668	0.733	0.752	0.669	0.701	0.643	0.694	0.640	0.737	0.741	0.754	0.768	0.360	0.379	0.392	0.368	0.375	0.444	0.467	0.446	0.422	0.433	0.430	0.480	0.324	0.368	0.397	0.365	0.378	0.400	0.354	0.413	0.414	0.452	0.428	0.407	1.481	1.470	1.495	1.542	1.537	1.557	1.554	1.553	1.556	1.569	1.555	1.575	0.534	0.599	0.553	0.471	0.534	0.507	0.526	0.550	0.509	0.526	0.515	0.515
23:01:19	37.1	0.339	0.359	0.378	0.392	0.374	0.346	0.383	0.443	0.406	0.427	0.423	0.454	0.416	0.678	0.686	0.437	0.406	0.426	0.364	0.441	0.425	0.459	0.378	0.373	1.476	1.493	1.510	1.563	1.571	1.573	1.561	1.561	1.572	1.575	1.558	1.584	0.729	0.789	0.817	0.716	0.749	0.705	0.735	0.684	0.778	0.807	0.815	0.820	0.383	0.403	0.423	0.400	0.418	0.491	0.514	0.494	0.458	0.478	0.486	0.527	0.352	0.397	0.428	0.393	0.408	0.439	0.390	0.449	0.448	0.485	0.462	0.448	1.486	1.473	1.501	1.546	1.543	1.562	1.560	1.558	1.560	1.573	1.561	1.579	0.572	0.671	0.626	0.511	0.586	0.560	0.581	0.616	0.567	0.587	0.581	0.586
24:01:19	37.1	0.370	0.397	0.419	0.468	0.419	0.398	0.433	0.487	0.452	0.474	0.485	0.505	0.448	0.734	0.745	0.480	0.474	0.476	0.406	0.465	0.457	0.493	0.407	0.402	1.479	1.499	1.517	1.569	1.575	1.577	1.564	1.565	1.577	1.579	1.563	1.589	0.778	0.851	0.878	0.782	0.786	0.753	0.783	0.746	0.842	0.860	0.874	0.877	0.402	0.430	0.451	0.440	0.461	0.521	0.554	0.530	0.517	0.521	0.514	0.563	0.386	0.433	0.474	0.418	0.447	0.481	0.423	0.490	0.484	0.518	0.495	0.484	1.488	1.480	1.509	1.552	1.548	1.567	1.564	1.563	1.565	1.578	1.566	1.583	0.620	0.732	0.695	0.554	0.627	0.608	0.636	0.672	0.626	0.642	0.641	0.636
25:01:20	37.1	0.396	0.420	0.455	0.509	0.456	0.429	0.478	0.532	0.488	0.513	0.521	0.542	0.487	0.783	0.798	0.495	0.484	0.493	0.447	0.518	0.486	0.537	0.424	0.434	1.482	1.503	1.522	1.574	1.580	1.582	1.569	1.572	1.580	1.582	1.569	1.595	0.832	0.896	0.941	0.829	0.849	0.796	0.849	0.815	0.900	0.907	0.922	0.934	0.427	0.441	0.473	0.472	0.490	0.562	0.596	0.583	0.558	0.571	0.576	0.609	0.418	0.459	0.501	0.444	0.495	0.521	0.465	0.538	0.531	0.558	0.530	0.528	1.491	1.485	1.514	1.561	1.553	1.571	1.570	1.567	1.569	1.582	1.570	1.587	0.674	0.802	0.769	0.583	0.685	0.668	0.688	0.724	0.684	0.707	0.700	0.694
26:01:21	37.1	0.429	0.456	0.505	0.547	0.510	0.466	0.542	0.582	0.527	0.562	0.555	0.582	0.529	0.827	0.855	0.542	0.513	0.544	0.477	0.551	0.527	0.570	0.453	0.473	1.485	1.510	1.527	1.580	1.583	1.586	1.574	1.575	1.586	1.587	1.573	1.598	0.870	0.954	0.986	0.879	0.906	0.863	0.900	0.862	0.946	0.976	0.972	0.979	0.452	0.474	0.503	0.507	0.536	0.598	0.635	0.624	0.595	0.620	0.619	0.651	0.461	0.511	0.547	0.477	0.554	0.564	0.512	0.577	0.572	0.596	0.568	0.559	1.494	1.490	1.521	1.560	1.559	1.574	1.572	1.573	1.572	1.588	1.575	1.590	0.714	0.866	0.834	0.629	0.730	0.722	0.728	0.778	0.732	0.757	0.743	0.744
27:01:21	37.1	0.464	0.502	0.554	0.612	0.576	0.529	0.607	0.643	0.573	0.613	0.619	0.629	0.579	0.881	0.902	0.592	0.552	0.579	0.521	0.604	0.572	0.623	0.512	0.518	1.489	1.514	1.532	1.585	1.589	1.590	1.575	1.580	1.589	1.592	1.579	1.604	0.923	1.003	1.024	0.926	0.951	0.917	0.937	0.906	1.005	1.028	1.036	1.020	0.474	0.497	0.534	0.549	0.590	0.681	0.675	0.654	0.645	0.645	0.670	0.690	0.502	0.572	0.583	0.503	0.595	0.618	0.570	0.622	0.612	0.635	0.608	0.607	1.498	1.498	1.527	1.565	1.565	1.579	1.577	1.578	1.576	1.591	1.580	1.595	0.761	0.912	0.880	0.664	0.772	0.765	0.784	0.831	0.794	0.819	0.808	0.801
28:01:21	37.1	0.499	0.541	0.601	0.675	0.640	0.569	0.656	0.691	0.629	0.660	0.665	0.665	0.689	0.954	0.954	0.639	0.615	0.632	0.602	0.658	0.620	0.663	0.532	0.567	1.493	1.521	1.540	1.589	1.593	1.595	1.583	1.585	1.594	1.597	1.584	1.608	0.977	1.034	1.080	0.983	0.997	0.965	0.986	0.955	1.042	1.071	1.076	1.064	0.507	0.528	0.567	0.588	0.625	0.699	0.707	0.697	0.645	0.684	0.705	0.736	0.563	0.652	0.644	0.548	0.655	0.663	0.626	0.665	0.653	0.676	0.646	0.634	1.502	1.500	1.531	1.570	1.567	1.583	1.580	1.582	1.581	1.596	1.586	1.598	0.813	0.972	0.941	0.736	0.836	0.826	0.834	0.888	0.838	0.865	0.855	0.844
29:01:22	37.1	0.529	0.570	0.650	0.738	0.675	0.622	0.722	0.739	0.678	0.712	0.711	0.705	0.699	1.003	1.001	0.696	0.651	0.681	0.653	0.697	0.659	0.722	0.563	0.599	1.495	1.524	1.541	1.592	1.600	1.597	1.587	1.590	1.598	1.597	1.588	1.612	1.015	1.082	1.109	1.002	1.029	0.991	1.020	0.995	1.073	1.106	1.110	1.092	0.532	0.553	0.581	0.610	0.660	0.728	0.749	0.733	0.674	0.723	0.744	0.751	0.626	0.709	0.688	0.590	0.705	0.706	0.676	0.707	0.686	0.711	0.680	0.666	1.503	1.505	1.538	1.574	1.571	1.587	1.583	1.585	1.584	1.599	1.591	1.598	0.868	1.015	0.995	0.777	0.876	0.871	0.886	0.934	0.882	0.913	0.900	0.895
30:01:22	37.1	0.568	0.609	0.696	0.783	0.713	0.651	0.768	0.790	0.704	0.747	0.756	0.742	0.766	1.050	1.042	0.736	0.692	0.726	0.700	0.749	0.701	0.763	0.612	0.641	1.494	1.527	1.544	1.593	1.601	1.602	1.589	1.595	1.599	1.602	1.594	1.617	1.040	1.117	1.145	1.030	1.063	1.020	1.049	1.028	1.105	1.137	1.138	1.117	0.557	0.574	0.611	0.652	0.704	0.762	0.775	0.766	0.722	0.766	0.770	0.790	0.688	0.768	0.755	0.630	0.754	0.738	0.730	0.748	0.724	0.752	0.713	0.694	1.507	1.510	1.540	1.577	1.576	1.592	1.587	1.589	1.589	1.604	1.599	1.602	0.902	1.052	1.038	0.815	0.921	0.923	0.927	0.974	0.928	0.953	0.937	0.936
31:01:23	37.1	0.604	0.643	0.749	0.852	0.775	0.690	0.827	0.850	0.759	0.791	0.798	0.782	0.803	1.093	1.085	0.769	0.736	0.760	0.742	0.789	0.745	0.800	0.636	0.674	1.501	1.536	1.550	1.598	1.607	1.605	1.595	1.601	1.601	1.600	1.595	1.621	1.076	1.153	1.183	1.089	1.089	1.062	1.082	1.074	1.135	1.173	1.171	1.145	0.581	0.593	0.640	0.689	0.762	0.799	0.819	0.811	0.770	0.804	0.802	0.821	0.753	0.806	0.845	0.672	0.800	0.780	0.776	0.787	0.759	0.788	0.745	0.726	1.510	1.515	1.546	1.585	1.580	1.595	1.589	1.593	1.591	1.608	1.601	1.602	0.939	1.081	1.073	0.866	0.959	0.959	0.968	1.021	0.977	0.994	0.974	0.979
32:01:24	37.1	0.641	0.685	0.795	0.898	0.809	0.751	0.899	0.891	0.792	0.843	0.838	0.814	0.854	1.122	1.117	0.826	0.766	0.808	0.795	0.843	0.793	0.863	0.683	0.735	1.504	1.541	1.556	1.598	1.609	1.606	1.590	1.605	1.603	1.604	1.601	1.623	1.087	1.169	1.202	1.105	1.122	1.095	1.107	1.101	1.159	1.196	1.192	1.169	0.606	0.622	0.669	0.727	0.818	0.837	0.847	0.858	0.802	0.832	0.845	0.856	0.825	0.858	0.917	0.716	0.847	0.825	0.825	0.828	0.797	0.826	0.781	0.762	1.514	1.523	1.552	1.587	1.583	1.599	1.595	1.597	1.596	1.612	1.606	1.609	0.991	1.119	1.108	0.906	0.996	0.992	1.010	1.051	1.012	1.031	1.011	1.013
33:01:24	37.1	0.679	0.728	0.836	0.941	0.842	0.770	0.920	0.945	0.845	0.882	0.889	0.838	0.907	1.163	1.149	0.871	0.821	0.847	0.829	0.882	0.822	0.894	0.716	0.769	1.507	1.546	1.560	1.603	1.612	1.614	1.593	1.609	1.607	1.609	1.608	1.627	1.120	1.172	1.210	1.128	1.139	1.112	1.123	1.122	1.179	1.214	1.210	1.182	0.630	0.649	0.707	0.757	0.849	0.872	0.866	0.877	0.848	0.875	0.874	0.888	0.878	0.918	0.971	0.748	0.883	0.859	0.862	0.862	0.830	0.859	0.813	0.800	1.518	1.526	1.554	1.592	1.588	1.604	1.596	1.600	1.601	1.615	1.609	1.608	0.998	1.136	1.139	0.946	1.021	1.023	1.035	1.081	1.045	1.056	1.036	1.039
34:01:24	37.1	0.701	0.767	0.864	0.977	0.901	0.796	0.949	0.965	0.872	0.924	0.900	0.875	0.957	1.184	1.170	0.897	0.838	0.889	0.873	0.913	0.859	0.931	0.749	0.811	1.510	1.546	1.557	1.603	1.616	1.611	1.595	1.612	1.608	1.612	1.612	1.630	1.117	1.201	1.231	1.139	1.147	1.130	1.133	1.125	1.186	1.225	1.224	1.195	0.659	0.670	0.726	0.779	0.890	0.898	0.902	0.903	0.866	0.891	0.899	0.918	0.919	0.976	1.017	0.787	0.926	0.891	0.901	0.903	0.868	0.896	0.847	0.826	1.519	1.530	1.559	1.594	1.590	1.605	1.597	1.604	1.604	1.618	1.615	1.609	1.026	1.153	1.163	0.950	1.043	1.054	1.063	1.111	1.071	1.081	1.063	1.068
35:01:24	37.1	0.731	0.790	0.908	1.017	0.928	0.836	0.972	0.997	0.925	0.956	0.942	0.893	1.004	1.209	1.199	0.933	0.891	0.921	0.907	0.954	0.888	0.960	0.776	0.850	1.507	1.550	1.560	1.607	1.619	1.608	1.594	1.615	1.612	1.617	1.612	1.635	1.140	1.205	1.240	1.157	1.161	1.148	1.149	1.153	1.204	1.238	1.235	1.204	0.683	0.694	0.759	0.815	0.916	0.922	0.937	0.944	0.909	0.936	0.922	0.938	0.968	1.020	1.058	0.831	0.961	0.931	0.941	0.934	0.898	0.928	0.876	0.869	1.522	1.535	1.562	1.590	1.591	1.604	1.600	1.607	1.607	1.621	1.619	1.611	1.050	1.175	1.178	0.988	1.071	1.070	1.079	1.127	1.097	1.109	1.078	1.086
36:01:25	37.1	0.760	0.817	0.929	1.065	0.951	0.861	0.984	1.037	0.964	0.991	0.969	0.916	1.029	1.224	1.219	0.974	0.917	0.949	0.940	0.996	0.928	1.006	0.814	0.892	1.507	1.556	1.565	1.608	1.623	1.613	1.593	1.619	1.612	1.619	1.619	1.639	1.148	1.220	1.244	1.161	1.171	1.161	1.160	1.168	1.214	1.250	1.248	1.217	0.711	0.712	0.770	0.845	0.964	0.955	0.959	0.966	0.935	0.956	0.952	0.964	1.017	1.056	1.091	0.869	0.998	0.963	0.979	0.971	0.927	0.959	0.908	0.896	1.526	1.540	1.568	1.596	1.592	1.606	1.604	1.612	1.610	1.625	1.619	1.617	1.074	1.188	1.203	1.010	1.086	1.096	1.094	1.155	1.115	1.128	1.103	1.111
37:01:25	37.1	0.800	0.853	0.953	1.105	0.986	0.893	1.030	1.070	0.997	1.022	0.989	0.942	1.080	1.244	1.239	1.010	0.963	0.996	0.976	1.035	0.966	1.041	0.852	0.933	1.511	1.558	1.561	1.610	1.624	1.617	1.592	1.625	1.616	1.621	1.623	1.642	1.159	1.230	1.253	1.180	1.185	1.168	1.163	1.169	1.224	1.263	1.259	1.225	0.743	0.745	0.795	0.879	0.980	0.992	0.985	0.999	0.964	0.980	0.973	0.990	1.055	1.091	1.116	0.902	1.027	0.993	1.010	1.000	0.958	0.990	0.940	0.920	1.529	1.544	1.570	1.597	1.593	1.611	1.608	1.613	1.611	1.632	1.623	1.619	1.092	1.204	1.215	1.019	1.107	1.113	1.109	1.166	1.136	1.141	1.114	1.127
38:01:26	37.1	0.817	0.877	0.975	1.141	1.012	0.912	1.043	1.087	1.006	1.058	1.032	0.964	1.110	1.256	1.254	1.048	1.004	1.031	1.002	1.068	0.994	1.076	0.895	0.966	1.513	1.562	1.562	1.614	1.628	1.620	1.599	1.631	1.619	1.623	1.624	1.646	1.168	1.233	1.261	1.191	1.189	1.182	1.180	1.197	1.233	1.268	1.262	1.230	0.768	0.759	0.815	0.875	1.016	1.017	1.018	1.029	1.003	1.015	0.978	1.019	1.081	1.132	1.147	0.935	1.062	1.024	1.038	1.030	0.981	1.017	0.963	0.926	1.531	1.546	1.575	1.602	1.596	1.611	1.610	1.619	1.614	1.637	1.628	1.616	1.095	1.212	1.234	1.050	1.115	1.136	1.129	1.185	1.161	1.150	1.127	1.141
39:01:26	37.1	0.843	0.892	0.991	1.149	1.039	0.925	1.063	1.122	1.040	1.083	1.057	0.975	1.139	1.270	1.262	1.075	1.030	1.055	1.031	1.090	1.023	1.108	0.936	0.988	1.514	1.564	1.560	1.612	1.630	1.621	1.597	1.631	1.618	1.618	1.624	1.646	1.171	1.238	1.257	1.192	1.195	1.183	1.178	1.188	1.244	1.278	1.273	1.234	0.775	0.779	0.853	0.913	1.030	1.046	1.038	1.049	1.034	1.022	1.000	1.034	1.111	1.151	1.170	0.960	1.087	1.043	1.061	1.055	0.998	1.039	0.982	0.949	1.534	1.547	1.573	1.605	1.597	1.615	1.613	1.619	1.616	1.636	1.629	1.615	1.107	1.216	1.231	1.063	1.123	1.141	1.138	1.194	1.174	1.165	1.140	1.157
40:01:27	37.1	0.845	0.907	1.009	1.161	1.083	0.929	1.028	1.126	1.046	1.096	1.062	0.959	1.166	1.273	1.271	1.098	1.047	1.071	1.060	1.117	1.044	1.125	0.948	1.019	1.522	1.568	1.563	1.615	1.639	1.618	1.593	1.630	1.613	1.617	1.628	1.649	1.175	1.226	1.263	1.197	1.200	1.187	1.177	1.202	1.243	1.279	1.274	1.242	0.795	0.801	0.883	0.925	1.054	1.056	1.042	1.076	1.061	1.036	0.993	1.050	1.132	1.177	1.188	0.992	1.113	1.069	1.088	1.084	1.029	1.066	1.009	0.990	1.535	1.553	1.583	1.607	1.600	1.626	1.620	1.622	1.622	1.640	1.634	1.614	1.125	1.226	1.250	1.074	1.139	1.155	1.145	1.210	1.187	1.185	1.145	1.170
41:01:27	37.1	0.860	0.928	1.026	1.157	1.067	0.945	1.061	1.157	1.064	1.116	1.077	0.973	1.181	1.277	1.280	1.128	1.071	1.104	1.083	1.146	1.071	1.157	0.976	1.048	1.522	1.572	1.562	1.622	1.641	1.620	1.599	1.632	1.617	1.619	1.632	1.653	1.172	1.236	1.250	1.208	1.201	1.184	1.185	1.200	1.244	1.282	1.277	1.236	0.822	0.821	0.900	0.922	1.069	1.060	1.065	1.092	1.085	1.070	0.992	1.065	1.149	1.189	1.208	1.012	1.136	1.091	1.105	1.106	1.038	1.086	1.030	0.998	1.539	1.554	1.581	1.606	1.604	1.629	1.619	1.623	1.630	1.640	1.637	1.616	1.134	1.233	1.251	1.101	1.143	1.166	1.153	1.213	1.190	1.190	1.149	1.170
42:01:28	37.1	0.878	0.935	1.024	1.118	1.063	0.953	1.073	1.125	1.050	1.114	1.048	0.957	1.204	1.276	1.284	1.143	1.092	1.117	1.094	1.164	1.083	1.168	0.996	1.067	1.522	1.573	1.568	1.622	1.651	1.621	1.601	1.636	1.618	1.617	1.634	1.656	1.166	1.226	1.255	1.206	1.198	1.193	1.187	1.190	1.243	1.281	1.276	1.239	0.827	0.847	0.917	0.947	1.085	1.074	1.065	1.102	1.095	1.079	0.984	1.069	1.159	1.204	1.218	1.033	1.155	1.107	1.123	1.128	1.067	1.106	1.045	1.011	1.541	1.556	1.586	1.607	1.607	1.633	1.621	1.629	1.633	1.643	1.641	1.615	1.129	1.229	1.264	1.091	1.152	1.169	1.149	1.219	1.199	1.190	1.154	1.176
43:01:28	37.1	0.901	0.940	1.018	1.092	1.046	0.929	1.060	1.120	1.041	1.112	1.054	0.954	1.219	1.278	1.285	1.161	1.111	1.140	1.111	1.184	1.102	1.192	1.020	1.091	1.530	1.568	1.562	1.618	1.657	1.623	1.598	1.638	1.612	1.618	1.635	1.653	1.172	1.227	1.263	1.206	1.200	1.195	1.181	1.208	1.249	1.282	1.284	1.239	0.840	0.863	0.895	0.955	1.102	1.093	1.077	1.102	1.093	1.086	0.994	1.067	1.171	1.211	1.225	1.055	1.178	1.124	1.141	1.146	1.085	1.124	1.063	1.037	1.549	1.560	1.588	1.607	1.605	1.625	1.621	1.632	1.633	1.643	1.647	1.618	1.136	1.232	1.265	1.111	1.159	1.177	1.155	1.232	1.210	1.199	1.164	1.185
44:01:29	37.1	0.908	0.938	1.009	1.055	1.035	0.891	1.048	1.104	1.040	1.087	1.043	0.929	1.234	1.285	1.289	1.179	1.128	1.154	1.125	1.200	1.118	1.203	1.034	1.109	1.526	1.573	1.575	1.621	1.661	1.622	1.592	1.638	1.614	1.619	1.636	1.658	1.170	1.232	1.260	1.215	1.204	1.197	1.185	1.207	1.247	1.287	1.282	1.240	0.861	0.878	0.919	0.956	1.124	1.108	1.076	1.109	1.114	1.073	0.989	1.058	1.176	1.222	1.235	1.072	1.194	1.145	1.155	1.164	1.098	1.142	1.080	1.049	1.552	1.566	1.593	1.612	1.610	1.628	1.620	1.633	1.627	1.645	1.644	1.623	1.141	1.234	1.276	1.105	1.157	1.180	1.159	1.234	1.216	1.203	1.161	1.183
45:01:30	37.1	0.910	0.937	0.991	1.033	1.027	0.887	1.055	1.084	1.002	1.063	1.016	0.918	1.243	1.284	1.293	1.193	1.139	1.173	1.131	1.217	1.127	1.221	1.053	1.134	1.524	1.578	1.570	1.620	1.656	1.621	1.598	1.633	1.613	1.619	1.634	1.659	1.166	1.225	1.258	1.211	1.198	1.191	1.181	1.205	1.248	1.282	1.282	1.235	0.865	0.850	0.906	0.938	1.131	1.098	1.078	1.102	1.110	1.061	0.967	1.032	1.188	1.227	1.239	1.087	1.207	1.150	1.159	1.176	1.110	1.155	1.093	1.049	1.552	1.563	1.593	1.615	1.607	1.628	1.633	1.633	1.613	1.633	1.644	1.623	1.136	1.225	1.262	1.103	1.159	1.187	1.153	1.234	1.216	1.203	1.160	1.183
46:01:31	37.0	0.903	0.944	0.984	1.004	1.002	0.881	1.030	1.058	0.986	1.034	0.981	0.880	1.250	1.276	1.285	1.209	1.151	1.176	1.141	1.228	1.140	1.232	1.050	1.145	1.519	1.575	1.568	1.619	1.651	1.622	1.597	1.637	1.614	1.616	1.640	1.664	1.164	1.213	1.242	1.207	1.198	1.194	1.177	1.205	1.244	1.284	1.287	1.228	0.845	0.820	0.882	0.921	1.124	1.082	1.056	1.074	1.078	1.046	0.928	0.971	1.193	1.235	1.247	1.108	1.217	1.164	1.166	1.188	1.117	1.166	1.103	1.044	1.555	1.569	1.597	1.617	1.604	1.630	1.632	1.636	1.617	1.638	1.638	1.617	1.129	1.228	1.266	1.110	1.156	1.184	1.145	1.234	1.224	1.198	1.146	1.183
47:01:31	37.1	0.866	0.927	0.932	0.950	0.966	0.829	1.003	1.026	0.927	0.995	0.938	0.834	1.256	1.260	1.274	1.217	1.153	1.184	1.135	1.236	1.142	1.244	1.066	1.149	1.514	1.577	1.574	1.620	1.648	1.622	1.601	1.641	1.614	1.618	1.640	1.668	1.141	1.206	1.232	1.201	1.186	1.192	1.175	1.198	1.244	1.276	1.276	1.208	0.809	0.811	0.845	0.901	1.092	1.045	1.026	1.048	1.041	0.999	0.857	0.891	1.169	1.235	1.250	1.110	1.216	1.167	1.167	1.195	1.121	1.171	1.110	1.038	1.558	1.568	1.596	1.617	1.610	1.619	1.637	1.643	1.615	1.638	1.642	1.621	1.131	1.217	1.262	1.091	1.147	1.179	1.131	1.224	1.218	1.198	1.140	1.172
48:01:32	37.1	0.849	0.900	0.899	0.913	0.909	0.831	0.949	0.989	0.885	0.972	0.953	0.785	1.260	1.254	1.274	1.224	1.163	1.180	1.140	1.250	1.152	1.251	1.085	1.162	1.521	1.575	1.586	1.623	1.653	1.632	1.607	1.651	1.617	1.629	1.648	1.667	1.151	1.199	1.232	1.202	1.187	1.192	1.169	1.215	1.246	1.282	1.283	1.199	0.820	0.764	0.816	0.881	1.043	0.999	0.984	0.995	0.998	0.941	0.808	0.815	1.166	1.236	1.247	1.112	1.228	1.161	1.178	1.202	1.122	1.179	1.120	1.053	1.558	1.573	1.598	1.617	1.616	1.616	1.638	1.644	1.618	1.644	1.647	1.623	1.125	1.222	1.260	1.087	1.147	1.176	1.130	1.235	1.218	1.192	1.136	1.166

Results
	1	2	3	4	5	6	7	8	9	10	11	12
A	0.622	0.670	0.812	0.997	0.948	0.816	1.002	0.872	0.805	0.824	0.887	0.713	Max V [578]
	1.000	0.999	1.000	0.996	0.991	0.994	0.998	0.998	0.996	1.000	0.994	0.998	R-Squared [578]
	31:01:23	32:01:23	27:01:21	28:01:22	27:01:21	27:01:21	27:01:21	27:01:21	27:01:21	27:01:21	23:01:19	25:01:20	t at Max V [578]
	18:25:13	17:53:18	18:28:17	18:57:50	19:11:10	19:02:00	19:02:39	17:13:10	17:33:09	17:04:15	17:19:37	15:16:54	Lagtime [578]
B	0.988	0.946	0.919	0.831	0.761	0.774	0.963	0.815	0.731	0.811	0.668	0.725	Max V [578]
	0.952	0.993	1.000	0.999	0.992	0.996	0.990	0.997	0.999	0.997	0.999	0.991	R-Squared [578]
	28:01:22	28:01:22	24:01:20	27:01:21	28:01:22	28:01:22	28:01:22	28:01:22	27:01:21	28:01:22	37:01:25	32:01:23	t at Max V [578]
	18:56:15	13:19:57	12:38:49	17:36:19	17:36:57	17:12:36	19:56:41	17:08:04	16:58:41	16:57:31	18:36:44	18:27:22	Lagtime [578]
C	3.491	3.638	3.540	3.791	3.910	3.900	3.965	3.925	3.951	4.058	3.948	4.275	Max V [578]
	0.993	0.993	0.999	0.988	0.987	0.990	0.993	0.985	0.982	0.996	0.996	0.994	R-Squared [578]
	7:01:09	7:01:09	7:01:09	7:01:09	7:01:09	7:01:09	7:01:09	7:01:09	7:01:09	6:01:08	6:01:08	6:01:08	t at Max V [578]
	4:16:57	4:17:13	4:23:37	4:25:04	4:21:43	4:26:06	4:37:34	4:22:35	4:20:38	3:52:40	3:31:29	3:52:54	Lagtime [578]
D	0.926	0.977	1.073	0.891	0.932	0.907	0.903	0.955	1.031	1.028	1.078	0.989	Max V [578]
	0.998	1.000	0.998	0.997	0.997	0.996	1.000	0.995	0.999	0.998	0.998	0.999	R-Squared [578]
	23:01:19	22:01:18	21:01:18	23:01:19	19:01:17	26:01:20	18:01:16	24:01:20	20:01:17	21:01:18	19:01:17	20:01:17	t at Max V [578]
	12:13:36	12:02:33	12:10:29	11:46:58	11:55:18	12:35:37	11:18:16	13:08:50	12:06:52	12:15:15	12:16:09	11:29:19	Lagtime [578]
E	0.465	0.463	0.524	0.624	0.819	0.791	0.705	0.764	0.751	0.779	0.792	-1.045	Max V [578]
	0.998	0.996	0.997	0.997	0.992	0.969	0.999	0.997	0.993	0.999	0.992	0.970	R-Squared [578]
	36:01:25	27:01:21	21:01:18	26:01:20	31:01:23	26:01:20	23:01:19	23:01:19	25:01:20	22:01:18	26:01:20	46:01:31	t at Max V [578]
	14:40:43	13:29:27	13:35:23	15:38:25	17:52:03	16:06:16	15:27:32	15:13:55	15:43:54	15:40:07	15:38:14	?????	Lagtime [578]
F	1.084	1.086	1.214	0.698	0.868	0.781	0.905	0.724	0.696	0.657	0.631	0.656	Max V [578]
	0.999	0.996	0.994	0.999	0.997	0.999	0.999	0.999	0.999	1.000	1.000	0.997	R-Squared [578]
	30:01:23	28:01:22	31:01:23	29:01:22	27:01:21	27:01:21	28:01:22	26:01:20	26:01:20	26:01:20	26:01:20	25:01:20	t at Max V [578]
	21:25:40	20:10:42	21:14:24	17:49:15	17:55:25	16:46:13	18:41:30	15:38:56	15:29:56	14:06:48	14:38:41	14:51:39	Lagtime [578]
G	3.618	3.511	3.483	3.496	3.804	3.927	4.124	4.041	4.080	4.147	4.006	4.253	Max V [578]
	1.000	0.998	0.996	0.997	0.991	0.989	0.988	0.995	0.994	0.996	0.994	0.990	R-Squared [578]
	6:01:08	7:01:09	7:01:09	7:01:09	7:01:09	7:01:09	6:01:08	6:01:08	6:01:08	6:01:08	6:01:08	6:01:08	t at Max V [578]
	3:44:35	3:58:46	3:57:56	3:56:34	4:04:31	4:07:35	3:55:12	3:47:34	3:44:35	3:41:28	3:34:39	3:39:50	Lagtime [578]
H	0.812	1.205	1.227	0.826	0.902	0.895	0.931	1.009	0.939	0.994	1.034	0.977	Max V [578]
	0.997	0.997	0.995	0.989	1.000	0.999	0.999	0.999	0.999	1.000	1.000	0.998	R-Squared [578]
	27:01:21	18:01:16	19:01:17	27:01:21	20:01:17	24:01:20	22:01:18	22:01:18	24:01:20	23:01:19	23:01:19	23:01:19	t at Max V [578]
	14:20:55	14:55:01	15:55:25	15:37:36	14:25:21	14:49:06	14:45:48	15:01:36	15:09:58	15:06:01	15:45:32	15:12:07	Lagtime [578]

