

Software Version	3.12.08



Experiment File Path:	C:\Users\Sarela\Documents\Rita Pires\Exp34_RP_2plates_part2_02052024.xpt
Protocol File Path:	C:\Users\Public\Documents\Protocols\New_96well_578_24H.prt



Plate Number	Plate 1
Date	5/2/2024
Time	2:32:42 PM
Reader Type:	Epoch 2
Reader Serial Number:	2202232E
Reading Type	Reader

Procedure Details

Plate Type	96 WELL PLATE
Discontinuous Kinetics	Runtime 2:00:00 (D:HH:MM), Interval 0:01:00, 49 Reads
Eject plate on completion	
Set Temperature	Setpoint 37°C, Gradient 0 °C
Shake	Double Orbital: 0:01:01 (HH:MM:SS)
	Frequency: 282 cpm (3 mm)
Read	Absorbance Endpoint
	Full Plate
	Wavelengths:  578
	Read Speed: Normal,  Delay: 100 msec,  Measurements/Data Point: 8

578

Time	T° 578	A1	A2	A3	A4	A5	A6	A7	A8	A9	A10	A11	A12	B1	B2	B3	B4	B5	B6	B7	B8	B9	B10	B11	B12	C1	C2	C3	C4	C5	C6	C7	C8	C9	C10	C11	C12	D1	D2	D3	D4	D5	D6	D7	D8	D9	D10	D11	D12	E1	E2	E3	E4	E5	E6	E7	E8	E9	E10	E11	E12	F1	F2	F3	F4	F5	F6	F7	F8	F9	F10	F11	F12	G1	G2	G3	G4	G5	G6	G7	G8	G9	G10	G11	G12	H1	H2	H3	H4	H5	H6	H7	H8	H9	H10	H11	H12
0:01:05	38.7	0.115	0.109	0.106	0.113	0.102	0.111	0.110	0.108	0.114	0.112	0.108	0.104	0.109	0.113	0.108	0.108	0.105	0.106	0.106	0.112	0.115	0.109	0.107	0.110	0.109	0.117	0.109	0.106	0.107	0.105	0.109	0.115	0.105	0.106	0.103	0.104	0.106	0.106	0.107	0.135	0.109	0.115	0.115	0.108	0.108	0.110	0.105	0.101	0.107	0.115	0.106	0.107	0.111	0.113	0.108	0.104	0.107	0.105	0.105	0.111	0.099	0.095	0.094	0.097	0.100	0.099	0.096	0.098	0.097	0.102	0.094	0.099	0.101	0.105	0.110	0.107	0.105	0.104	0.104	0.106	0.104	0.108	0.117	0.105	0.112	0.108	0.109	0.103	0.107	0.105	0.102	0.102	0.106	0.108	0.109	0.110
1:01:05	37.1	0.141	0.136	0.127	0.138	0.126	0.133	0.132	0.129	0.136	0.130	0.119	0.111	0.134	0.130	0.130	0.126	0.123	0.123	0.124	0.132	0.133	0.128	0.126	0.116	0.138	0.135	0.126	0.120	0.121	0.120	0.122	0.137	0.120	0.116	0.116	0.110	0.122	0.129	0.122	0.149	0.123	0.131	0.126	0.121	0.122	0.135	0.115	0.106	0.127	0.130	0.124	0.123	0.127	0.129	0.125	0.121	0.127	0.121	0.120	0.119	0.099	0.096	0.094	0.097	0.100	0.099	0.096	0.098	0.097	0.101	0.094	0.099	0.101	0.105	0.110	0.111	0.105	0.104	0.104	0.106	0.104	0.108	0.117	0.105	0.112	0.109	0.109	0.103	0.108	0.105	0.102	0.102	0.107	0.105	0.109	0.110
2:01:05	37.1	0.197	0.212	0.181	0.206	0.182	0.198	0.189	0.186	0.197	0.172	0.158	0.128	0.199	0.177	0.182	0.179	0.168	0.170	0.163	0.186	0.189	0.178	0.171	0.130	0.229	0.198	0.182	0.166	0.161	0.158	0.157	0.189	0.154	0.143	0.145	0.123	0.184	0.208	0.175	0.191	0.174	0.183	0.169	0.168	0.162	0.174	0.144	0.117	0.189	0.174	0.168	0.166	0.166	0.178	0.167	0.165	0.178	0.160	0.157	0.137	0.099	0.096	0.094	0.097	0.100	0.099	0.096	0.098	0.097	0.101	0.093	0.099	0.101	0.105	0.110	0.110	0.105	0.104	0.104	0.106	0.104	0.110	0.116	0.105	0.111	0.108	0.109	0.103	0.107	0.104	0.102	0.102	0.106	0.105	0.109	0.110
3:01:06	37.1	0.336	0.360	0.288	0.346	0.304	0.330	0.316	0.309	0.329	0.266	0.247	0.222	0.339	0.287	0.290	0.283	0.272	0.275	0.261	0.305	0.284	0.292	0.269	0.173	0.412	0.320	0.289	0.252	0.247	0.254	0.235	0.304	0.236	0.208	0.211	0.178	0.308	0.367	0.278	0.287	0.279	0.295	0.265	0.266	0.253	0.259	0.200	0.154	0.321	0.269	0.265	0.266	0.260	0.284	0.260	0.263	0.291	0.243	0.237	0.202	0.099	0.096	0.094	0.097	0.100	0.099	0.096	0.098	0.097	0.101	0.093	0.099	0.101	0.105	0.110	0.110	0.105	0.104	0.104	0.106	0.104	0.110	0.117	0.105	0.111	0.108	0.109	0.103	0.107	0.105	0.102	0.102	0.106	0.105	0.109	0.110
4:01:07	37.1	0.503	0.526	0.444	0.521	0.463	0.492	0.472	0.458	0.489	0.393	0.385	0.497	0.509	0.425	0.458	0.439	0.426	0.440	0.401	0.463	0.423	0.447	0.411	0.562	0.620	0.470	0.452	0.378	0.381	0.401	0.359	0.465	0.355	0.314	0.341	0.537	0.481	0.557	0.427	0.448	0.441	0.465	0.415	0.419	0.389	0.397	0.320	0.463	0.488	0.411	0.420	0.429	0.411	0.439	0.405	0.419	0.451	0.384	0.378	0.689	0.099	0.095	0.094	0.097	0.100	0.099	0.096	0.097	0.097	0.101	0.093	0.099	0.101	0.104	0.110	0.110	0.104	0.104	0.104	0.106	0.104	0.110	0.116	0.105	0.111	0.109	0.109	0.103	0.107	0.104	0.102	0.102	0.106	0.105	0.109	0.110
5:01:08	37.1	0.605	0.618	0.572	0.667	0.596	0.624	0.599	0.594	0.613	0.523	0.524	0.650	0.624	0.516	0.607	0.583	0.563	0.579	0.525	0.607	0.551	0.581	0.542	0.752	0.750	0.564	0.600	0.505	0.495	0.525	0.468	0.608	0.486	0.430	0.512	0.700	0.603	0.660	0.584	0.591	0.558	0.617	0.548	0.560	0.521	0.548	0.499	0.616	0.597	0.495	0.584	0.577	0.555	0.590	0.531	0.565	0.589	0.546	0.541	0.875	0.099	0.096	0.095	0.097	0.100	0.099	0.096	0.097	0.097	0.100	0.094	0.099	0.101	0.105	0.110	0.110	0.105	0.104	0.104	0.106	0.104	0.110	0.116	0.105	0.111	0.108	0.109	0.103	0.107	0.105	0.102	0.102	0.106	0.105	0.109	0.110
6:01:08	37.1	0.621	0.628	0.594	0.708	0.628	0.662	0.643	0.642	0.663	0.622	0.671	0.851	0.650	0.531	0.686	0.642	0.619	0.627	0.579	0.681	0.622	0.647	0.660	0.885	0.772	0.580	0.649	0.555	0.558	0.602	0.532	0.682	0.588	0.536	0.735	0.845	0.625	0.674	0.670	0.645	0.621	0.680	0.614	0.652	0.610	0.671	0.738	0.748	0.622	0.522	0.663	0.657	0.623	0.640	0.603	0.642	0.672	0.691	0.697	1.004	0.099	0.096	0.094	0.097	0.100	0.099	0.096	0.097	0.097	0.100	0.094	0.099	0.101	0.105	0.110	0.110	0.104	0.104	0.104	0.106	0.104	0.110	0.117	0.105	0.111	0.109	0.109	0.103	0.107	0.104	0.102	0.102	0.106	0.105	0.109	0.110
7:01:09	37.1	0.652	0.640	0.648	0.736	0.653	0.679	0.666	0.693	0.713	0.700	0.830	1.045	0.859	0.553	0.748	0.687	0.669	0.688	0.603	0.719	0.690	0.721	0.750	1.014	0.820	0.615	0.706	0.630	0.609	0.664	0.579	0.760	0.699	0.656	1.016	0.944	0.702	0.705	0.773	0.695	0.668	0.733	0.692	0.770	0.693	0.781	0.967	0.840	0.634	0.531	0.708	0.705	0.670	0.676	0.645	0.694	0.719	0.799	0.881	1.104	0.099	0.096	0.094	0.096	0.100	0.099	0.095	0.097	0.097	0.099	0.094	0.099	0.101	0.105	0.110	0.110	0.104	0.104	0.104	0.106	0.104	0.110	0.117	0.105	0.111	0.109	0.109	0.103	0.107	0.104	0.102	0.102	0.106	0.105	0.109	0.110
8:01:09	37.1	0.689	0.657	0.699	0.782	0.684	0.721	0.728	0.764	0.789	0.796	0.923	1.133	0.850	0.591	0.816	0.749	0.716	0.744	0.659	0.784	0.749	0.790	0.857	1.103	0.888	0.678	0.775	0.704	0.686	0.741	0.621	0.830	0.798	0.776	1.165	1.017	0.802	0.783	0.863	0.786	0.741	0.800	0.779	0.861	0.812	0.900	1.102	0.914	0.652	0.542	0.753	0.751	0.704	0.709	0.703	0.768	0.809	0.899	0.979	1.186	0.099	0.095	0.093	0.096	0.100	0.098	0.095	0.097	0.097	0.099	0.093	0.099	0.101	0.104	0.109	0.110	0.104	0.104	0.104	0.106	0.104	0.107	0.116	0.105	0.111	0.109	0.109	0.103	0.107	0.104	0.102	0.102	0.106	0.105	0.109	0.110
9:01:10	37.1	0.758	0.712	0.740	0.815	0.728	0.756	0.760	0.823	0.847	0.846	1.007	1.213	0.827	0.660	0.862	0.798	0.776	0.803	0.721	0.837	0.805	0.850	0.908	1.177	0.949	0.769	0.833	0.776	0.761	0.800	0.686	0.877	0.868	0.865	1.205	1.069	0.878	0.858	0.935	0.832	0.799	0.863	0.841	0.927	0.872	0.977	1.150	0.950	0.670	0.558	0.797	0.794	0.739	0.750	0.762	0.823	0.869	0.976	1.009	1.244	0.099	0.095	0.093	0.096	0.100	0.098	0.095	0.097	0.097	0.099	0.093	0.099	0.101	0.104	0.110	0.110	0.104	0.104	0.104	0.106	0.104	0.108	0.117	0.105	0.111	0.108	0.109	0.103	0.107	0.104	0.102	0.102	0.106	0.105	0.109	0.110
10:01:10	37.1	0.827	0.786	0.785	0.850	0.773	0.795	0.805	0.863	0.885	0.883	1.049	1.265	0.922	0.740	0.907	0.846	0.817	0.861	0.753	0.885	0.843	0.909	0.945	1.224	1.012	0.844	0.881	0.828	0.825	0.848	0.748	0.931	0.908	0.916	1.237	1.099	0.971	0.933	0.984	0.885	0.862	0.903	0.890	0.975	0.912	1.047	1.187	0.980	0.698	0.581	0.835	0.839	0.775	0.787	0.812	0.874	0.922	1.016	1.034	1.288	0.099	0.095	0.093	0.096	0.100	0.098	0.095	0.097	0.097	0.099	0.093	0.099	0.101	0.104	0.109	0.110	0.104	0.104	0.104	0.106	0.104	0.107	0.116	0.105	0.111	0.108	0.108	0.103	0.107	0.104	0.102	0.102	0.106	0.105	0.109	0.110
11:01:11	37.1	0.879	0.853	0.835	0.889	0.819	0.824	0.842	0.905	0.914	0.946	1.091	1.306	0.912	0.804	0.951	0.882	0.854	0.893	0.799	0.927	0.884	0.961	0.989	1.276	1.056	0.914	0.916	0.869	0.864	0.890	0.787	0.966	0.969	0.958	1.268	1.119	1.038	0.998	1.021	0.935	0.894	0.946	0.931	1.026	0.966	1.102	1.222	0.997	0.727	0.606	0.871	0.878	0.804	0.824	0.860	0.919	0.951	1.050	1.048	1.314	0.099	0.095	0.093	0.096	0.100	0.098	0.095	0.097	0.096	0.099	0.093	0.098	0.101	0.104	0.109	0.110	0.104	0.104	0.104	0.106	0.104	0.107	0.117	0.105	0.111	0.108	0.109	0.103	0.107	0.104	0.102	0.102	0.106	0.105	0.109	0.110
12:01:11	37.1	0.920	0.919	0.860	0.907	0.864	0.855	0.876	0.928	0.939	0.979	1.129	1.323	0.965	0.875	0.974	0.914	0.896	0.924	0.842	0.963	0.913	0.984	1.042	1.335	1.098	0.969	0.962	0.914	0.899	0.921	0.813	1.005	0.994	1.007	1.293	1.137	1.099	1.050	1.056	0.974	0.935	0.983	0.973	1.085	1.008	1.148	1.248	1.007	0.769	0.646	0.903	0.913	0.837	0.858	0.895	0.955	0.990	1.080	1.053	1.328	0.099	0.095	0.095	0.095	0.100	0.098	0.095	0.097	0.096	0.099	0.094	0.098	0.101	0.105	0.109	0.110	0.104	0.104	0.104	0.106	0.104	0.107	0.116	0.105	0.111	0.108	0.108	0.103	0.107	0.104	0.102	0.102	0.106	0.105	0.109	0.110
13:01:11	37.1	0.976	0.989	0.891	0.934	0.882	0.886	0.901	0.954	0.968	1.000	1.162	1.347	1.032	0.940	1.008	0.962	0.915	0.954	0.845	0.968	0.939	1.005	1.057	1.364	1.136	1.022	0.994	0.931	0.932	0.953	0.846	1.041	1.026	1.056	1.313	1.145	1.136	1.099	1.080	1.006	0.971	1.013	0.999	1.128	1.048	1.201	1.279	1.010	0.814	0.703	0.934	0.943	0.865	0.891	0.933	0.989	1.017	1.097	1.076	1.341	0.099	0.095	0.093	0.095	0.100	0.098	0.095	0.097	0.096	0.099	0.093	0.098	0.101	0.104	0.109	0.110	0.104	0.104	0.104	0.106	0.104	0.107	0.116	0.105	0.111	0.108	0.108	0.103	0.107	0.104	0.102	0.102	0.106	0.105	0.109	0.110
14:01:12	37.0	1.023	1.021	0.921	0.954	0.911	0.917	0.925	0.977	0.997	1.050	1.192	1.368	1.073	0.985	1.019	0.980	0.957	0.980	0.873	1.002	0.964	1.026	1.083	1.389	1.171	1.065	1.012	0.966	0.956	0.978	0.875	1.057	1.056	1.097	1.335	1.167	1.173	1.131	1.110	1.032	1.002	1.045	1.030	1.162	1.081	1.218	1.282	1.021	0.878	0.774	0.962	0.971	0.892	0.927	0.966	1.015	1.042	1.113	1.091	1.359	0.099	0.095	0.093	0.095	0.100	0.098	0.095	0.097	0.096	0.098	0.093	0.098	0.101	0.104	0.109	0.110	0.104	0.104	0.104	0.106	0.104	0.107	0.116	0.105	0.111	0.108	0.108	0.103	0.107	0.104	0.102	0.102	0.106	0.105	0.109	0.110
15:01:12	37.1	1.068	1.057	0.939	0.972	0.932	0.933	0.937	1.000	1.017	1.056	1.215	1.396	1.091	1.017	1.041	0.996	0.966	1.006	0.893	1.020	1.000	1.045	1.100	1.413	1.190	1.085	1.031	0.988	0.982	1.000	0.901	1.073	1.077	1.121	1.340	1.202	1.177	1.152	1.132	1.054	1.020	1.069	1.045	1.190	1.106	1.250	1.304	1.044	0.915	0.819	0.978	0.999	0.912	0.953	0.994	1.043	1.062	1.131	1.105	1.377	0.099	0.095	0.093	0.095	0.099	0.098	0.095	0.097	0.096	0.098	0.094	0.098	0.101	0.104	0.109	0.110	0.104	0.104	0.104	0.106	0.104	0.107	0.116	0.105	0.111	0.108	0.108	0.103	0.107	0.104	0.102	0.102	0.106	0.105	0.109	0.110
16:01:13	37.1	1.081	1.085	0.943	0.985	0.955	0.950	0.947	1.020	1.031	1.081	1.236	1.420	1.116	1.044	1.054	1.021	0.985	1.019	0.913	1.035	0.999	1.062	1.115	1.434	1.201	1.104	1.053	1.006	1.006	1.029	0.925	1.091	1.099	1.149	1.360	1.224	1.184	1.163	1.147	1.074	1.040	1.087	1.074	1.214	1.124	1.279	1.318	1.067	0.931	0.853	0.991	1.014	0.928	0.977	1.016	1.058	1.082	1.150	1.114	1.390	0.099	0.095	0.093	0.095	0.099	0.098	0.095	0.097	0.096	0.098	0.093	0.098	0.101	0.104	0.109	0.110	0.104	0.104	0.104	0.106	0.104	0.107	0.116	0.105	0.111	0.108	0.108	0.103	0.107	0.104	0.102	0.102	0.106	0.105	0.109	0.110
17:01:13	37.1	1.083	1.079	0.950	1.000	0.972	0.971	0.961	1.035	1.044	1.095	1.245	1.433	1.117	1.042	1.062	1.045	1.008	1.030	0.938	1.051	1.003	1.067	1.132	1.448	1.195	1.117	1.073	1.022	1.022	1.043	0.950	1.116	1.108	1.164	1.354	1.248	1.177	1.177	1.163	1.091	1.054	1.103	1.080	1.232	1.137	1.292	1.318	1.095	0.948	0.866	0.990	1.015	0.939	0.999	1.031	1.072	1.101	1.164	1.127	1.399	0.099	0.095	0.093	0.095	0.099	0.098	0.095	0.097	0.096	0.098	0.093	0.098	0.101	0.104	0.109	0.110	0.104	0.104	0.104	0.106	0.104	0.107	0.116	0.105	0.111	0.108	0.108	0.103	0.107	0.104	0.102	0.102	0.106	0.105	0.109	0.110
18:01:14	37.3	1.080	1.080	0.958	1.002	0.992	0.971	0.959	1.041	1.057	1.110	1.270	1.442	1.105	1.036	1.059	1.022	1.022	1.041	0.953	1.065	1.007	1.077	1.144	1.456	1.201	1.128	1.079	1.021	1.034	1.060	0.970	1.120	1.118	1.189	1.360	1.274	1.172	1.174	1.171	1.101	1.062	1.119	1.082	1.250	1.146	1.299	1.334	1.113	0.960	0.864	0.984	1.023	0.951	1.010	1.044	1.088	1.115	1.173	1.133	1.404	0.099	0.095	0.093	0.095	0.099	0.098	0.095	0.097	0.096	0.098	0.093	0.098	0.101	0.104	0.109	0.110	0.104	0.104	0.104	0.106	0.104	0.107	0.116	0.105	0.110	0.108	0.108	0.103	0.107	0.104	0.102	0.102	0.106	0.105	0.109	0.110
19:01:14	37.6	1.071	1.073	0.942	1.011	0.992	0.945	0.959	1.045	1.065	1.125	1.276	1.454	1.110	1.042	1.060	1.030	1.043	1.050	0.965	1.072	1.007	1.077	1.158	1.466	1.202	1.129	1.073	1.032	1.046	1.078	0.995	1.126	1.122	1.186	1.377	1.300	1.177	1.180	1.175	1.103	1.073	1.137	1.097	1.265	1.159	1.306	1.345	1.141	0.969	0.874	0.977	1.018	0.945	1.020	1.050	1.089	1.123	1.169	1.161	1.411	0.099	0.095	0.093	0.095	0.099	0.098	0.095	0.097	0.096	0.098	0.093	0.098	0.101	0.104	0.109	0.110	0.104	0.104	0.104	0.106	0.104	0.107	0.116	0.105	0.110	0.108	0.108	0.103	0.107	0.104	0.102	0.102	0.106	0.105	0.109	0.110
20:01:15	37.6	1.076	1.075	0.964	1.027	1.009	0.974	0.983	1.056	1.076	1.134	1.291	1.462	1.100	1.045	1.065	1.040	1.058	1.068	0.988	1.081	1.010	1.086	1.176	1.473	1.203	1.139	1.079	1.040	1.052	1.089	1.025	1.146	1.128	1.188	1.385	1.326	1.187	1.183	1.176	1.110	1.080	1.153	1.107	1.281	1.177	1.316	1.353	1.179	0.972	0.878	0.984	1.016	0.949	1.023	1.051	1.094	1.126	1.163	1.162	1.423	0.098	0.095	0.093	0.095	0.099	0.098	0.095	0.097	0.096	0.098	0.093	0.098	0.101	0.104	0.107	0.110	0.104	0.104	0.104	0.106	0.104	0.107	0.116	0.105	0.111	0.108	0.108	0.103	0.107	0.104	0.102	0.102	0.106	0.105	0.109	0.109
21:01:15	37.4	1.077	1.079	0.977	1.050	1.017	1.008	1.007	1.071	1.082	1.150	1.301	1.470	1.110	1.062	1.087	1.064	1.064	1.073	0.994	1.098	1.034	1.108	1.200	1.479	1.204	1.150	1.082	1.058	1.067	1.096	1.022	1.155	1.141	1.196	1.396	1.342	1.190	1.197	1.177	1.116	1.097	1.165	1.115	1.295	1.188	1.324	1.358	1.211	0.978	0.887	0.988	1.010	0.948	1.026	1.056	1.095	1.126	1.160	1.166	1.429	0.098	0.095	0.093	0.095	0.099	0.098	0.095	0.097	0.096	0.098	0.093	0.097	0.101	0.104	0.107	0.110	0.104	0.104	0.104	0.106	0.104	0.107	0.116	0.105	0.110	0.108	0.108	0.103	0.107	0.104	0.102	0.102	0.106	0.105	0.109	0.110
22:01:16	37.4	1.082	1.090	1.010	1.072	1.035	1.034	1.030	1.095	1.098	1.155	1.320	1.476	1.113	1.070	1.109	1.078	1.084	1.084	1.013	1.119	1.045	1.127	1.212	1.487	1.210	1.156	1.103	1.082	1.087	1.107	1.044	1.158	1.145	1.204	1.404	1.362	1.197	1.202	1.192	1.135	1.118	1.181	1.127	1.310	1.189	1.327	1.363	1.233	0.987	0.890	1.007	1.014	0.955	1.026	1.053	1.095	1.125	1.154	1.170	1.434	0.098	0.095	0.093	0.095	0.099	0.097	0.095	0.096	0.096	0.098	0.093	0.097	0.101	0.104	0.107	0.110	0.104	0.104	0.103	0.105	0.103	0.107	0.116	0.105	0.110	0.108	0.108	0.103	0.107	0.104	0.101	0.102	0.106	0.105	0.109	0.109
23:01:17	37.5	1.094	1.105	1.029	1.095	1.049	1.046	1.048	1.113	1.115	1.169	1.330	1.480	1.112	1.078	1.129	1.083	1.080	1.101	1.028	1.131	1.049	1.147	1.219	1.492	1.214	1.158	1.121	1.112	1.109	1.118	1.049	1.166	1.146	1.201	1.411	1.374	1.206	1.205	1.213	1.154	1.139	1.199	1.140	1.317	1.198	1.327	1.379	1.255	0.999	0.907	1.027	1.027	0.970	1.029	1.055	1.093	1.124	1.148	1.167	1.435	0.098	0.095	0.093	0.095	0.099	0.097	0.095	0.097	0.096	0.097	0.093	0.097	0.101	0.104	0.107	0.110	0.104	0.104	0.103	0.106	0.104	0.107	0.116	0.105	0.110	0.108	0.108	0.103	0.107	0.104	0.102	0.102	0.106	0.105	0.109	0.109
24:01:17	37.4	1.087	1.111	1.053	1.111	1.059	1.055	1.070	1.130	1.129	1.165	1.339	1.480	1.120	1.083	1.139	1.106	1.087	1.119	1.042	1.154	1.053	1.168	1.232	1.497	1.220	1.165	1.139	1.142	1.136	1.132	1.062	1.175	1.152	1.206	1.415	1.388	1.220	1.210	1.225	1.170	1.157	1.214	1.153	1.325	1.202	1.330	1.383	1.268	1.015	0.917	1.047	1.050	0.988	1.049	1.062	1.095	1.117	1.145	1.162	1.443	0.099	0.096	0.093	0.095	0.099	0.098	0.095	0.096	0.096	0.097	0.093	0.097	0.101	0.104	0.107	0.110	0.104	0.104	0.104	0.106	0.103	0.107	0.116	0.105	0.110	0.108	0.108	0.103	0.107	0.104	0.102	0.102	0.106	0.105	0.109	0.109
25:01:18	37.5	1.103	1.120	1.064	1.124	1.069	1.066	1.083	1.152	1.143	1.171	1.345	1.482	1.128	1.092	1.158	1.135	1.102	1.135	1.062	1.161	1.073	1.181	1.232	1.502	1.222	1.174	1.151	1.152	1.149	1.147	1.083	1.183	1.158	1.211	1.417	1.402	1.227	1.215	1.238	1.182	1.174	1.226	1.169	1.337	1.209	1.338	1.385	1.282	1.033	0.932	1.064	1.077	1.009	1.063	1.070	1.098	1.122	1.145	1.157	1.448	0.099	0.095	0.093	0.095	0.099	0.097	0.095	0.096	0.096	0.097	0.093	0.097	0.101	0.104	0.107	0.110	0.104	0.104	0.104	0.105	0.103	0.107	0.116	0.105	0.110	0.108	0.108	0.103	0.107	0.104	0.102	0.102	0.106	0.105	0.109	0.109
26:01:18	37.4	1.110	1.125	1.076	1.138	1.078	1.075	1.093	1.165	1.158	1.180	1.348	1.483	1.136	1.096	1.171	1.140	1.121	1.155	1.080	1.175	1.087	1.200	1.237	1.504	1.224	1.178	1.164	1.166	1.172	1.164	1.096	1.199	1.163	1.217	1.420	1.414	1.240	1.222	1.246	1.205	1.192	1.244	1.184	1.347	1.218	1.344	1.387	1.300	1.050	0.948	1.074	1.090	1.037	1.082	1.087	1.113	1.123	1.146	1.156	1.454	0.098	0.095	0.093	0.095	0.099	0.097	0.095	0.096	0.096	0.097	0.093	0.097	0.101	0.104	0.107	0.110	0.104	0.104	0.103	0.105	0.103	0.106	0.116	0.105	0.110	0.108	0.108	0.103	0.107	0.104	0.102	0.102	0.106	0.105	0.109	0.109
27:01:19	37.3	1.119	1.130	1.087	1.150	1.083	1.076	1.103	1.170	1.169	1.188	1.350	1.488	1.143	1.108	1.170	1.152	1.136	1.167	1.096	1.195	1.102	1.211	1.243	1.508	1.233	1.187	1.170	1.180	1.194	1.172	1.116	1.216	1.179	1.226	1.423	1.425	1.250	1.233	1.264	1.219	1.195	1.258	1.203	1.355	1.227	1.351	1.393	1.311	1.072	0.968	1.091	1.114	1.056	1.104	1.105	1.131	1.137	1.155	1.162	1.457	0.099	0.095	0.093	0.095	0.099	0.097	0.095	0.096	0.095	0.097	0.093	0.097	0.101	0.104	0.107	0.110	0.104	0.104	0.103	0.106	0.103	0.107	0.116	0.105	0.110	0.108	0.108	0.103	0.107	0.104	0.101	0.102	0.106	0.105	0.109	0.109
28:01:19	37.5	1.135	1.133	1.099	1.159	1.097	1.088	1.109	1.180	1.181	1.205	1.355	1.490	1.152	1.109	1.186	1.168	1.151	1.182	1.115	1.203	1.117	1.223	1.253	1.510	1.237	1.195	1.187	1.191	1.209	1.193	1.131	1.229	1.190	1.236	1.425	1.435	1.263	1.236	1.272	1.227	1.209	1.276	1.219	1.367	1.241	1.358	1.396	1.321	1.089	0.979	1.107	1.123	1.067	1.119	1.122	1.143	1.147	1.163	1.168	1.462	0.098	0.095	0.093	0.095	0.099	0.097	0.095	0.096	0.095	0.097	0.093	0.097	0.101	0.104	0.107	0.110	0.104	0.104	0.103	0.105	0.103	0.106	0.116	0.105	0.110	0.108	0.108	0.103	0.107	0.104	0.101	0.102	0.105	0.105	0.109	0.109
29:01:20	37.3	1.152	1.141	1.108	1.168	1.104	1.092	1.115	1.184	1.189	1.212	1.363	1.493	1.165	1.121	1.196	1.178	1.161	1.189	1.130	1.216	1.137	1.240	1.250	1.516	1.245	1.198	1.193	1.202	1.227	1.209	1.155	1.245	1.203	1.245	1.428	1.445	1.273	1.243	1.277	1.233	1.219	1.290	1.234	1.378	1.250	1.367	1.396	1.335	1.108	1.006	1.110	1.132	1.079	1.127	1.137	1.157	1.162	1.180	1.176	1.463	0.098	0.095	0.093	0.095	0.099	0.097	0.095	0.096	0.095	0.097	0.093	0.097	0.101	0.104	0.107	0.110	0.104	0.104	0.104	0.105	0.103	0.107	0.116	0.105	0.110	0.108	0.108	0.103	0.107	0.104	0.102	0.102	0.106	0.105	0.109	0.108
30:01:20	37.4	1.158	1.149	1.121	1.175	1.106	1.103	1.131	1.194	1.203	1.221	1.361	1.498	1.168	1.130	1.202	1.181	1.173	1.198	1.146	1.225	1.147	1.250	1.258	1.520	1.254	1.214	1.202	1.218	1.239	1.220	1.162	1.257	1.219	1.256	1.433	1.452	1.283	1.256	1.286	1.244	1.228	1.295	1.244	1.388	1.261	1.375	1.394	1.346	1.121	1.024	1.124	1.145	1.097	1.140	1.142	1.166	1.173	1.193	1.187	1.471	0.098	0.095	0.093	0.094	0.099	0.097	0.095	0.096	0.095	0.097	0.093	0.097	0.101	0.104	0.107	0.110	0.104	0.104	0.103	0.105	0.103	0.106	0.116	0.105	0.110	0.108	0.108	0.103	0.107	0.104	0.101	0.102	0.105	0.105	0.109	0.108
31:01:20	37.4	1.170	1.148	1.127	1.175	1.121	1.109	1.139	1.203	1.211	1.231	1.371	1.504	1.181	1.134	1.206	1.190	1.183	1.209	1.147	1.237	1.167	1.261	1.268	1.525	1.262	1.221	1.219	1.222	1.249	1.229	1.173	1.271	1.236	1.265	1.431	1.460	1.295	1.262	1.295	1.246	1.236	1.305	1.254	1.394	1.272	1.382	1.397	1.356	1.133	1.044	1.131	1.151	1.099	1.148	1.152	1.174	1.184	1.207	1.202	1.476	0.098	0.095	0.093	0.094	0.099	0.097	0.095	0.096	0.095	0.096	0.093	0.096	0.101	0.104	0.107	0.110	0.104	0.104	0.103	0.105	0.103	0.107	0.116	0.105	0.110	0.108	0.108	0.103	0.107	0.104	0.101	0.102	0.105	0.105	0.109	0.108
32:01:21	37.5	1.184	1.157	1.138	1.185	1.128	1.115	1.142	1.212	1.227	1.245	1.368	1.508	1.194	1.147	1.218	1.195	1.190	1.219	1.167	1.247	1.181	1.274	1.280	1.528	1.271	1.235	1.220	1.230	1.260	1.243	1.180	1.281	1.247	1.275	1.434	1.468	1.306	1.267	1.304	1.260	1.240	1.317	1.264	1.404	1.282	1.389	1.398	1.365	1.144	1.057	1.145	1.160	1.109	1.150	1.155	1.183	1.194	1.220	1.208	1.480	0.098	0.095	0.093	0.094	0.098	0.097	0.095	0.096	0.095	0.096	0.093	0.096	0.101	0.104	0.107	0.110	0.104	0.104	0.103	0.105	0.103	0.106	0.116	0.105	0.110	0.108	0.108	0.103	0.107	0.104	0.101	0.102	0.105	0.105	0.109	0.108
33:01:21	37.6	1.193	1.162	1.143	1.196	1.133	1.121	1.151	1.223	1.233	1.254	1.373	1.511	1.204	1.157	1.233	1.204	1.187	1.225	1.168	1.255	1.197	1.286	1.291	1.532	1.277	1.242	1.222	1.242	1.268	1.243	1.194	1.293	1.261	1.285	1.434	1.475	1.316	1.277	1.305	1.266	1.250	1.324	1.274	1.412	1.296	1.395	1.402	1.369	1.162	1.076	1.152	1.163	1.115	1.157	1.164	1.185	1.199	1.227	1.207	1.484	0.098	0.095	0.093	0.094	0.099	0.097	0.095	0.096	0.095	0.096	0.093	0.096	0.101	0.104	0.107	0.110	0.104	0.104	0.103	0.105	0.103	0.106	0.116	0.105	0.110	0.108	0.108	0.103	0.107	0.104	0.101	0.102	0.105	0.105	0.109	0.108
34:01:21	37.6	1.202	1.167	1.146	1.197	1.139	1.130	1.160	1.223	1.243	1.264	1.376	1.515	1.209	1.165	1.236	1.211	1.203	1.230	1.176	1.267	1.205	1.290	1.304	1.536	1.287	1.248	1.243	1.244	1.273	1.263	1.201	1.303	1.269	1.297	1.435	1.480	1.321	1.285	1.315	1.273	1.254	1.327	1.279	1.421	1.302	1.400	1.401	1.376	1.169	1.086	1.148	1.174	1.118	1.165	1.171	1.194	1.212	1.235	1.217	1.488	0.098	0.095	0.093	0.094	0.098	0.097	0.095	0.096	0.095	0.096	0.093	0.096	0.101	0.104	0.107	0.110	0.104	0.104	0.103	0.105	0.103	0.107	0.116	0.105	0.110	0.108	0.108	0.103	0.107	0.104	0.101	0.102	0.105	0.105	0.109	0.108
35:01:22	37.7	1.211	1.172	1.159	1.201	1.149	1.140	1.166	1.227	1.247	1.267	1.378	1.520	1.214	1.169	1.238	1.218	1.201	1.236	1.187	1.271	1.216	1.298	1.302	1.539	1.290	1.262	1.243	1.256	1.280	1.266	1.202	1.309	1.281	1.302	1.438	1.487	1.331	1.289	1.318	1.280	1.257	1.333	1.288	1.428	1.307	1.407	1.398	1.382	1.175	1.099	1.156	1.181	1.123	1.171	1.173	1.195	1.218	1.247	1.217	1.493	0.098	0.095	0.092	0.094	0.098	0.097	0.094	0.096	0.095	0.096	0.093	0.096	0.101	0.104	0.107	0.110	0.103	0.104	0.103	0.105	0.103	0.106	0.116	0.104	0.110	0.108	0.108	0.103	0.107	0.104	0.101	0.102	0.105	0.105	0.109	0.108
36:01:22	37.6	1.213	1.173	1.160	1.211	1.154	1.135	1.170	1.236	1.258	1.274	1.387	1.524	1.224	1.174	1.246	1.228	1.202	1.240	1.196	1.281	1.222	1.302	1.319	1.544	1.301	1.262	1.243	1.252	1.284	1.267	1.217	1.319	1.289	1.313	1.442	1.493	1.337	1.299	1.324	1.284	1.264	1.341	1.293	1.434	1.318	1.416	1.405	1.391	1.192	1.109	1.163	1.178	1.125	1.178	1.177	1.200	1.222	1.253	1.232	1.492	0.098	0.095	0.092	0.094	0.098	0.097	0.094	0.095	0.095	0.096	0.093	0.096	0.101	0.104	0.107	0.110	0.103	0.104	0.103	0.105	0.103	0.106	0.116	0.104	0.110	0.108	0.108	0.103	0.107	0.104	0.101	0.102	0.105	0.105	0.109	0.108
37:01:23	37.6	1.225	1.179	1.159	1.211	1.151	1.147	1.179	1.244	1.264	1.284	1.392	1.526	1.236	1.183	1.250	1.226	1.214	1.245	1.202	1.283	1.230	1.312	1.323	1.547	1.304	1.277	1.250	1.261	1.296	1.276	1.226	1.327	1.298	1.321	1.444	1.496	1.343	1.302	1.329	1.285	1.269	1.344	1.301	1.440	1.327	1.423	1.405	1.397	1.205	1.119	1.165	1.188	1.136	1.177	1.182	1.205	1.229	1.260	1.227	1.498	0.098	0.094	0.092	0.093	0.098	0.097	0.094	0.095	0.095	0.095	0.093	0.096	0.101	0.104	0.107	0.110	0.103	0.104	0.103	0.105	0.103	0.106	0.116	0.104	0.110	0.108	0.108	0.103	0.107	0.104	0.101	0.102	0.105	0.105	0.109	0.108
38:01:23	37.6	1.226	1.183	1.160	1.212	1.153	1.150	1.188	1.248	1.269	1.291	1.393	1.532	1.235	1.186	1.251	1.231	1.220	1.250	1.208	1.290	1.244	1.317	1.325	1.554	1.308	1.282	1.258	1.274	1.293	1.276	1.232	1.332	1.306	1.329	1.446	1.500	1.348	1.306	1.330	1.294	1.270	1.350	1.307	1.446	1.334	1.427	1.404	1.403	1.225	1.130	1.171	1.191	1.141	1.181	1.186	1.210	1.233	1.269	1.233	1.505	0.098	0.095	0.093	0.093	0.098	0.097	0.094	0.095	0.095	0.096	0.093	0.096	0.101	0.104	0.107	0.110	0.103	0.104	0.103	0.105	0.103	0.106	0.116	0.104	0.110	0.108	0.108	0.103	0.107	0.104	0.101	0.102	0.105	0.105	0.109	0.107
39:01:23	37.6	1.232	1.178	1.171	1.216	1.154	1.145	1.192	1.251	1.276	1.296	1.395	1.533	1.238	1.192	1.251	1.240	1.230	1.265	1.212	1.296	1.253	1.316	1.335	1.557	1.314	1.287	1.244	1.282	1.304	1.293	1.238	1.344	1.312	1.335	1.452	1.505	1.350	1.314	1.335	1.298	1.279	1.355	1.315	1.451	1.340	1.432	1.405	1.410	1.238	1.144	1.175	1.191	1.138	1.183	1.189	1.212	1.239	1.277	1.240	1.510	0.098	0.095	0.092	0.093	0.098	0.096	0.094	0.095	0.095	0.095	0.093	0.096	0.101	0.104	0.107	0.110	0.104	0.104	0.103	0.105	0.103	0.106	0.116	0.104	0.110	0.108	0.108	0.103	0.107	0.104	0.101	0.102	0.105	0.105	0.109	0.107
40:01:24	37.5	1.236	1.180	1.165	1.218	1.160	1.149	1.192	1.259	1.280	1.299	1.397	1.536	1.246	1.195	1.254	1.235	1.227	1.255	1.220	1.304	1.255	1.323	1.343	1.559	1.316	1.301	1.265	1.269	1.308	1.291	1.238	1.349	1.316	1.345	1.451	1.507	1.360	1.314	1.333	1.299	1.277	1.359	1.317	1.454	1.349	1.439	1.399	1.415	1.264	1.175	1.172	1.198	1.141	1.188	1.189	1.217	1.237	1.281	1.239	1.511	0.098	0.094	0.092	0.093	0.098	0.096	0.094	0.095	0.095	0.095	0.093	0.096	0.101	0.104	0.107	0.110	0.103	0.104	0.103	0.105	0.103	0.106	0.116	0.104	0.110	0.108	0.108	0.103	0.107	0.103	0.101	0.102	0.105	0.105	0.109	0.107
41:01:25	37.5	1.239	1.174	1.168	1.218	1.159	1.152	1.196	1.264	1.282	1.310	1.409	1.539	1.248	1.199	1.260	1.244	1.234	1.259	1.222	1.304	1.260	1.326	1.352	1.562	1.324	1.303	1.256	1.272	1.307	1.292	1.238	1.353	1.329	1.347	1.453	1.512	1.362	1.319	1.345	1.307	1.283	1.365	1.320	1.460	1.352	1.444	1.398	1.418	1.288	1.213	1.174	1.199	1.150	1.194	1.196	1.221	1.239	1.285	1.237	1.514	0.098	0.095	0.092	0.093	0.098	0.096	0.094	0.095	0.095	0.095	0.093	0.096	0.101	0.104	0.107	0.110	0.103	0.104	0.103	0.105	0.103	0.106	0.116	0.104	0.110	0.108	0.108	0.103	0.107	0.104	0.101	0.102	0.105	0.105	0.109	0.107
42:01:25	37.6	1.238	1.173	1.162	1.214	1.160	1.155	1.194	1.264	1.285	1.312	1.408	1.546	1.248	1.194	1.249	1.251	1.232	1.266	1.226	1.310	1.271	1.331	1.356	1.566	1.326	1.309	1.260	1.292	1.317	1.295	1.252	1.359	1.333	1.352	1.456	1.514	1.366	1.324	1.346	1.308	1.286	1.365	1.324	1.462	1.357	1.449	1.401	1.423	1.313	1.255	1.179	1.194	1.156	1.192	1.199	1.222	1.244	1.286	1.242	1.520	0.098	0.095	0.092	0.093	0.098	0.096	0.094	0.095	0.095	0.095	0.092	0.096	0.101	0.104	0.107	0.110	0.104	0.104	0.103	0.105	0.103	0.106	0.116	0.104	0.110	0.108	0.108	0.103	0.107	0.104	0.101	0.102	0.105	0.105	0.109	0.107
43:01:26	37.7	1.244	1.174	1.164	1.214	1.162	1.160	1.200	1.266	1.289	1.315	1.409	1.551	1.256	1.203	1.259	1.252	1.230	1.266	1.232	1.315	1.274	1.332	1.360	1.568	1.328	1.311	1.271	1.291	1.308	1.301	1.246	1.360	1.340	1.359	1.452	1.515	1.369	1.322	1.347	1.312	1.287	1.365	1.329	1.468	1.362	1.451	1.397	1.425	1.329	1.287	1.186	1.205	1.161	1.196	1.200	1.225	1.247	1.290	1.251	1.521	0.098	0.095	0.093	0.094	0.098	0.096	0.094	0.095	0.095	0.095	0.092	0.096	0.101	0.104	0.107	0.110	0.104	0.104	0.104	0.105	0.103	0.106	0.116	0.104	0.110	0.108	0.108	0.103	0.107	0.104	0.101	0.102	0.105	0.105	0.109	0.107
44:01:26	37.7	1.247	1.177	1.168	1.225	1.160	1.159	1.199	1.267	1.293	1.321	1.409	1.555	1.259	1.206	1.256	1.249	1.233	1.268	1.233	1.314	1.279	1.334	1.368	1.570	1.332	1.315	1.267	1.288	1.317	1.302	1.257	1.367	1.345	1.364	1.452	1.520	1.370	1.325	1.348	1.312	1.290	1.371	1.332	1.469	1.366	1.457	1.399	1.428	1.357	1.318	1.189	1.218	1.165	1.200	1.204	1.228	1.248	1.294	1.249	1.524	0.098	0.095	0.093	0.093	0.098	0.097	0.094	0.095	0.095	0.095	0.092	0.096	0.101	0.104	0.107	0.110	0.104	0.104	0.103	0.105	0.103	0.106	0.116	0.104	0.110	0.108	0.108	0.103	0.107	0.104	0.101	0.102	0.105	0.105	0.109	0.107
45:01:27	37.6	1.252	1.195	1.171	1.226	1.167	1.154	1.194	1.273	1.297	1.332	1.410	1.560	1.258	1.226	1.254	1.253	1.235	1.271	1.227	1.315	1.288	1.342	1.367	1.572	1.333	1.327	1.268	1.292	1.325	1.308	1.257	1.371	1.346	1.369	1.460	1.521	1.377	1.333	1.352	1.309	1.290	1.376	1.330	1.473	1.373	1.459	1.397	1.432	1.380	1.347	1.187	1.215	1.175	1.202	1.205	1.226	1.249	1.299	1.244	1.529	0.098	0.095	0.093	0.094	0.098	0.097	0.094	0.095	0.095	0.095	0.093	0.096	0.101	0.104	0.107	0.110	0.103	0.104	0.103	0.105	0.103	0.107	0.116	0.104	0.110	0.108	0.108	0.103	0.107	0.104	0.101	0.102	0.105	0.105	0.109	0.107
46:01:27	37.5	1.249	1.206	1.172	1.222	1.165	1.153	1.200	1.272	1.300	1.331	1.419	1.567	1.262	1.237	1.252	1.247	1.242	1.270	1.232	1.322	1.293	1.343	1.372	1.575	1.331	1.335	1.271	1.295	1.334	1.312	1.261	1.375	1.353	1.372	1.464	1.524	1.374	1.340	1.343	1.310	1.289	1.379	1.335	1.476	1.373	1.461	1.398	1.435	1.421	1.380	1.181	1.224	1.173	1.207	1.205	1.230	1.252	1.303	1.246	1.535	0.098	0.095	0.093	0.093	0.098	0.096	0.094	0.095	0.095	0.095	0.092	0.095	0.101	0.104	0.107	0.110	0.103	0.104	0.103	0.105	0.103	0.106	0.116	0.104	0.109	0.108	0.108	0.103	0.107	0.104	0.101	0.102	0.105	0.105	0.109	0.107
47:01:27	37.5	1.276	1.233	1.183	1.220	1.173	1.162	1.205	1.277	1.303	1.336	1.421	1.572	1.270	1.254	1.263	1.253	1.235	1.274	1.238	1.326	1.294	1.345	1.380	1.578	1.340	1.343	1.261	1.287	1.335	1.316	1.265	1.381	1.358	1.371	1.464	1.524	1.376	1.348	1.345	1.315	1.294	1.381	1.341	1.479	1.376	1.465	1.401	1.435	1.457	1.409	1.187	1.224	1.182	1.207	1.207	1.232	1.250	1.303	1.248	1.540	0.098	0.094	0.092	0.093	0.098	0.096	0.094	0.095	0.094	0.095	0.092	0.095	0.101	0.104	0.107	0.110	0.103	0.104	0.103	0.105	0.103	0.106	0.116	0.104	0.109	0.108	0.108	0.103	0.107	0.103	0.101	0.102	0.105	0.105	0.109	0.107
48:01:28	37.7	1.288	1.257	1.180	1.224	1.169	1.153	1.204	1.280	1.307	1.336	1.423	1.577	1.287	1.281	1.269	1.252	1.242	1.273	1.236	1.325	1.294	1.343	1.379	1.580	1.344	1.360	1.262	1.278	1.333	1.318	1.266	1.383	1.361	1.375	1.463	1.528	1.381	1.367	1.339	1.321	1.292	1.384	1.342	1.481	1.384	1.469	1.403	1.442	1.489	1.444	1.193	1.220	1.188	1.207	1.210	1.236	1.250	1.304	1.256	1.544	0.098	0.095	0.092	0.093	0.098	0.096	0.094	0.095	0.094	0.095	0.093	0.095	0.101	0.104	0.107	0.110	0.103	0.104	0.103	0.105	0.103	0.106	0.116	0.104	0.109	0.108	0.108	0.103	0.107	0.103	0.101	0.102	0.105	0.105	0.109	0.107

Results
	1	2	3	4	5	6	7	8	9	10	11	12
A	2.057	2.130	1.920	2.289	2.034	2.126	2.027	2.004	2.077	1.928	2.421	3.332	Max V [578]
	0.979	0.986	0.975	0.981	0.977	0.983	0.980	0.980	0.982	0.997	0.999	0.993	R-Squared [578]
	3:01:07	3:01:07	3:01:07	3:01:07	3:01:07	3:01:07	3:01:07	3:01:07	3:01:07	4:01:07	5:01:08	5:01:08	t at Max V [578]
	1:03:29	0:58:28	1:08:35	1:06:18	1:06:53	1:06:00	1:06:50	1:07:37	1:06:07	1:34:03	2:06:15	2:16:17	Lagtime [578]
B	2.151	1.703	2.208	2.044	1.986	2.031	1.828	2.151	1.890	2.044	2.089	3.483	Max V [578]
	0.982	0.980	0.988	0.983	0.982	0.976	0.983	0.988	0.990	0.986	0.997	0.950	R-Squared [578]
	3:01:07	3:01:07	4:01:07	4:01:07	4:01:07	4:01:07	4:01:07	4:01:07	4:01:07	4:01:07	4:01:07	4:01:07	t at Max V [578]
	1:04:00	1:07:15	1:28:39	1:26:01	1:27:52	1:27:21	1:28:11	1:24:30	1:22:59	1:24:39	1:35:55	2:09:07	Lagtime [578]
C	2.693	1.882	2.078	1.716	1.737	1.929	1.637	2.150	1.930	1.920	3.584	3.276	Max V [578]
	0.986	0.985	0.977	0.984	0.988	0.991	0.990	0.988	0.998	1.000	0.991	0.958	R-Squared [578]
	3:01:07	3:01:07	4:01:07	4:01:07	4:01:07	4:01:07	4:01:07	4:01:07	5:01:08	6:01:08	6:01:08	4:01:07	t at Max V [578]
	1:01:58	1:04:08	1:24:42	1:26:42	1:30:40	1:34:28	1:33:57	1:25:35	1:50:38	2:13:47	2:59:39	2:07:21	Lagtime [578]
D	2.096	2.349	2.159	2.018	1.955	2.193	1.955	2.105	1.940	2.197	3.386	2.871	Max V [578]
	0.979	0.984	0.991	0.980	0.982	0.982	0.986	0.993	0.994	0.996	0.993	0.957	R-Squared [578]
	3:01:07	3:01:07	4:01:07	4:01:07	4:01:07	4:01:07	4:01:07	4:01:07	4:01:07	5:01:08	6:01:08	4:01:07	t at Max V [578]
	1:09:26	1:02:43	1:33:06	1:33:41	1:24:42	1:29:05	1:33:55	1:36:31	1:37:19	1:49:20	2:57:56	2:10:06	Lagtime [578]
E	2.062	1.611	2.181	2.153	2.014	2.051	1.903	2.096	2.141	2.366	2.677	4.011	Max V [578]
	0.982	0.974	0.988	0.988	0.986	0.979	0.989	0.989	0.991	0.996	0.998	0.938	R-Squared [578]
	3:01:07	3:01:07	4:01:07	4:01:07	4:01:07	4:01:07	4:01:07	4:01:07	4:01:07	5:01:08	5:01:08	4:01:07	t at Max V [578]
	1:06:15	1:09:06	1:37:10	1:36:09	1:35:59	1:28:11	1:31:25	1:34:47	1:27:18	2:00:18	2:15:53	2:03:44	Lagtime [578]
F	-0.002	-0.002	-0.005	-0.004	-0.003	-0.003	-0.002	-0.002	-0.003	-0.007	-0.002	-0.004	Max V [578]
	0.741	0.840	0.648	0.941	0.990	0.880	0.893	0.860	0.870	0.974	0.758	0.880	R-Squared [578]
	29:01:20	29:01:20	7:01:09	8:01:09	35:01:22	46:01:27	34:01:22	36:01:22	20:01:15	5:01:08	34:01:22	46:01:27	t at Max V [578]
	21:56:40	25:09:18	7:38:39	4:26:07	22:54:12	32:14:41	23:25:18	21:09:49	15:32:58	1:06:48	24:37:19	32:05:58	Lagtime [578]
G	-0.001	-0.001	-0.009	0.007	-0.002	-0.001	-0.001	-0.001	-0.002	-0.014	-0.001	-0.001	Max V [578]
	0.600	0.889	0.817	0.214	0.899	0.529	0.889	0.810	0.625	0.654	0.500	0.880	R-Squared [578]
	35:01:22	45:01:27	20:01:15	2:01:06	7:01:09	2:01:06	45:01:27	20:01:15	25:01:18	8:01:09	45:01:27	8:01:09	t at Max V [578]
	30:01:19	39:16:25	16:32:20	?????	3:47:16	0:41:05	39:16:25	14:27:52	18:01:14	7:47:21	36:31:23	10:41:11	Lagtime [578]
H	-0.002	-0.002	-0.001	-0.001	-0.001	-0.001	-0.002	-0.001	-0.001	-0.010	0.001	-0.005	Max V [578]
	0.900	0.714	0.681	0.692	0.696	0.721	0.796	0.941	0.800	0.516	0.817	0.969	R-Squared [578]
	8:01:09	8:01:09	5:01:08	34:01:22	20:01:15	46:01:27	35:01:22	36:01:22	35:01:22	2:01:06	41:01:25	28:01:19	t at Max V [578]
	3:01:07	8:01:09	3:01:06	35:01:22	14:31:12	32:01:20	26:28:35	30:01:19	22:31:16	?????	45:18:36	23:28:11	Lagtime [578]



Software Version	3.12.08



Experiment File Path:	C:\Users\Sarela\Documents\Rita Pires\Exp34_RP_2plates_part2_02052024.xpt
Protocol File Path:	C:\Users\Public\Documents\Protocols\New_96well_578_24H.prt



Plate Number	Plate 2
Date	5/2/2024
Time	2:35:06 PM
Reader Type:	Epoch 2
Reader Serial Number:	2202232E
Reading Type	Reader

Procedure Details

Plate Type	96 WELL PLATE
Discontinuous Kinetics	Runtime 2:00:00 (D:HH:MM), Interval 0:01:00, 49 Reads
Eject plate on completion	
Set Temperature	Setpoint 37°C, Gradient 0 °C
Shake	Double Orbital: 0:01:01 (HH:MM:SS)
	Frequency: 282 cpm (3 mm)
Read	Absorbance Endpoint
	Full Plate
	Wavelengths:  578
	Read Speed: Normal,  Delay: 100 msec,  Measurements/Data Point: 8

578

Time	T° 578	A1	A2	A3	A4	A5	A6	A7	A8	A9	A10	A11	A12	B1	B2	B3	B4	B5	B6	B7	B8	B9	B10	B11	B12	C1	C2	C3	C4	C5	C6	C7	C8	C9	C10	C11	C12	D1	D2	D3	D4	D5	D6	D7	D8	D9	D10	D11	D12	E1	E2	E3	E4	E5	E6	E7	E8	E9	E10	E11	E12	F1	F2	F3	F4	F5	F6	F7	F8	F9	F10	F11	F12	G1	G2	G3	G4	G5	G6	G7	G8	G9	G10	G11	G12	H1	H2	H3	H4	H5	H6	H7	H8	H9	H10	H11	H12
0:01:05	38.5	0.113	0.108	0.115	0.109	0.111	0.109	0.112	0.117	0.115	0.109	0.120	0.113	0.121	0.108	0.106	0.112	0.113	0.107	0.114	0.114	0.110	0.111	0.111	0.111	0.116	0.114	0.106	0.118	0.115	0.111	0.113	0.117	0.116	0.111	0.115	0.113	0.111	0.113	0.107	0.114	0.110	0.112	0.109	0.115	0.114	0.108	0.122	0.111	0.114	0.114	0.113	0.123	0.114	0.113	0.120	0.118	0.123	0.109	0.117	0.111	0.107	0.107	0.110	0.107	0.119	0.107	0.105	0.110	0.104	0.125	0.109	0.108	0.123	0.109	0.116	0.105	0.106	0.107	0.163	0.104	0.109	0.115	0.106	0.106	0.107	0.107	0.115	0.108	0.115	0.111	0.173	0.106	0.105	0.116	0.105	0.108
1:01:05	37.1	0.133	0.131	0.141	0.130	0.130	0.132	0.136	0.142	0.141	0.137	0.138	0.123	0.148	0.132	0.123	0.132	0.133	0.129	0.135	0.132	0.134	0.127	0.132	0.121	0.140	0.138	0.120	0.139	0.129	0.131	0.134	0.135	0.133	0.131	0.131	0.121	0.132	0.136	0.124	0.133	0.129	0.134	0.127	0.135	0.131	0.125	0.135	0.121	0.136	0.136	0.134	0.143	0.133	0.134	0.138	0.138	0.148	0.128	0.132	0.123	0.107	0.107	0.110	0.107	0.119	0.107	0.105	0.110	0.104	0.125	0.109	0.108	0.123	0.109	0.116	0.105	0.106	0.107	0.163	0.103	0.109	0.115	0.106	0.106	0.107	0.107	0.115	0.108	0.114	0.110	0.174	0.106	0.105	0.115	0.104	0.108
2:01:06	37.1	0.189	0.208	0.217	0.190	0.179	0.195	0.177	0.210	0.198	0.194	0.184	0.140	0.209	0.205	0.170	0.184	0.191	0.168	0.200	0.175	0.181	0.174	0.163	0.141	0.199	0.217	0.159	0.196	0.169	0.180	0.186	0.180	0.188	0.167	0.170	0.149	0.194	0.209	0.161	0.180	0.178	0.187	0.164	0.174	0.179	0.171	0.167	0.140	0.201	0.208	0.194	0.199	0.180	0.185	0.177	0.183	0.210	0.173	0.182	0.150	0.107	0.107	0.110	0.107	0.119	0.107	0.105	0.111	0.104	0.126	0.109	0.108	0.123	0.109	0.116	0.105	0.106	0.108	0.164	0.104	0.110	0.115	0.106	0.106	0.107	0.107	0.115	0.108	0.114	0.110	0.174	0.107	0.105	0.116	0.104	0.108
3:01:07	37.1	0.305	0.361	0.368	0.306	0.290	0.331	0.281	0.342	0.315	0.321	0.274	0.190	0.342	0.345	0.263	0.295	0.318	0.260	0.317	0.271	0.284	0.268	0.249	0.208	0.332	0.373	0.241	0.321	0.250	0.291	0.307	0.274	0.295	0.244	0.259	0.244	0.318	0.362	0.239	0.278	0.288	0.302	0.243	0.281	0.282	0.269	0.245	0.232	0.338	0.349	0.305	0.311	0.278	0.291	0.268	0.282	0.331	0.267	0.264	0.213	0.106	0.107	0.110	0.107	0.119	0.107	0.105	0.110	0.104	0.125	0.109	0.108	0.122	0.109	0.116	0.105	0.106	0.107	0.164	0.103	0.109	0.115	0.106	0.106	0.107	0.107	0.115	0.108	0.114	0.110	0.174	0.107	0.105	0.115	0.104	0.108
4:01:07	37.1	0.441	0.536	0.558	0.457	0.432	0.485	0.422	0.506	0.465	0.476	0.408	0.460	0.514	0.521	0.423	0.465	0.484	0.391	0.467	0.410	0.426	0.409	0.376	0.427	0.500	0.565	0.375	0.497	0.382	0.447	0.469	0.414	0.447	0.370	0.395	0.586	0.484	0.556	0.377	0.425	0.452	0.469	0.375	0.436	0.438	0.413	0.379	0.560	0.513	0.530	0.474	0.473	0.428	0.450	0.423	0.434	0.501	0.404	0.403	0.616	0.106	0.107	0.110	0.107	0.119	0.107	0.105	0.110	0.104	0.125	0.109	0.108	0.122	0.109	0.116	0.105	0.106	0.107	0.164	0.103	0.110	0.115	0.106	0.106	0.107	0.107	0.115	0.108	0.114	0.110	0.174	0.107	0.105	0.115	0.105	0.107
5:01:08	37.1	0.532	0.637	0.700	0.590	0.557	0.612	0.537	0.636	0.593	0.604	0.530	0.714	0.640	0.634	0.561	0.613	0.629	0.513	0.594	0.551	0.553	0.552	0.506	0.710	0.625	0.692	0.500	0.648	0.515	0.577	0.604	0.544	0.582	0.500	0.530	0.740	0.613	0.688	0.528	0.567	0.605	0.625	0.514	0.591	0.587	0.552	0.534	0.722	0.641	0.649	0.629	0.636	0.575	0.603	0.587	0.586	0.644	0.548	0.540	0.872	0.106	0.107	0.110	0.107	0.118	0.107	0.105	0.110	0.104	0.125	0.109	0.108	0.122	0.109	0.116	0.105	0.106	0.108	0.164	0.104	0.110	0.115	0.106	0.106	0.107	0.107	0.115	0.108	0.115	0.110	0.174	0.107	0.105	0.115	0.105	0.108
6:01:09	37.1	0.552	0.655	0.733	0.637	0.598	0.649	0.571	0.698	0.648	0.658	0.633	0.852	0.675	0.656	0.628	0.673	0.690	0.574	0.646	0.626	0.619	0.627	0.608	0.845	0.658	0.712	0.582	0.707	0.582	0.648	0.666	0.630	0.673	0.607	0.671	0.889	0.654	0.726	0.618	0.638	0.681	0.709	0.599	0.700	0.689	0.663	0.668	0.853	0.670	0.683	0.721	0.718	0.659	0.685	0.707	0.683	0.745	0.676	0.654	0.958	0.106	0.107	0.110	0.107	0.118	0.107	0.105	0.110	0.104	0.125	0.109	0.108	0.122	0.109	0.116	0.105	0.106	0.107	0.164	0.103	0.109	0.115	0.105	0.106	0.107	0.107	0.115	0.108	0.114	0.110	0.175	0.106	0.105	0.115	0.105	0.107
7:01:09	37.1	0.582	0.666	0.763	0.665	0.624	0.667	0.606	0.725	0.701	0.700	0.720	0.959	0.716	0.668	0.686	0.707	0.722	0.626	0.661	0.682	0.659	0.679	0.678	0.962	0.727	0.744	0.654	0.758	0.655	0.687	0.691	0.684	0.722	0.705	0.890	0.987	0.719	0.773	0.719	0.709	0.722	0.771	0.642	0.773	0.731	0.776	0.794	0.957	0.687	0.693	0.764	0.767	0.690	0.716	0.779	0.720	0.780	0.750	0.764	1.059	0.106	0.107	0.110	0.107	0.119	0.107	0.105	0.110	0.104	0.125	0.109	0.108	0.122	0.109	0.116	0.105	0.106	0.108	0.164	0.103	0.109	0.115	0.106	0.106	0.107	0.107	0.115	0.108	0.114	0.110	0.174	0.106	0.105	0.115	0.104	0.107
8:01:10	37.1	0.619	0.684	0.800	0.716	0.653	0.705	0.651	0.769	0.766	0.760	0.835	1.055	0.769	0.698	0.750	0.751	0.771	0.672	0.707	0.745	0.736	0.756	0.795	1.069	0.792	0.812	0.744	0.818	0.732	0.735	0.747	0.775	0.800	0.807	1.040	1.051	0.836	0.839	0.789	0.798	0.803	0.848	0.722	0.838	0.829	0.895	0.910	1.044	0.703	0.707	0.805	0.799	0.722	0.746	0.830	0.764	0.818	0.833	0.879	1.134	0.106	0.107	0.110	0.107	0.119	0.107	0.105	0.110	0.104	0.125	0.109	0.108	0.122	0.109	0.116	0.105	0.106	0.107	0.164	0.103	0.110	0.115	0.106	0.106	0.107	0.107	0.115	0.108	0.114	0.110	0.175	0.107	0.105	0.115	0.105	0.107
9:01:10	37.1	0.671	0.745	0.833	0.766	0.685	0.736	0.704	0.815	0.823	0.808	0.904	1.158	0.845	0.764	0.813	0.802	0.811	0.731	0.735	0.803	0.779	0.834	0.852	1.179	0.854	0.868	0.790	0.876	0.801	0.783	0.804	0.819	0.846	0.859	1.109	1.098	0.940	0.909	0.851	0.847	0.856	0.904	0.782	0.897	0.864	0.973	0.985	1.087	0.721	0.723	0.843	0.836	0.753	0.773	0.871	0.809	0.852	0.901	0.958	1.191	0.106	0.107	0.110	0.107	0.118	0.106	0.105	0.110	0.104	0.125	0.109	0.108	0.122	0.109	0.116	0.105	0.106	0.107	0.164	0.103	0.109	0.115	0.105	0.106	0.107	0.107	0.115	0.108	0.114	0.110	0.174	0.106	0.105	0.115	0.104	0.107
10:01:11	37.1	0.744	0.810	0.872	0.797	0.725	0.778	0.762	0.861	0.869	0.848	0.970	1.256	0.902	0.829	0.849	0.833	0.853	0.784	0.779	0.839	0.817	0.874	0.915	1.291	0.921	0.941	0.849	0.918	0.847	0.843	0.852	0.873	0.877	0.904	1.165	1.120	1.008	0.968	0.903	0.895	0.890	0.959	0.823	0.957	0.907	1.064	1.037	1.122	0.745	0.738	0.875	0.873	0.788	0.802	0.900	0.841	0.891	0.956	1.014	1.235	0.106	0.107	0.110	0.107	0.118	0.106	0.105	0.110	0.104	0.125	0.109	0.108	0.122	0.109	0.116	0.105	0.106	0.107	0.163	0.103	0.109	0.115	0.105	0.106	0.107	0.107	0.115	0.108	0.114	0.110	0.174	0.106	0.105	0.115	0.104	0.107
11:01:12	37.1	0.824	0.877	0.897	0.841	0.767	0.811	0.811	0.898	0.903	0.887	1.032	1.330	0.967	0.911	0.899	0.855	0.876	0.823	0.793	0.866	0.838	0.921	0.972	1.372	0.961	0.997	0.901	0.939	0.877	0.893	0.885	0.918	0.911	0.954	1.216	1.138	1.071	1.020	0.951	0.927	0.935	0.992	0.877	1.006	0.957	1.128	1.089	1.141	0.775	0.763	0.907	0.897	0.820	0.824	0.935	0.882	0.931	1.004	1.047	1.282	0.106	0.107	0.110	0.107	0.118	0.106	0.105	0.110	0.104	0.125	0.109	0.108	0.122	0.109	0.116	0.105	0.106	0.107	0.164	0.103	0.109	0.115	0.105	0.106	0.107	0.107	0.115	0.108	0.114	0.110	0.174	0.106	0.105	0.115	0.104	0.107
12:01:12	37.1	0.878	0.947	0.932	0.867	0.797	0.836	0.829	0.932	0.930	0.909	1.088	1.353	1.028	0.951	0.921	0.885	0.913	0.863	0.825	0.896	0.873	0.955	0.985	1.396	1.018	1.042	0.945	0.952	0.925	0.900	0.894	0.956	0.945	1.033	1.254	1.151	1.121	1.072	0.984	0.975	0.973	1.040	0.908	1.047	0.986	1.155	1.137	1.153	0.818	0.813	0.926	0.916	0.849	0.851	0.951	0.913	0.956	1.025	1.072	1.315	0.106	0.107	0.110	0.107	0.118	0.107	0.105	0.110	0.104	0.125	0.109	0.108	0.122	0.109	0.116	0.105	0.106	0.107	0.164	0.103	0.109	0.115	0.106	0.106	0.107	0.107	0.115	0.108	0.114	0.110	0.174	0.106	0.105	0.115	0.104	0.107
13:01:12	37.0	0.950	0.998	0.950	0.885	0.824	0.865	0.860	0.955	0.955	0.929	1.104	1.366	1.077	1.010	0.951	0.901	0.934	0.888	0.853	0.930	0.878	0.981	1.028	1.405	1.061	1.082	0.946	0.994	0.950	0.935	0.923	0.982	0.974	1.064	1.278	1.160	1.159	1.113	1.018	1.001	1.007	1.065	0.953	1.108	1.035	1.208	1.192	1.160	0.871	0.852	0.963	0.939	0.872	0.874	0.986	0.948	0.989	1.071	1.087	1.337	0.106	0.107	0.110	0.107	0.118	0.107	0.105	0.110	0.104	0.125	0.109	0.108	0.122	0.109	0.116	0.105	0.106	0.107	0.164	0.103	0.109	0.115	0.106	0.106	0.107	0.107	0.115	0.108	0.114	0.110	0.174	0.106	0.105	0.116	0.104	0.107
14:01:12	37.1	0.975	1.038	0.971	0.916	0.840	0.888	0.886	0.980	0.986	0.950	1.143	1.377	1.121	1.054	0.978	0.918	0.943	0.906	0.866	0.951	0.907	1.006	1.076	1.413	1.103	1.111	0.973	1.014	0.976	0.959	0.960	1.012	1.026	1.125	1.295	1.167	1.176	1.136	1.037	1.033	1.028	1.103	0.976	1.130	1.073	1.236	1.208	1.164	0.923	0.896	0.972	0.972	0.895	0.905	1.009	0.978	1.016	1.088	1.108	1.361	0.106	0.107	0.110	0.107	0.118	0.107	0.105	0.110	0.104	0.125	0.109	0.108	0.122	0.109	0.116	0.105	0.106	0.107	0.164	0.103	0.109	0.115	0.106	0.106	0.107	0.107	0.115	0.108	0.114	0.110	0.174	0.106	0.105	0.115	0.105	0.107
15:01:13	37.1	1.034	1.068	0.987	0.929	0.865	0.905	0.904	0.995	1.003	0.970	1.161	1.395	1.143	1.079	0.999	0.941	0.971	0.939	0.884	0.977	0.923	1.016	1.080	1.421	1.134	1.125	1.018	1.031	1.008	0.981	0.980	1.034	1.023	1.134	1.333	1.184	1.188	1.148	1.067	1.052	1.055	1.129	1.016	1.162	1.098	1.269	1.240	1.183	0.950	0.924	1.001	0.979	0.924	0.925	1.026	1.017	1.042	1.123	1.126	1.380	0.106	0.107	0.110	0.107	0.118	0.106	0.105	0.110	0.104	0.125	0.109	0.107	0.122	0.109	0.116	0.105	0.106	0.107	0.163	0.103	0.109	0.115	0.106	0.106	0.107	0.107	0.114	0.108	0.114	0.110	0.174	0.106	0.105	0.115	0.104	0.107
16:01:13	37.1	1.052	1.087	1.006	0.943	0.886	0.925	0.930	1.014	1.022	0.980	1.184	1.407	1.149	1.084	1.004	0.959	0.988	0.960	0.894	0.996	0.934	1.041	1.105	1.429	1.149	1.137	1.028	1.046	1.010	1.007	1.003	1.070	1.032	1.165	1.334	1.201	1.195	1.162	1.089	1.056	1.077	1.154	1.026	1.188	1.121	1.284	1.261	1.206	0.968	0.948	1.006	0.996	0.956	0.953	1.041	1.039	1.067	1.128	1.136	1.393	0.106	0.107	0.109	0.107	0.118	0.106	0.105	0.110	0.104	0.125	0.109	0.108	0.122	0.109	0.116	0.105	0.106	0.107	0.163	0.103	0.109	0.115	0.105	0.106	0.107	0.107	0.114	0.108	0.114	0.110	0.174	0.106	0.105	0.115	0.104	0.107
17:01:14	37.1	1.051	1.093	1.008	0.958	0.896	0.945	0.937	1.032	1.046	0.997	1.204	1.423	1.153	1.089	1.008	0.977	1.016	0.976	0.910	1.008	0.948	1.059	1.133	1.437	1.151	1.145	1.040	1.064	1.030	1.027	1.007	1.078	1.030	1.198	1.357	1.226	1.203	1.182	1.091	1.071	1.093	1.164	1.051	1.203	1.137	1.297	1.260	1.222	0.979	0.956	0.999	0.980	0.992	0.973	1.042	1.063	1.088	1.162	1.144	1.409	0.106	0.107	0.109	0.107	0.118	0.106	0.105	0.110	0.104	0.125	0.109	0.108	0.122	0.109	0.116	0.105	0.106	0.107	0.164	0.103	0.109	0.115	0.105	0.106	0.107	0.107	0.114	0.108	0.114	0.110	0.174	0.106	0.105	0.115	0.104	0.107
18:01:14	37.2	1.044	1.087	1.005	0.974	0.914	0.959	0.928	1.047	1.058	1.013	1.229	1.436	1.159	1.084	1.015	1.002	1.022	1.004	0.924	1.033	0.963	1.070	1.166	1.447	1.153	1.150	1.070	1.091	1.054	1.051	1.035	1.088	1.086	1.204	1.366	1.250	1.205	1.188	1.090	1.080	1.089	1.177	1.051	1.218	1.155	1.316	1.280	1.238	0.984	0.971	0.961	0.962	0.993	0.987	1.016	1.067	1.103	1.174	1.157	1.418	0.106	0.107	0.110	0.107	0.118	0.106	0.105	0.110	0.104	0.124	0.109	0.108	0.122	0.109	0.116	0.105	0.106	0.107	0.163	0.103	0.109	0.115	0.106	0.106	0.107	0.107	0.114	0.108	0.114	0.110	0.174	0.106	0.105	0.115	0.104	0.106
19:01:15	37.5	1.046	1.095	0.998	0.977	0.913	0.975	0.935	1.066	1.075	1.023	1.247	1.441	1.143	1.079	1.001	1.003	1.038	1.006	0.952	1.054	0.988	1.093	1.166	1.455	1.155	1.166	1.071	1.099	1.083	1.075	1.065	1.115	1.091	1.209	1.383	1.280	1.220	1.203	1.088	1.060	1.072	1.175	1.047	1.238	1.166	1.339	1.302	1.252	0.996	0.975	0.949	0.945	0.976	0.976	0.989	1.069	1.099	1.178	1.170	1.429	0.106	0.107	0.109	0.107	0.118	0.106	0.105	0.110	0.104	0.124	0.108	0.108	0.122	0.109	0.116	0.105	0.106	0.107	0.163	0.103	0.109	0.115	0.105	0.106	0.107	0.107	0.114	0.108	0.114	0.110	0.174	0.106	0.104	0.115	0.104	0.106
20:01:15	37.6	1.040	1.094	1.004	0.990	0.916	0.993	0.950	1.081	1.087	1.035	1.257	1.446	1.145	1.081	1.000	0.984	1.048	1.002	0.960	1.061	0.989	1.116	1.186	1.461	1.160	1.183	1.073	1.105	1.100	1.093	1.083	1.141	1.101	1.232	1.391	1.312	1.230	1.210	1.088	1.057	1.066	1.169	1.024	1.245	1.168	1.352	1.323	1.275	1.001	0.980	0.952	0.941	0.949	0.942	0.973	1.047	1.088	1.161	1.186	1.436	0.106	0.107	0.109	0.107	0.118	0.106	0.105	0.110	0.104	0.124	0.109	0.108	0.122	0.109	0.116	0.105	0.106	0.107	0.163	0.103	0.109	0.115	0.105	0.106	0.107	0.107	0.114	0.108	0.114	0.110	0.174	0.106	0.105	0.115	0.104	0.106
21:01:16	37.3	1.037	1.098	1.031	1.005	0.938	1.005	0.981	1.095	1.097	1.047	1.278	1.451	1.156	1.093	1.039	1.003	1.050	1.003	0.969	1.068	0.984	1.123	1.205	1.466	1.173	1.189	1.082	1.104	1.109	1.106	1.094	1.161	1.124	1.250	1.401	1.335	1.242	1.223	1.099	1.076	1.087	1.179	1.031	1.256	1.165	1.362	1.318	1.296	1.004	0.976	0.972	0.953	0.938	0.932	0.969	1.041	1.075	1.145	1.200	1.441	0.106	0.107	0.110	0.107	0.118	0.106	0.105	0.110	0.104	0.124	0.109	0.108	0.122	0.109	0.116	0.105	0.106	0.107	0.163	0.104	0.109	0.115	0.106	0.106	0.107	0.107	0.114	0.108	0.114	0.110	0.174	0.106	0.105	0.115	0.104	0.106
22:01:17	37.3	1.038	1.103	1.049	1.034	0.960	1.026	1.007	1.113	1.117	1.065	1.295	1.452	1.150	1.103	1.065	1.030	1.070	1.043	0.968	1.080	1.000	1.137	1.216	1.473	1.176	1.199	1.091	1.117	1.105	1.112	1.102	1.172	1.149	1.257	1.409	1.353	1.251	1.225	1.123	1.099	1.116	1.196	1.056	1.264	1.163	1.368	1.328	1.313	1.004	0.987	1.004	0.974	0.952	0.940	0.990	1.057	1.071	1.128	1.201	1.446	0.106	0.107	0.109	0.107	0.118	0.106	0.105	0.110	0.104	0.124	0.109	0.108	0.122	0.109	0.116	0.105	0.106	0.107	0.163	0.103	0.109	0.115	0.105	0.106	0.107	0.107	0.114	0.108	0.114	0.110	0.174	0.106	0.104	0.115	0.104	0.106
23:01:18	37.5	1.049	1.112	1.070	1.057	0.987	1.036	1.033	1.134	1.136	1.088	1.308	1.458	1.155	1.114	1.092	1.052	1.090	1.078	1.000	1.108	1.030	1.155	1.232	1.475	1.180	1.200	1.115	1.131	1.114	1.130	1.108	1.171	1.162	1.264	1.416	1.373	1.262	1.233	1.152	1.136	1.150	1.222	1.091	1.282	1.175	1.373	1.345	1.333	1.013	0.994	1.030	1.010	0.986	0.973	1.016	1.077	1.079	1.131	1.205	1.452	0.106	0.107	0.109	0.107	0.118	0.106	0.104	0.110	0.104	0.124	0.108	0.107	0.122	0.109	0.116	0.105	0.105	0.107	0.162	0.103	0.109	0.115	0.105	0.106	0.107	0.107	0.114	0.108	0.114	0.110	0.173	0.106	0.104	0.115	0.104	0.106
24:01:18	37.4	1.050	1.114	1.085	1.068	1.010	1.049	1.058	1.146	1.154	1.114	1.323	1.464	1.162	1.125	1.116	1.070	1.110	1.101	1.029	1.137	1.058	1.175	1.250	1.481	1.185	1.212	1.142	1.145	1.138	1.156	1.109	1.193	1.168	1.275	1.423	1.389	1.266	1.241	1.166	1.152	1.178	1.241	1.121	1.307	1.190	1.374	1.355	1.355	1.018	1.006	1.062	1.035	1.016	0.996	1.039	1.095	1.089	1.137	1.214	1.459	0.106	0.107	0.110	0.107	0.118	0.106	0.105	0.110	0.104	0.124	0.109	0.108	0.122	0.109	0.116	0.105	0.105	0.107	0.163	0.103	0.109	0.115	0.105	0.106	0.107	0.107	0.114	0.108	0.114	0.110	0.174	0.106	0.105	0.115	0.104	0.106
25:01:18	37.5	1.053	1.118	1.091	1.085	1.026	1.058	1.073	1.160	1.165	1.132	1.329	1.469	1.166	1.129	1.140	1.089	1.129	1.124	1.041	1.161	1.082	1.195	1.261	1.487	1.187	1.218	1.157	1.163	1.157	1.176	1.126	1.210	1.179	1.290	1.428	1.407	1.273	1.248	1.186	1.183	1.202	1.261	1.142	1.322	1.216	1.386	1.360	1.373	1.030	1.014	1.083	1.061	1.038	1.015	1.061	1.118	1.105	1.151	1.224	1.466	0.106	0.107	0.110	0.107	0.118	0.106	0.105	0.110	0.104	0.124	0.109	0.108	0.122	0.109	0.116	0.105	0.106	0.107	0.163	0.104	0.109	0.115	0.106	0.106	0.107	0.107	0.114	0.108	0.114	0.110	0.174	0.106	0.104	0.115	0.104	0.106
26:01:19	37.4	1.060	1.124	1.104	1.093	1.041	1.063	1.089	1.170	1.176	1.146	1.338	1.475	1.169	1.135	1.159	1.104	1.149	1.138	1.060	1.181	1.104	1.214	1.281	1.491	1.196	1.226	1.168	1.186	1.179	1.198	1.137	1.230	1.201	1.301	1.432	1.424	1.279	1.257	1.203	1.194	1.214	1.277	1.171	1.343	1.229	1.394	1.365	1.397	1.044	1.028	1.101	1.077	1.055	1.038	1.079	1.135	1.126	1.170	1.227	1.469	0.106	0.107	0.109	0.107	0.118	0.106	0.105	0.110	0.104	0.125	0.109	0.108	0.122	0.109	0.116	0.105	0.106	0.107	0.163	0.103	0.109	0.115	0.106	0.106	0.107	0.107	0.114	0.108	0.114	0.110	0.174	0.106	0.104	0.115	0.104	0.106
27:01:19	37.3	1.074	1.133	1.113	1.116	1.057	1.071	1.103	1.181	1.190	1.164	1.340	1.476	1.180	1.144	1.175	1.124	1.164	1.155	1.080	1.196	1.123	1.234	1.295	1.496	1.201	1.234	1.187	1.204	1.199	1.210	1.156	1.248	1.211	1.312	1.441	1.439	1.289	1.265	1.218	1.214	1.230	1.292	1.195	1.356	1.250	1.408	1.371	1.413	1.058	1.038	1.121	1.093	1.069	1.057	1.089	1.148	1.143	1.186	1.232	1.472	0.106	0.107	0.109	0.107	0.118	0.106	0.105	0.110	0.104	0.124	0.109	0.108	0.122	0.109	0.116	0.105	0.106	0.107	0.163	0.103	0.109	0.115	0.105	0.106	0.107	0.107	0.114	0.108	0.114	0.110	0.174	0.106	0.105	0.115	0.104	0.106
28:01:20	37.5	1.083	1.137	1.123	1.117	1.063	1.079	1.114	1.191	1.199	1.176	1.348	1.479	1.192	1.153	1.174	1.137	1.176	1.170	1.092	1.211	1.139	1.248	1.303	1.500	1.207	1.243	1.199	1.216	1.228	1.228	1.165	1.264	1.233	1.326	1.443	1.454	1.300	1.275	1.233	1.227	1.234	1.304	1.212	1.375	1.267	1.418	1.377	1.433	1.076	1.056	1.128	1.109	1.087	1.070	1.101	1.165	1.163	1.202	1.235	1.480	0.106	0.107	0.109	0.107	0.118	0.106	0.105	0.110	0.104	0.124	0.109	0.107	0.122	0.109	0.116	0.105	0.106	0.107	0.163	0.103	0.109	0.115	0.105	0.106	0.107	0.107	0.114	0.108	0.114	0.110	0.173	0.106	0.104	0.115	0.104	0.106
29:01:20	37.3	1.097	1.147	1.131	1.131	1.069	1.086	1.122	1.199	1.214	1.191	1.353	1.478	1.201	1.160	1.188	1.149	1.190	1.183	1.104	1.231	1.157	1.265	1.318	1.501	1.221	1.255	1.207	1.227	1.235	1.238	1.185	1.283	1.248	1.336	1.447	1.466	1.308	1.288	1.253	1.237	1.252	1.316	1.234	1.385	1.281	1.427	1.381	1.445	1.095	1.069	1.142	1.123	1.097	1.080	1.112	1.167	1.179	1.219	1.247	1.483	0.106	0.107	0.109	0.107	0.118	0.106	0.104	0.110	0.104	0.124	0.109	0.107	0.122	0.109	0.116	0.105	0.106	0.107	0.163	0.103	0.109	0.115	0.105	0.106	0.107	0.107	0.114	0.108	0.114	0.110	0.173	0.106	0.104	0.115	0.104	0.106
30:01:20	37.4	1.109	1.154	1.133	1.138	1.085	1.096	1.135	1.209	1.223	1.200	1.358	1.481	1.209	1.170	1.203	1.162	1.200	1.200	1.111	1.241	1.170	1.277	1.329	1.506	1.226	1.267	1.218	1.242	1.250	1.256	1.190	1.300	1.258	1.347	1.454	1.477	1.317	1.295	1.262	1.245	1.257	1.331	1.249	1.398	1.297	1.438	1.389	1.461	1.117	1.088	1.150	1.130	1.112	1.099	1.125	1.185	1.202	1.239	1.261	1.493	0.106	0.107	0.109	0.107	0.118	0.106	0.104	0.110	0.104	0.124	0.109	0.108	0.122	0.109	0.116	0.105	0.106	0.107	0.163	0.103	0.109	0.115	0.105	0.106	0.107	0.107	0.114	0.108	0.114	0.110	0.173	0.106	0.104	0.115	0.104	0.106
31:01:21	37.5	1.121	1.165	1.140	1.154	1.093	1.108	1.141	1.215	1.232	1.212	1.365	1.481	1.220	1.179	1.215	1.170	1.219	1.206	1.130	1.257	1.188	1.292	1.345	1.510	1.234	1.277	1.231	1.252	1.268	1.266	1.207	1.313	1.278	1.359	1.457	1.486	1.328	1.307	1.271	1.256	1.269	1.339	1.264	1.410	1.310	1.447	1.395	1.469	1.136	1.106	1.165	1.145	1.122	1.114	1.131	1.192	1.219	1.244	1.268	1.495	0.106	0.107	0.109	0.107	0.118	0.106	0.105	0.110	0.104	0.124	0.109	0.108	0.122	0.109	0.116	0.105	0.106	0.107	0.163	0.103	0.109	0.115	0.106	0.106	0.107	0.107	0.114	0.108	0.114	0.110	0.174	0.106	0.104	0.115	0.104	0.106
32:01:21	37.4	1.128	1.170	1.149	1.163	1.102	1.114	1.147	1.224	1.242	1.222	1.369	1.482	1.228	1.185	1.215	1.173	1.220	1.222	1.129	1.267	1.197	1.302	1.352	1.510	1.246	1.284	1.236	1.256	1.274	1.271	1.214	1.326	1.291	1.364	1.460	1.495	1.334	1.313	1.276	1.267	1.275	1.345	1.277	1.419	1.322	1.456	1.400	1.482	1.162	1.119	1.173	1.150	1.132	1.117	1.140	1.202	1.227	1.258	1.280	1.506	0.106	0.107	0.109	0.106	0.118	0.106	0.104	0.110	0.104	0.124	0.109	0.107	0.122	0.109	0.116	0.105	0.105	0.107	0.163	0.103	0.109	0.115	0.105	0.106	0.107	0.107	0.114	0.107	0.114	0.110	0.173	0.105	0.104	0.115	0.104	0.106
33:01:22	37.6	1.139	1.170	1.156	1.165	1.114	1.112	1.157	1.230	1.249	1.226	1.372	1.481	1.238	1.193	1.230	1.185	1.231	1.229	1.139	1.278	1.212	1.310	1.359	1.510	1.256	1.297	1.248	1.260	1.281	1.288	1.228	1.339	1.304	1.375	1.465	1.503	1.344	1.321	1.290	1.274	1.280	1.355	1.286	1.430	1.333	1.464	1.407	1.492	1.187	1.144	1.175	1.163	1.143	1.129	1.143	1.208	1.240	1.274	1.291	1.512	0.106	0.107	0.109	0.107	0.118	0.106	0.105	0.110	0.104	0.124	0.109	0.108	0.122	0.109	0.116	0.105	0.106	0.107	0.163	0.103	0.109	0.115	0.106	0.106	0.107	0.107	0.114	0.108	0.114	0.110	0.173	0.106	0.105	0.115	0.104	0.106
34:01:22	37.6	1.151	1.187	1.156	1.177	1.117	1.125	1.161	1.241	1.256	1.236	1.379	1.484	1.248	1.199	1.234	1.191	1.241	1.232	1.147	1.285	1.221	1.322	1.367	1.509	1.267	1.305	1.255	1.276	1.286	1.290	1.237	1.347	1.310	1.383	1.469	1.510	1.353	1.332	1.293	1.280	1.286	1.367	1.294	1.439	1.347	1.469	1.412	1.501	1.208	1.158	1.182	1.170	1.149	1.136	1.149	1.220	1.262	1.288	1.301	1.518	0.106	0.107	0.109	0.107	0.118	0.106	0.104	0.110	0.104	0.124	0.109	0.107	0.122	0.109	0.116	0.105	0.106	0.107	0.163	0.103	0.109	0.115	0.105	0.106	0.107	0.107	0.114	0.108	0.114	0.110	0.173	0.106	0.104	0.115	0.104	0.106
35:01:22	37.7	1.160	1.189	1.163	1.184	1.116	1.126	1.166	1.244	1.264	1.244	1.385	1.487	1.258	1.206	1.232	1.197	1.245	1.233	1.160	1.288	1.232	1.326	1.374	1.508	1.268	1.315	1.257	1.278	1.302	1.300	1.245	1.362	1.325	1.393	1.475	1.519	1.361	1.338	1.303	1.287	1.296	1.374	1.306	1.444	1.354	1.477	1.419	1.511	1.221	1.176	1.190	1.181	1.157	1.155	1.161	1.237	1.274	1.301	1.318	1.528	0.106	0.107	0.109	0.107	0.118	0.106	0.104	0.110	0.104	0.124	0.109	0.107	0.122	0.109	0.116	0.105	0.106	0.107	0.163	0.103	0.109	0.115	0.105	0.106	0.107	0.107	0.114	0.108	0.114	0.110	0.173	0.106	0.104	0.115	0.104	0.106
36:01:23	37.6	1.163	1.192	1.172	1.186	1.129	1.136	1.173	1.257	1.271	1.252	1.390	1.491	1.258	1.210	1.248	1.206	1.252	1.239	1.163	1.298	1.246	1.332	1.386	1.508	1.276	1.321	1.269	1.284	1.304	1.303	1.249	1.374	1.337	1.400	1.479	1.527	1.367	1.347	1.306	1.289	1.295	1.377	1.314	1.454	1.365	1.486	1.426	1.523	1.242	1.188	1.199	1.181	1.170	1.168	1.172	1.258	1.294	1.317	1.322	1.538	0.106	0.107	0.109	0.107	0.118	0.106	0.105	0.110	0.104	0.124	0.109	0.107	0.122	0.109	0.116	0.105	0.106	0.107	0.162	0.103	0.109	0.115	0.105	0.106	0.107	0.107	0.114	0.108	0.114	0.110	0.173	0.106	0.104	0.115	0.104	0.106
37:01:23	37.6	1.172	1.191	1.174	1.189	1.135	1.137	1.174	1.260	1.278	1.256	1.397	1.493	1.268	1.214	1.254	1.208	1.260	1.250	1.167	1.307	1.256	1.341	1.392	1.508	1.285	1.330	1.271	1.290	1.316	1.313	1.255	1.380	1.350	1.409	1.483	1.535	1.373	1.353	1.315	1.295	1.308	1.383	1.327	1.466	1.376	1.491	1.433	1.531	1.258	1.208	1.202	1.189	1.181	1.178	1.187	1.283	1.310	1.333	1.336	1.548	0.106	0.107	0.109	0.107	0.118	0.106	0.104	0.110	0.104	0.124	0.109	0.107	0.122	0.109	0.116	0.105	0.105	0.107	0.163	0.103	0.109	0.115	0.105	0.106	0.107	0.107	0.114	0.108	0.114	0.110	0.174	0.105	0.104	0.115	0.104	0.106
38:01:24	37.5	1.167	1.196	1.179	1.188	1.142	1.143	1.178	1.267	1.284	1.263	1.403	1.496	1.273	1.215	1.247	1.213	1.262	1.260	1.173	1.310	1.261	1.349	1.399	1.511	1.292	1.337	1.279	1.294	1.320	1.321	1.262	1.391	1.353	1.413	1.488	1.541	1.378	1.352	1.321	1.304	1.313	1.391	1.332	1.471	1.384	1.499	1.439	1.540	1.288	1.241	1.208	1.197	1.199	1.188	1.204	1.300	1.327	1.345	1.350	1.556	0.106	0.107	0.109	0.107	0.118	0.106	0.105	0.110	0.104	0.124	0.108	0.107	0.122	0.109	0.116	0.105	0.105	0.107	0.163	0.103	0.109	0.115	0.105	0.106	0.107	0.107	0.114	0.108	0.114	0.110	0.173	0.105	0.104	0.115	0.104	0.106
39:01:24	37.4	1.173	1.203	1.183	1.190	1.140	1.147	1.178	1.272	1.290	1.272	1.408	1.499	1.272	1.221	1.260	1.211	1.265	1.260	1.175	1.321	1.266	1.353	1.403	1.510	1.296	1.341	1.281	1.301	1.325	1.322	1.271	1.396	1.365	1.418	1.494	1.546	1.385	1.358	1.323	1.310	1.312	1.399	1.339	1.479	1.387	1.506	1.443	1.544	1.310	1.271	1.212	1.207	1.215	1.197	1.219	1.322	1.341	1.355	1.358	1.564	0.106	0.107	0.109	0.107	0.118	0.106	0.105	0.110	0.104	0.123	0.109	0.107	0.122	0.109	0.116	0.105	0.106	0.107	0.163	0.103	0.109	0.115	0.105	0.106	0.107	0.107	0.114	0.107	0.114	0.110	0.173	0.105	0.104	0.115	0.104	0.106
40:01:25	37.4	1.177	1.206	1.184	1.188	1.143	1.148	1.183	1.276	1.298	1.276	1.412	1.503	1.280	1.223	1.256	1.212	1.273	1.258	1.182	1.322	1.270	1.358	1.406	1.512	1.302	1.343	1.277	1.299	1.331	1.332	1.274	1.408	1.367	1.425	1.501	1.551	1.387	1.369	1.323	1.312	1.317	1.403	1.352	1.483	1.402	1.510	1.450	1.551	1.340	1.313	1.220	1.216	1.230	1.213	1.236	1.337	1.354	1.369	1.365	1.576	0.106	0.107	0.109	0.107	0.118	0.106	0.104	0.110	0.104	0.124	0.109	0.107	0.122	0.109	0.116	0.105	0.105	0.107	0.163	0.103	0.109	0.115	0.105	0.106	0.107	0.107	0.114	0.107	0.114	0.110	0.173	0.105	0.104	0.115	0.104	0.106
41:01:25	37.4	1.179	1.214	1.184	1.187	1.145	1.148	1.186	1.279	1.303	1.281	1.418	1.506	1.279	1.222	1.265	1.217	1.277	1.268	1.186	1.333	1.278	1.364	1.413	1.513	1.307	1.357	1.284	1.301	1.333	1.339	1.280	1.418	1.375	1.434	1.507	1.556	1.395	1.370	1.329	1.320	1.323	1.407	1.359	1.494	1.409	1.516	1.456	1.560	1.365	1.346	1.230	1.226	1.240	1.229	1.261	1.356	1.369	1.381	1.373	1.587	0.106	0.107	0.109	0.107	0.118	0.106	0.105	0.110	0.104	0.124	0.109	0.108	0.122	0.109	0.116	0.105	0.106	0.107	0.163	0.103	0.109	0.115	0.106	0.106	0.107	0.107	0.114	0.108	0.114	0.110	0.173	0.106	0.104	0.115	0.105	0.106
42:01:25	37.6	1.179	1.226	1.177	1.190	1.152	1.148	1.191	1.282	1.311	1.286	1.426	1.509	1.282	1.230	1.271	1.222	1.280	1.268	1.188	1.335	1.283	1.369	1.420	1.514	1.313	1.365	1.283	1.317	1.341	1.339	1.281	1.422	1.381	1.441	1.510	1.557	1.400	1.370	1.341	1.317	1.321	1.417	1.366	1.496	1.416	1.523	1.461	1.564	1.389	1.386	1.238	1.235	1.254	1.247	1.285	1.378	1.381	1.395	1.385	1.591	0.106	0.107	0.109	0.107	0.118	0.106	0.104	0.110	0.104	0.124	0.109	0.107	0.122	0.109	0.116	0.105	0.106	0.107	0.163	0.103	0.109	0.115	0.105	0.106	0.107	0.107	0.114	0.107	0.114	0.110	0.173	0.105	0.104	0.115	0.104	0.106
43:01:26	37.6	1.199	1.241	1.183	1.193	1.164	1.159	1.192	1.288	1.317	1.294	1.433	1.515	1.289	1.239	1.274	1.217	1.274	1.270	1.192	1.342	1.286	1.377	1.427	1.516	1.314	1.375	1.279	1.309	1.341	1.346	1.286	1.438	1.391	1.449	1.518	1.563	1.404	1.379	1.340	1.324	1.327	1.425	1.373	1.507	1.425	1.532	1.470	1.566	1.423	1.416	1.250	1.249	1.279	1.262	1.308	1.400	1.400	1.411	1.397	1.602	0.106	0.107	0.109	0.107	0.117	0.106	0.104	0.110	0.104	0.123	0.108	0.107	0.122	0.109	0.116	0.105	0.105	0.107	0.162	0.103	0.109	0.115	0.105	0.106	0.107	0.107	0.114	0.107	0.114	0.110	0.173	0.105	0.104	0.115	0.104	0.106
44:01:26	37.6	1.205	1.255	1.179	1.203	1.154	1.165	1.196	1.297	1.324	1.298	1.441	1.520	1.287	1.244	1.272	1.226	1.280	1.274	1.193	1.349	1.294	1.383	1.436	1.518	1.322	1.385	1.290	1.317	1.347	1.351	1.292	1.446	1.401	1.456	1.523	1.569	1.409	1.389	1.337	1.330	1.332	1.428	1.381	1.516	1.436	1.538	1.479	1.569	1.449	1.460	1.267	1.271	1.303	1.286	1.335	1.418	1.417	1.425	1.416	1.614	0.106	0.107	0.109	0.107	0.118	0.106	0.104	0.110	0.104	0.124	0.108	0.107	0.122	0.109	0.116	0.105	0.105	0.107	0.163	0.103	0.109	0.115	0.105	0.106	0.107	0.107	0.114	0.107	0.113	0.110	0.173	0.105	0.104	0.115	0.104	0.106
45:01:27	37.6	1.217	1.288	1.186	1.202	1.156	1.171	1.203	1.305	1.334	1.306	1.450	1.528	1.316	1.272	1.276	1.224	1.281	1.282	1.197	1.357	1.297	1.394	1.442	1.523	1.325	1.401	1.292	1.316	1.349	1.355	1.303	1.452	1.409	1.462	1.528	1.571	1.415	1.400	1.345	1.330	1.336	1.437	1.391	1.524	1.444	1.548	1.486	1.574	1.482	1.490	1.281	1.292	1.331	1.308	1.354	1.436	1.431	1.438	1.425	1.623	0.106	0.107	0.109	0.107	0.117	0.106	0.104	0.110	0.104	0.124	0.108	0.107	0.122	0.109	0.116	0.105	0.106	0.107	0.163	0.103	0.109	0.115	0.105	0.106	0.107	0.107	0.114	0.108	0.114	0.110	0.173	0.105	0.104	0.115	0.104	0.106
46:01:28	37.5	1.228	1.309	1.183	1.205	1.155	1.172	1.205	1.316	1.341	1.317	1.459	1.537	1.342	1.294	1.283	1.226	1.285	1.286	1.202	1.359	1.299	1.399	1.451	1.528	1.336	1.413	1.286	1.322	1.346	1.360	1.310	1.462	1.415	1.473	1.533	1.576	1.424	1.402	1.351	1.333	1.343	1.444	1.396	1.530	1.452	1.553	1.497	1.574	1.504	1.509	1.301	1.315	1.354	1.327	1.376	1.457	1.450	1.451	1.435	1.628	0.106	0.107	0.109	0.107	0.117	0.106	0.104	0.110	0.104	0.124	0.108	0.107	0.122	0.109	0.116	0.105	0.105	0.107	0.163	0.103	0.109	0.115	0.105	0.106	0.107	0.107	0.114	0.108	0.113	0.109	0.173	0.105	0.104	0.115	0.104	0.106
47:01:28	37.4	1.241	1.320	1.187	1.200	1.162	1.168	1.205	1.324	1.349	1.326	1.468	1.543	1.368	1.312	1.288	1.226	1.289	1.296	1.205	1.370	1.308	1.411	1.462	1.534	1.349	1.438	1.297	1.325	1.362	1.365	1.317	1.472	1.426	1.482	1.541	1.581	1.432	1.423	1.353	1.337	1.348	1.455	1.406	1.541	1.460	1.562	1.507	1.578	1.518	1.524	1.313	1.340	1.380	1.342	1.392	1.474	1.466	1.465	1.448	1.637	0.106	0.107	0.109	0.107	0.117	0.106	0.105	0.110	0.104	0.124	0.108	0.107	0.122	0.109	0.116	0.105	0.106	0.107	0.163	0.104	0.109	0.115	0.106	0.106	0.107	0.107	0.114	0.108	0.114	0.110	0.173	0.105	0.104	0.115	0.104	0.106
48:01:29	37.6	1.241	1.311	1.184	1.199	1.171	1.172	1.207	1.337	1.353	1.334	1.476	1.547	1.403	1.339	1.294	1.238	1.288	1.298	1.206	1.380	1.318	1.420	1.474	1.537	1.356	1.450	1.301	1.331	1.363	1.367	1.318	1.483	1.435	1.487	1.545	1.580	1.442	1.435	1.360	1.348	1.354	1.459	1.414	1.550	1.468	1.568	1.513	1.581	1.524	1.535	1.339	1.363	1.395	1.353	1.411	1.488	1.478	1.473	1.456	1.636	0.106	0.107	0.109	0.107	0.117	0.106	0.104	0.110	0.104	0.123	0.109	0.107	0.122	0.109	0.116	0.105	0.105	0.107	0.163	0.103	0.109	0.115	0.105	0.106	0.107	0.107	0.114	0.108	0.114	0.110	0.173	0.105	0.104	0.114	0.104	0.106

Results
	1	2	3	4	5	6	7	8	9	10	11	12
A	1.750	2.232	2.431	1.982	1.846	2.081	1.744	2.139	1.966	2.029	1.924	3.246	Max V [578]
	0.985	0.986	0.983	0.980	0.976	0.984	0.971	0.984	0.981	0.980	0.996	0.966	R-Squared [578]
	3:01:07	3:01:07	3:01:07	3:01:07	3:01:07	3:01:07	3:01:07	3:01:07	4:01:08	3:01:07	4:01:08	4:01:08	t at Max V [578]
	1:03:00	1:01:37	1:05:14	1:07:28	1:08:55	1:04:58	1:06:47	1:04:15	1:14:07	1:04:22	1:32:33	2:10:53	Lagtime [578]
B	2.148	2.199	2.019	2.161	2.179	1.777	1.975	1.970	1.908	1.981	1.910	3.208	Max V [578]
	0.979	0.985	0.985	0.981	0.982	0.988	0.984	0.990	0.988	0.990	0.996	0.971	R-Squared [578]
	3:01:07	3:01:07	4:01:08	4:01:08	4:01:08	4:01:08	3:01:07	4:01:08	4:01:08	4:01:08	4:01:08	5:01:08	t at Max V [578]
	1:05:07	1:03:28	1:30:59	1:26:22	1:21:01	1:26:52	1:05:20	1:32:37	1:22:29	1:32:06	1:39:56	2:19:13	Lagtime [578]
C	2.118	2.425	1.843	2.248	1.819	2.034	2.093	1.948	2.094	1.930	2.750	3.292	Max V [578]
	0.979	0.985	0.993	0.979	0.988	0.988	0.982	0.994	0.994	0.996	0.993	0.970	R-Squared [578]
	3:01:07	3:01:07	4:01:08	4:01:08	4:01:08	4:01:08	4:01:08	4:01:08	4:01:08	5:01:08	6:01:09	4:01:08	t at Max V [578]
	1:06:35	1:04:16	1:37:04	1:22:49	1:35:37	1:24:58	1:22:01	1:31:48	1:27:44	1:47:25	2:26:26	1:56:48	Lagtime [578]
D	2.087	2.420	2.005	2.006	2.207	2.276	1.900	2.269	2.210	2.113	2.313	3.191	Max V [578]
	0.979	0.982	0.989	0.989	0.988	0.990	0.991	0.995	0.994	0.996	0.999	0.969	R-Squared [578]
	3:01:07	3:01:07	4:01:08	4:01:08	4:01:08	4:01:08	4:01:08	4:01:08	4:01:08	4:01:08	5:01:08	4:01:08	t at Max V [578]
	1:07:21	1:06:43	1:42:45	1:29:46	1:31:19	1:29:00	1:39:02	1:39:29	1:35:40	1:36:42	2:07:06	1:58:36	Lagtime [578]
E	2.203	2.249	2.295	2.273	2.094	2.187	2.297	2.171	2.306	2.146	2.087	3.792	Max V [578]
	0.981	0.983	0.991	0.990	0.991	0.990	0.992	0.993	0.994	0.995	0.997	0.945	R-Squared [578]
	3:01:07	3:01:07	4:01:08	4:01:08	4:01:08	4:01:08	4:01:08	4:01:08	4:01:08	4:01:08	5:01:08	4:01:08	t at Max V [578]
	1:06:44	1:05:09	1:27:59	1:29:38	1:32:57	1:30:24	1:45:08	1:35:47	1:23:27	1:39:12	1:45:57	2:02:11	Lagtime [578]
F	-0.001	0.001	-0.001	-0.001	-0.002	-0.001	-0.001	-0.002	0.001	-0.003	-0.001	-0.001	Max V [578]
	0.750	0.721	0.941	0.454	0.800	0.889	0.900	0.926	0.454	0.930	0.529	0.696	R-Squared [578]
	2:01:06	45:01:27	26:01:19	7:01:09	4:01:08	2:01:06	28:01:20	43:01:26	34:01:22	28:01:20	15:01:13	8:01:10	t at Max V [578]
	0:41:05	?????	20:46:16	6:44:00	4:51:08	?????	23:01:18	37:49:23	35:44:14	22:20:15	13:41:12	8:46:10	Lagtime [578]
G	-0.003	-0.001	0.001	0.001	-0.001	-0.002	0.004	-0.001	-0.001	-0.001	0.001	-0.001	Max V [578]
	0.817	0.613	0.633	0.750	0.880	0.625	0.664	0.900	0.800	0.557	0.900	0.721	R-Squared [578]
	2:01:06	22:01:17	19:01:15	25:01:19	22:01:17	21:01:17	2:01:06	43:01:26	43:01:26	7:01:09	12:01:12	7:01:09	t at Max V [578]
	?????	16:18:21	23:41:17	27:27:59	19:21:15	19:01:15	?????	39:41:24	40:31:25	7:18:18	12:01:12	5:18:17	Lagtime [578]
H	0.001	0.001	-0.001	-0.001	-0.001	-0.002	0.004	-0.002	-0.001	-0.002	-0.001	-0.002	Max V [578]
	0.692	0.692	0.721	0.681	0.941	0.900	0.733	0.899	0.941	0.796	0.692	0.840	R-Squared [578]
	24:01:18	2:01:06	15:01:13	15:01:13	42:01:26	2:01:06	2:01:06	15:01:13	10:01:11	35:01:23	7:01:09	14:01:13	t at Max V [578]
	29:41:21	?????	8:09:44	14:26:55	29:16:22	0:21:05	?????	12:33:30	6:31:09	27:23:09	6:21:09	9:29:11	Lagtime [578]

