

Software Version	3.12.08



Experiment File Path:	C:\Users\Sarela\Documents\Rita Pires\Exp44_RP_2plates_part3_02072024_Exp45_RP_2plates_part2_03072024.xpt
Protocol File Path:	C:\Users\Public\Documents\Protocols\New_96well_578_24H.prt



Plate Number	Plate 1
Date	7/4/2024
Time	9:47:47 AM
Reader Type:	Epoch 2
Reader Serial Number:	2202232E
Reading Type	Reader

Procedure Details

Plate Type	96 WELL PLATE
Discontinuous Kinetics	Runtime 2:00:00 (D:HH:MM), Interval 0:01:00, 49 Reads
Eject plate on completion	
Set Temperature	Setpoint 37°C, Gradient 0 °C
Shake	Double Orbital: 0:01:01 (HH:MM:SS)
	Frequency: 282 cpm (3 mm)
Read	Absorbance Endpoint
	Full Plate
	Wavelengths:  578
	Read Speed: Normal,  Delay: 100 msec,  Measurements/Data Point: 8

578

Time	T° 578	A1	A2	A3	A4	A5	A6	A7	A8	A9	A10	A11	A12	B1	B2	B3	B4	B5	B6	B7	B8	B9	B10	B11	B12	C1	C2	C3	C4	C5	C6	C7	C8	C9	C10	C11	C12	D1	D2	D3	D4	D5	D6	D7	D8	D9	D10	D11	D12	E1	E2	E3	E4	E5	E6	E7	E8	E9	E10	E11	E12	F1	F2	F3	F4	F5	F6	F7	F8	F9	F10	F11	F12	G1	G2	G3	G4	G5	G6	G7	G8	G9	G10	G11	G12	H1	H2	H3	H4	H5	H6	H7	H8	H9	H10	H11	H12
0:01:05	32.6	0.931	0.704	0.830	0.755	0.877	0.978	0.931	1.108	1.284	0.939	0.330	0.310	0.107	0.107	0.109	0.111	0.120	0.111	0.109	0.115	0.114	0.107	0.113	0.108	0.783	0.885	0.884	0.890	0.939	0.927	0.989	1.044	1.228	1.283	0.469	0.383	1.100	0.742	0.645	0.778	0.927	0.837	1.092	0.972	0.994	1.001	0.869	1.105	0.114	0.102	0.112	0.127	0.106	0.106	0.107	0.110	0.119	0.111	0.104	0.104	0.929	1.071	1.079	1.075	1.104	1.081	1.051	1.054	0.970	0.914	0.456	0.419	0.113	0.107	0.105	0.101	0.108	0.101	0.106	0.102	0.108	0.106	0.108	0.105	0.805	1.243	1.040	1.091	1.039	1.087	1.023	0.958	0.892	0.957	0.418	0.439
1:01:04	37.0	0.890	0.696	0.830	0.748	0.878	0.980	0.926	1.088	1.275	0.933	0.328	0.295	0.107	0.107	0.109	0.111	0.120	0.111	0.109	0.115	0.114	0.107	0.113	0.107	0.771	0.864	0.854	0.861	0.914	0.899	0.962	1.027	1.209	1.265	0.461	0.380	1.126	0.737	0.643	0.771	0.922	0.831	1.097	0.973	0.996	0.998	0.861	1.087	0.113	0.102	0.112	0.149	0.106	0.106	0.107	0.110	0.119	0.111	0.104	0.105	0.895	1.074	1.080	1.071	1.105	1.081	1.051	1.058	0.969	0.911	0.456	0.413	0.113	0.106	0.104	0.100	0.108	0.101	0.107	0.102	0.106	0.103	0.108	0.104	0.808	1.242	1.050	1.100	1.030	1.097	1.026	0.966	0.897	0.963	0.412	0.436
2:01:04	37.0	0.896	0.700	0.842	0.755	0.895	0.994	0.935	1.094	1.276	0.931	0.325	0.292	0.106	0.107	0.109	0.111	0.120	0.111	0.109	0.115	0.114	0.107	0.113	0.107	0.762	0.854	0.845	0.852	0.904	0.887	0.956	1.027	1.211	1.266	0.462	0.373	1.174	0.737	0.643	0.772	0.921	0.838	1.112	0.978	0.999	1.005	0.881	1.087	0.113	0.102	0.112	0.110	0.106	0.106	0.107	0.110	0.119	0.111	0.103	0.105	0.896	1.077	1.084	1.089	1.111	1.100	1.069	1.073	0.977	0.924	0.456	0.414	0.112	0.106	0.106	0.101	0.108	0.101	0.109	0.104	0.110	0.102	0.108	0.104	0.811	1.246	1.057	1.108	1.039	1.110	1.034	0.974	0.905	0.966	0.411	0.441
3:01:05	37.0	0.884	0.705	0.860	0.768	0.916	1.010	0.939	1.094	1.275	0.928	0.323	0.289	0.106	0.107	0.109	0.111	0.120	0.111	0.109	0.115	0.113	0.107	0.113	0.107	0.756	0.851	0.842	0.847	0.903	0.888	0.954	1.033	1.212	1.267	0.462	0.366	1.228	0.737	0.642	0.774	0.927	0.842	1.119	0.980	0.996	1.005	0.892	1.080	0.113	0.102	0.112	0.137	0.106	0.106	0.107	0.110	0.119	0.111	0.104	0.105	0.905	1.086	1.100	1.091	1.136	1.111	1.081	1.081	0.989	0.929	0.456	0.411	0.110	0.108	0.105	0.102	0.109	0.101	0.107	0.106	0.111	0.103	0.109	0.104	0.820	1.259	1.069	1.122	1.046	1.120	1.040	0.981	0.915	0.972	0.411	0.443
4:01:06	37.0	0.878	0.712	0.885	0.784	0.943	1.026	0.945	1.099	1.275	0.927	0.321	0.289	0.106	0.107	0.109	0.111	0.120	0.111	0.109	0.115	0.114	0.107	0.113	0.107	0.755	0.863	0.845	0.849	0.900	0.890	0.960	1.033	1.211	1.269	0.465	0.365	1.287	0.740	0.642	0.780	0.933	0.845	1.127	0.985	1.003	1.004	0.903	1.075	0.113	0.102	0.112	0.110	0.106	0.106	0.107	0.110	0.119	0.111	0.103	0.105	0.915	1.095	1.115	1.100	1.151	1.113	1.089	1.087	0.999	0.946	0.456	0.412	0.109	0.107	0.105	0.100	0.109	0.102	0.107	0.105	0.109	0.104	0.108	0.105	0.833	1.271	1.085	1.132	1.056	1.131	1.045	0.988	0.926	0.977	0.411	0.447
5:01:06	37.1	0.872	0.727	0.907	0.795	0.970	1.041	0.960	1.107	1.277	0.931	0.319	0.287	0.106	0.107	0.110	0.111	0.120	0.110	0.109	0.115	0.114	0.107	0.113	0.107	0.758	0.870	0.853	0.854	0.907	0.895	0.970	1.043	1.210	1.269	0.469	0.361	1.342	0.743	0.640	0.779	0.935	0.849	1.133	0.991	0.995	0.999	0.907	1.068	0.113	0.102	0.112	0.110	0.106	0.106	0.107	0.110	0.119	0.111	0.104	0.105	0.921	1.109	1.127	1.112	1.157	1.120	1.094	1.093	0.991	0.942	0.457	0.410	0.110	0.107	0.104	0.101	0.110	0.103	0.107	0.106	0.108	0.102	0.108	0.104	0.854	1.285	1.104	1.143	1.065	1.143	1.053	0.995	0.934	0.978	0.409	0.451
6:01:07	37.0	0.868	0.736	0.927	0.811	0.999	1.049	0.967	1.108	1.276	0.930	0.318	0.283	0.106	0.107	0.109	0.111	0.120	0.110	0.109	0.115	0.113	0.107	0.113	0.107	0.767	0.880	0.857	0.857	0.907	0.896	0.968	1.045	1.209	1.271	0.477	0.358	1.390	0.744	0.638	0.781	0.930	0.848	1.138	0.993	0.993	0.996	0.912	1.063	0.113	0.102	0.112	0.110	0.106	0.106	0.107	0.110	0.119	0.111	0.103	0.105	0.933	1.113	1.132	1.119	1.163	1.125	1.105	1.098	0.996	0.939	0.459	0.405	0.112	0.107	0.105	0.101	0.110	0.101	0.106	0.106	0.110	0.105	0.108	0.104	0.870	1.300	1.120	1.155	1.080	1.154	1.063	1.002	0.940	0.984	0.409	0.453
7:01:07	37.1	0.867	0.756	0.946	0.826	1.026	1.065	0.983	1.119	1.278	0.931	0.317	0.281	0.106	0.107	0.110	0.111	0.120	0.110	0.109	0.115	0.114	0.107	0.113	0.107	0.781	0.893	0.862	0.877	0.911	0.905	0.976	1.049	1.210	1.276	0.482	0.356	1.423	0.751	0.637	0.789	0.936	0.851	1.142	0.993	0.989	0.994	0.921	1.056	0.113	0.102	0.112	0.111	0.106	0.106	0.107	0.110	0.119	0.111	0.103	0.105	0.935	1.118	1.136	1.125	1.168	1.132	1.102	1.098	0.995	0.936	0.461	0.400	0.110	0.107	0.105	0.101	0.111	0.102	0.106	0.106	0.110	0.104	0.108	0.105	0.889	1.310	1.134	1.165	1.089	1.164	1.066	1.006	0.943	0.985	0.409	0.456
8:01:08	37.1	0.859	0.769	0.964	0.843	1.054	1.070	0.988	1.119	1.277	0.928	0.315	0.279	0.106	0.107	0.109	0.111	0.120	0.110	0.109	0.115	0.114	0.107	0.113	0.107	0.793	0.905	0.866	0.863	0.911	0.900	0.977	1.052	1.215	1.274	0.484	0.353	1.447	0.758	0.633	0.791	0.942	0.850	1.145	1.005	0.994	0.987	0.924	1.054	0.113	0.102	0.112	0.115	0.106	0.106	0.106	0.110	0.119	0.111	0.103	0.105	0.933	1.121	1.136	1.129	1.183	1.143	1.109	1.103	1.006	0.940	0.462	0.393	0.110	0.107	0.105	0.101	0.109	0.101	0.107	0.105	0.107	0.104	0.108	0.104	0.906	1.323	1.146	1.174	1.090	1.174	1.073	1.018	0.948	0.988	0.408	0.459
9:01:08	37.1	0.848	0.787	0.980	0.852	1.078	1.083	0.992	1.124	1.276	0.924	0.315	0.278	0.106	0.107	0.110	0.111	0.120	0.110	0.109	0.115	0.113	0.107	0.113	0.107	0.804	0.915	0.869	0.859	0.904	0.897	0.981	1.048	1.211	1.271	0.489	0.350	1.472	0.769	0.631	0.784	0.937	0.851	1.153	1.002	0.997	0.984	0.935	1.050	0.113	0.102	0.112	0.119	0.106	0.106	0.106	0.110	0.119	0.111	0.103	0.105	0.933	1.128	1.140	1.140	1.188	1.150	1.112	1.114	1.006	0.948	0.464	0.388	0.109	0.107	0.105	0.102	0.109	0.101	0.109	0.105	0.111	0.103	0.108	0.104	0.919	1.334	1.171	1.183	1.102	1.182	1.079	1.024	0.954	0.989	0.412	0.462
10:01:08	37.1	0.842	0.804	0.999	0.862	1.103	1.088	1.002	1.129	1.276	0.919	0.314	0.276	0.107	0.107	0.110	0.111	0.120	0.110	0.109	0.115	0.113	0.107	0.113	0.107	0.821	0.929	0.875	0.859	0.904	0.896	0.975	1.045	1.209	1.268	0.491	0.349	1.495	0.788	0.633	0.793	0.940	0.850	1.153	1.009	0.990	0.978	0.936	1.046	0.113	0.102	0.112	0.137	0.106	0.106	0.107	0.110	0.119	0.111	0.104	0.105	0.932	1.124	1.142	1.147	1.186	1.155	1.117	1.120	1.008	0.954	0.466	0.385	0.111	0.107	0.105	0.102	0.109	0.101	0.106	0.105	0.110	0.103	0.108	0.104	0.936	1.341	1.180	1.194	1.108	1.190	1.088	1.029	0.958	0.991	0.414	0.467
11:01:09	37.1	0.836	0.824	1.012	0.875	1.129	1.105	1.007	1.132	1.275	0.916	0.313	0.275	0.106	0.107	0.109	0.111	0.120	0.110	0.109	0.115	0.113	0.107	0.113	0.107	0.832	0.941	0.878	0.864	0.905	0.897	0.977	1.043	1.207	1.266	0.493	0.348	1.510	0.815	0.631	0.793	0.943	0.852	1.165	1.009	0.987	0.983	0.940	1.044	0.113	0.103	0.112	0.111	0.106	0.106	0.106	0.110	0.119	0.111	0.103	0.105	0.936	1.131	1.151	1.147	1.195	1.161	1.123	1.117	1.011	0.958	0.475	0.384	0.110	0.106	0.106	0.101	0.108	0.101	0.108	0.106	0.107	0.103	0.109	0.104	0.955	1.352	1.195	1.198	1.113	1.199	1.093	1.036	0.959	0.992	0.415	0.469
12:01:10	37.0	0.826	0.843	1.018	0.885	1.156	1.116	1.014	1.138	1.275	0.912	0.311	0.273	0.106	0.107	0.109	0.111	0.120	0.110	0.109	0.115	0.113	0.107	0.113	0.107	0.853	0.958	0.884	0.866	0.903	0.893	0.980	1.044	1.205	1.265	0.495	0.345	1.521	0.841	0.629	0.797	0.956	0.852	1.169	1.012	0.984	0.976	0.944	1.040	0.113	0.102	0.112	0.110	0.106	0.106	0.106	0.110	0.118	0.111	0.103	0.105	0.938	1.139	1.158	1.153	1.197	1.162	1.129	1.120	1.016	0.964	0.478	0.384	0.109	0.106	0.105	0.101	0.108	0.102	0.108	0.105	0.107	0.103	0.108	0.104	0.973	1.359	1.206	1.208	1.122	1.205	1.100	1.041	0.964	0.994	0.415	0.475
13:01:10	37.0	0.812	0.865	1.041	0.902	1.177	1.122	1.022	1.136	1.274	0.913	0.310	0.270	0.106	0.107	0.109	0.111	0.120	0.110	0.109	0.115	0.113	0.107	0.113	0.107	0.879	0.977	0.893	0.868	0.901	0.890	0.979	1.043	1.204	1.265	0.497	0.344	1.533	0.870	0.628	0.795	0.957	0.851	1.173	1.014	0.989	0.976	0.953	1.037	0.113	0.102	0.112	0.109	0.106	0.106	0.106	0.110	0.119	0.111	0.103	0.105	0.943	1.133	1.155	1.156	1.202	1.165	1.135	1.123	1.021	0.966	0.478	0.382	0.110	0.107	0.105	0.102	0.108	0.101	0.107	0.105	0.110	0.104	0.108	0.104	0.999	1.366	1.221	1.220	1.131	1.213	1.107	1.046	0.968	0.996	0.416	0.478
14:01:10	37.0	0.811	0.893	1.068	0.920	1.196	1.135	1.028	1.135	1.273	0.905	0.310	0.269	0.107	0.107	0.110	0.112	0.120	0.110	0.109	0.115	0.114	0.107	0.113	0.107	0.904	0.999	0.901	0.869	0.902	0.892	0.979	1.041	1.201	1.264	0.501	0.342	1.544	0.910	0.627	0.804	0.956	0.849	1.182	1.025	0.986	0.978	0.957	1.036	0.113	0.102	0.112	0.111	0.106	0.106	0.107	0.110	0.119	0.111	0.104	0.105	0.947	1.121	1.156	1.154	1.208	1.168	1.140	1.132	1.019	0.972	0.479	0.382	0.110	0.106	0.106	0.101	0.109	0.101	0.106	0.105	0.107	0.103	0.107	0.104	1.028	1.376	1.230	1.229	1.138	1.219	1.112	1.052	0.970	0.999	0.416	0.483
15:01:10	37.1	0.818	0.917	1.088	0.933	1.219	1.142	1.037	1.135	1.273	0.904	0.309	0.267	0.106	0.107	0.109	0.111	0.120	0.109	0.109	0.115	0.113	0.107	0.113	0.107	0.927	1.017	0.910	0.870	0.907	0.894	0.976	1.039	1.200	1.264	0.505	0.341	1.553	0.957	0.626	0.806	0.973	0.852	1.188	1.020	0.985	0.973	0.965	1.034	0.113	0.102	0.111	0.110	0.106	0.106	0.106	0.110	0.119	0.111	0.103	0.105	0.944	1.120	1.161	1.161	1.210	1.171	1.146	1.137	1.024	0.972	0.481	0.379	0.111	0.105	0.106	0.102	0.107	0.102	0.105	0.105	0.108	0.103	0.107	0.103	1.057	1.381	1.240	1.237	1.143	1.223	1.117	1.057	0.974	1.000	0.416	0.488
16:01:11	37.1	0.796	0.942	1.110	0.958	1.241	1.149	1.044	1.151	1.272	0.899	0.308	0.265	0.106	0.107	0.109	0.111	0.120	0.110	0.109	0.115	0.113	0.107	0.113	0.107	0.950	1.035	0.927	0.879	0.908	0.897	0.986	1.044	1.200	1.263	0.510	0.339	1.556	1.016	0.625	0.809	0.985	0.851	1.194	1.024	0.986	0.973	0.970	1.035	0.113	0.102	0.112	0.172	0.106	0.106	0.107	0.110	0.118	0.111	0.103	0.105	0.958	1.112	1.163	1.162	1.214	1.176	1.148	1.140	1.023	0.972	0.485	0.378	0.112	0.104	0.106	0.100	0.108	0.103	0.107	0.105	0.108	0.103	0.108	0.104	1.081	1.389	1.253	1.245	1.148	1.228	1.119	1.062	0.979	1.003	0.416	0.493
17:01:11	37.1	0.791	0.966	1.137	0.974	1.263	1.158	1.049	1.154	1.270	0.901	0.308	0.264	0.106	0.107	0.109	0.111	0.120	0.109	0.109	0.115	0.113	0.107	0.113	0.107	0.975	1.052	0.937	0.887	0.905	0.898	0.985	1.041	1.199	1.262	0.517	0.339	1.564	1.073	0.626	0.819	0.993	0.856	1.203	1.032	0.987	0.975	0.972	1.036	0.113	0.102	0.112	0.109	0.106	0.106	0.107	0.110	0.119	0.111	0.103	0.105	0.968	1.137	1.172	1.164	1.216	1.181	1.161	1.143	1.022	0.981	0.502	0.378	0.112	0.106	0.106	0.101	0.107	0.103	0.106	0.105	0.108	0.104	0.107	0.103	1.109	1.395	1.265	1.254	1.156	1.236	1.122	1.068	0.981	1.005	0.417	0.498
18:01:11	37.1	0.784	0.995	1.159	0.988	1.287	1.168	1.056	1.158	1.270	0.897	0.307	0.263	0.106	0.106	0.109	0.111	0.120	0.109	0.109	0.115	0.113	0.107	0.113	0.107	1.006	1.078	0.948	0.897	0.906	0.898	0.982	1.037	1.198	1.260	0.522	0.337	1.573	1.144	0.629	0.824	1.008	0.861	1.212	1.039	0.988	0.974	0.983	1.041	0.113	0.102	0.111	0.109	0.106	0.106	0.106	0.110	0.118	0.111	0.103	0.105	0.978	1.139	1.171	1.169	1.218	1.188	1.164	1.148	1.024	0.988	0.499	0.377	0.112	0.106	0.105	0.101	0.108	0.103	0.107	0.105	0.107	0.104	0.108	0.104	1.138	1.401	1.270	1.262	1.161	1.242	1.128	1.072	0.984	1.006	0.417	0.503
19:01:12	37.1	0.786	1.029	1.177	1.016	1.319	1.182	1.063	1.166	1.270	0.892	0.307	0.260	0.106	0.106	0.109	0.111	0.120	0.109	0.109	0.115	0.114	0.107	0.113	0.107	1.037	1.104	0.967	0.910	0.912	0.898	0.980	1.040	1.194	1.258	0.528	0.337	1.579	1.230	0.638	0.842	1.035	0.862	1.222	1.048	0.990	0.976	0.986	1.054	0.113	0.103	0.112	0.109	0.106	0.106	0.106	0.110	0.119	0.111	0.103	0.105	0.988	1.126	1.181	1.171	1.219	1.191	1.170	1.153	1.026	0.988	0.503	0.379	0.113	0.106	0.105	0.101	0.108	0.102	0.106	0.105	0.107	0.104	0.107	0.103	1.163	1.407	1.282	1.268	1.165	1.246	1.131	1.077	0.987	1.008	0.417	0.509
20:01:12	37.1	0.771	1.063	1.193	1.041	1.349	1.193	1.068	1.168	1.269	0.891	0.307	0.261	0.106	0.106	0.109	0.111	0.120	0.109	0.109	0.115	0.113	0.107	0.113	0.107	1.065	1.135	0.987	0.924	0.909	0.894	0.981	1.042	1.190	1.256	0.536	0.335	1.581	1.296	0.647	0.863	1.056	0.866	1.232	1.055	0.994	0.977	0.994	1.069	0.113	0.102	0.111	0.109	0.106	0.105	0.106	0.110	0.118	0.111	0.103	0.105	1.002	1.134	1.180	1.181	1.216	1.193	1.175	1.156	1.028	0.992	0.508	0.377	0.114	0.108	0.105	0.102	0.109	0.103	0.107	0.106	0.109	0.104	0.107	0.103	1.194	1.418	1.290	1.274	1.173	1.253	1.135	1.081	0.993	1.008	0.418	0.515
21:01:12	37.1	0.782	1.105	1.205	1.066	1.375	1.198	1.072	1.175	1.270	0.886	0.306	0.260	0.106	0.106	0.109	0.111	0.120	0.109	0.109	0.115	0.113	0.107	0.113	0.107	1.092	1.167	1.005	0.955	0.916	0.900	0.995	1.039	1.192	1.261	0.544	0.335	1.587	1.361	0.658	0.909	1.088	0.887	1.249	1.065	0.998	0.981	1.006	1.085	0.113	0.102	0.111	0.143	0.106	0.106	0.106	0.110	0.118	0.111	0.103	0.105	1.030	1.147	1.179	1.190	1.219	1.198	1.179	1.161	1.030	0.996	0.518	0.378	0.114	0.108	0.105	0.101	0.109	0.102	0.106	0.104	0.108	0.104	0.108	0.103	1.222	1.423	1.296	1.281	1.177	1.258	1.136	1.088	0.995	1.010	0.419	0.522
22:01:13	37.1	0.798	1.150	1.223	1.102	1.401	1.210	1.071	1.177	1.269	0.886	0.305	0.260	0.106	0.106	0.110	0.111	0.120	0.109	0.109	0.115	0.113	0.107	0.113	0.107	1.113	1.199	1.038	0.976	0.925	0.906	0.993	1.038	1.192	1.260	0.550	0.336	1.594	1.413	0.666	0.949	1.124	0.912	1.262	1.077	1.003	0.987	1.006	1.094	0.113	0.102	0.111	0.109	0.106	0.106	0.106	0.110	0.118	0.111	0.103	0.105	1.053	1.149	1.185	1.197	1.222	1.199	1.182	1.167	1.033	1.000	0.534	0.383	0.114	0.107	0.105	0.101	0.109	0.102	0.107	0.106	0.107	0.104	0.107	0.103	1.248	1.426	1.310	1.286	1.183	1.264	1.140	1.093	0.998	1.013	0.419	0.527
23:01:13	37.1	0.817	1.183	1.242	1.133	1.425	1.219	1.080	1.188	1.269	0.882	0.305	0.260	0.106	0.106	0.109	0.111	0.120	0.109	0.109	0.115	0.113	0.107	0.113	0.107	1.135	1.229	1.056	0.991	0.930	0.905	0.994	1.038	1.192	1.258	0.558	0.336	1.600	1.450	0.685	0.982	1.154	0.923	1.279	1.085	1.007	0.992	1.007	1.115	0.113	0.102	0.111	0.109	0.106	0.106	0.106	0.110	0.118	0.111	0.103	0.105	1.079	1.183	1.189	1.199	1.224	1.198	1.184	1.172	1.035	1.012	0.545	0.391	0.115	0.108	0.106	0.101	0.108	0.102	0.105	0.104	0.117	0.104	0.107	0.104	1.276	1.433	1.316	1.291	1.187	1.268	1.146	1.097	1.001	1.012	0.420	0.536
24:01:13	37.0	0.811	1.207	1.253	1.151	1.436	1.223	1.082	1.187	1.268	0.879	0.304	0.260	0.106	0.106	0.109	0.111	0.120	0.109	0.109	0.115	0.113	0.107	0.113	0.107	1.157	1.258	1.082	1.010	0.939	0.907	1.000	1.042	1.190	1.259	0.566	0.336	1.611	1.487	0.712	1.029	1.188	0.948	1.291	1.099	1.012	0.995	1.017	1.130	0.113	0.102	0.111	0.109	0.106	0.106	0.106	0.110	0.118	0.111	0.103	0.105	1.101	1.215	1.191	1.196	1.223	1.204	1.188	1.175	1.038	1.011	0.556	0.404	0.114	0.108	0.105	0.100	0.108	0.103	0.107	0.103	0.108	0.105	0.107	0.103	1.302	1.441	1.324	1.296	1.197	1.272	1.151	1.104	1.003	1.014	0.420	0.545
25:01:13	37.1	0.875	1.246	1.280	1.177	1.451	1.232	1.081	1.201	1.269	0.875	0.304	0.258	0.106	0.106	0.109	0.111	0.119	0.109	0.109	0.115	0.113	0.107	0.112	0.107	1.172	1.290	1.109	1.041	0.955	0.911	1.004	1.043	1.190	1.262	0.575	0.335	1.620	1.513	0.743	1.077	1.233	0.985	1.310	1.117	1.018	1.004	1.017	1.146	0.113	0.102	0.111	0.109	0.106	0.106	0.106	0.110	0.118	0.111	0.103	0.105	1.136	1.233	1.198	1.202	1.225	1.205	1.193	1.177	1.040	1.018	0.568	0.418	0.114	0.108	0.106	0.101	0.108	0.102	0.106	0.104	0.107	0.103	0.107	0.103	1.325	1.449	1.329	1.301	1.208	1.279	1.156	1.111	1.007	1.014	0.420	0.551
0:00:00																																																																																																	
0:00:00																																																																																																	
0:00:00																																																																																																	
0:00:00																																																																																																	
0:00:00																																																																																																	
0:00:00																																																																																																	
0:00:00																																																																																																	
0:00:00																																																																																																	
0:00:00																																																																																																	
0:00:00																																																																																																	
0:00:00																																																																																																	
0:00:00																																																																																																	
0:00:00																																																																																																	
0:00:00																																																																																																	
0:00:00																																																																																																	
0:00:00																																																																																																	
0:00:00																																																																																																	
0:00:00																																																																																																	
0:00:00																																																																																																	
0:00:00																																																																																																	
0:00:00																																																																																																	
0:00:00																																																																																																	
0:00:00																																																																																																	

Results
	1	2	3	4	5	6	7	8	9	10	11	12
A	0.331	0.658	0.389	0.489	0.474	0.256	0.184	0.115	-0.027	-0.068	-0.037	-0.079	Max V [578]
	0.793	0.997	0.997	0.994	0.998	1.000	0.977	0.913	0.466	0.995	0.993	0.722	R-Squared [578]
	23:01:13	21:01:13	15:01:11	21:01:13	19:01:12	3:01:05	5:01:06	17:01:11	2:01:06	9:01:08	2:01:06	2:01:06	t at Max V [578]
	?????	10:51:17	3:56:31	10:12:38	3:28:28	0:55:12	2:28:09	10:33:42	?????	5:13:49	?????	?????	Lagtime [578]
B	-0.001	-0.002	-0.001	-0.001	0.001	-0.002	0.001	-0.002	-0.001	-0.001	0.001	-0.003	Max V [578]
	0.696	0.750	0.893	0.817	0.593	0.840	0.800	0.893	0.521	0.880	0.893	0.675	R-Squared [578]
	2:01:06	13:01:10	19:01:12	18:01:12	3:01:05	10:01:09	22:01:13	5:01:06	16:01:11	2:01:06	22:01:13	2:01:06	t at Max V [578]
	?????	15:11:10	21:25:12	19:26:55	3:16:05	6:49:07	23:16:13	7:37:08	14:25:10	0:14:24	23:37:13	?????	Lagtime [578]
C	0.487	0.523	0.419	0.357	0.153	-0.139	-0.109	0.074	-0.051	-0.043	0.129	-0.082	Max V [578]
	0.999	1.000	0.995	0.986	0.963	0.631	0.540	0.911	0.388	0.985	0.996	0.952	R-Squared [578]
	19:01:12	21:01:13	23:01:13	21:01:13	23:01:13	2:01:06	2:01:06	4:01:06	2:01:06	9:01:08	23:01:13	2:01:06	t at Max V [578]
	10:23:21	12:02:01	16:05:28	18:10:48	23:36:57	?????	?????	5:50:39	?????	4:33:03	11:28:30	0:06:10	Lagtime [578]
D	0.907	1.213	0.359	0.695	0.589	0.387	0.255	0.211	0.082	0.090	0.189	0.262	Max V [578]
	0.999	0.997	0.955	0.995	0.995	0.967	0.995	0.984	0.995	0.970	0.946	0.988	R-Squared [578]
	3:01:05	19:01:12	23:01:13	23:01:13	23:01:13	23:01:13	23:01:13	23:01:13	23:01:13	23:01:13	3:01:05	23:01:13	t at Max V [578]
	0:36:21	12:26:21	20:49:14	17:57:46	16:29:44	18:57:44	10:50:26	13:48:23	20:16:58	24:45:13	1:17:41	22:27:22	Lagtime [578]
E	-0.002	0.001	-0.001	-0.208	-0.001	-0.001	-0.001	-0.001	-0.001	-0.001	-0.001	0.002	Max V [578]
	0.579	0.781	0.533	0.502	0.750	0.941	0.942	0.781	0.481	0.500	0.721	0.646	R-Squared [578]
	2:01:06	17:01:11	16:01:11	18:01:12	16:01:11	2:01:06	7:01:07	16:01:11	10:01:09	19:01:12	2:01:06	2:01:06	t at Max V [578]
	?????	11:49:09	9:26:51	17:38:17	15:41:10	0:31:04	6:26:50	13:13:10	7:13:07	14:41:10	?????	?????	Lagtime [578]
F	0.434	0.394	0.207	0.153	0.241	0.156	0.178	0.150	0.129	0.139	0.206	0.169	Max V [578]
	0.994	0.951	0.978	0.947	0.953	0.914	0.947	0.971	0.904	0.876	0.994	0.960	R-Squared [578]
	23:01:13	23:01:13	3:01:05	3:01:05	3:01:05	2:01:06	2:01:06	2:01:06	2:01:06	3:01:05	22:01:13	23:01:13	t at Max V [578]
	17:13:50	18:11:02	1:16:03	1:08:23	1:07:07	0:17:03	0:23:29	0:06:41	0:39:44	1:01:30	15:52:02	?????	Lagtime [578]
G	-0.018	0.011	-0.005	-0.006	-0.009	0.008	-0.012	0.016	0.032	0.009	-0.005	-0.004	Max V [578]
	0.936	0.836	0.671	0.883	0.821	0.793	0.884	0.841	0.445	0.534	0.696	0.837	R-Squared [578]
	2:01:06	18:01:12	4:01:06	22:01:13	9:01:08	3:01:05	13:01:10	2:01:06	21:01:13	4:01:06	13:01:10	13:01:10	t at Max V [578]
	0:27:59	19:22:22	5:01:06	23:21:13	10:26:51	2:39:02	14:05:10	0:16:23	20:13:50	8:13:59	11:05:02	10:01:09	Lagtime [578]
H	0.471	0.220	0.277	0.193	0.183	0.189	0.118	0.125	0.157	0.081	0.033	0.127	Max V [578]
	0.999	0.999	0.998	0.998	0.995	0.999	0.983	0.982	0.998	0.995	0.897	0.991	R-Squared [578]
	19:01:12	4:01:06	5:01:06	4:01:06	5:01:06	3:01:05	4:01:06	7:01:07	3:01:05	2:01:06	9:01:08	23:01:13	t at Max V [578]
	6:16:52	1:48:04	1:16:46	0:27:53	2:26:16	0:04:07	0:36:56	0:16:55	0:33:38	?????	12:09:54	10:21:48	Lagtime [578]



Software Version	3.12.08



Experiment File Path:	C:\Users\Sarela\Documents\Rita Pires\Exp44_RP_2plates_part3_02072024_Exp45_RP_2plates_part2_03072024.xpt
Protocol File Path:	C:\Users\Public\Documents\Protocols\New_96well_578_24H.prt



Plate Number	Plate 2
Date	7/4/2024
Time	9:50:11 AM
Reader Type:	Epoch 2
Reader Serial Number:	2202232E
Reading Type	Reader

Procedure Details

Plate Type	96 WELL PLATE
Discontinuous Kinetics	Runtime 2:00:00 (D:HH:MM), Interval 0:01:00, 49 Reads
Eject plate on completion	
Set Temperature	Setpoint 37°C, Gradient 0 °C
Shake	Double Orbital: 0:01:01 (HH:MM:SS)
	Frequency: 282 cpm (3 mm)
Read	Absorbance Endpoint
	Full Plate
	Wavelengths:  578
	Read Speed: Normal,  Delay: 100 msec,  Measurements/Data Point: 8

578

Time	T° 578	A1	A2	A3	A4	A5	A6	A7	A8	A9	A10	A11	A12	B1	B2	B3	B4	B5	B6	B7	B8	B9	B10	B11	B12	C1	C2	C3	C4	C5	C6	C7	C8	C9	C10	C11	C12	D1	D2	D3	D4	D5	D6	D7	D8	D9	D10	D11	D12	E1	E2	E3	E4	E5	E6	E7	E8	E9	E10	E11	E12	F1	F2	F3	F4	F5	F6	F7	F8	F9	F10	F11	F12	G1	G2	G3	G4	G5	G6	G7	G8	G9	G10	G11	G12	H1	H2	H3	H4	H5	H6	H7	H8	H9	H10	H11	H12
0:01:05	36.7	0.894	0.731	0.744	0.859	0.769	0.828	0.896	1.129	1.044	1.020	0.324	0.302	0.103	0.111	0.107	0.104	0.108	0.111	0.106	0.103	0.107	0.104	0.105	0.102	0.770	0.921	0.955	0.925	0.965	0.976	0.947	1.086	1.160	1.240	0.458	0.352	1.180	0.781	0.768	0.678	0.675	0.981	0.977	1.022	0.973	1.105	0.821	1.041	0.102	0.103	0.111	0.104	0.114	0.113	0.101	0.104	0.102	0.106	0.114	0.109	0.902	1.143	1.102	1.136	1.115	1.115	1.082	1.123	1.020	1.039	0.457	0.409	0.101	0.101	0.105	0.105	0.103	0.117	0.106	0.102	0.108	0.103	0.102	0.110	0.579	1.005	1.326	1.169	0.983	1.079	1.041	1.149	1.020	0.967	0.449	0.417
1:01:03	37.0	0.875	0.729	0.753	0.848	0.774	0.836	0.907	1.133	1.048	1.022	0.323	0.295	0.103	0.111	0.107	0.104	0.108	0.112	0.106	0.103	0.107	0.104	0.105	0.102	0.770	0.910	0.941	0.914	0.953	0.965	0.947	1.082	1.161	1.233	0.467	0.351	1.220	0.773	0.766	0.682	0.674	0.982	0.992	1.038	0.995	1.115	0.814	1.024	0.102	0.103	0.111	0.104	0.114	0.113	0.101	0.104	0.102	0.106	0.114	0.109	0.887	1.146	1.113	1.150	1.145	1.156	1.128	1.143	1.048	1.060	0.457	0.409	0.101	0.101	0.106	0.105	0.103	0.117	0.106	0.103	0.108	0.103	0.102	0.110	0.579	1.006	1.322	1.182	0.987	1.096	1.052	1.150	1.024	0.975	0.444	0.419
2:01:04	37.0	0.890	0.730	0.769	0.850	0.780	0.849	0.913	1.139	1.046	1.020	0.320	0.289	0.103	0.111	0.107	0.104	0.109	0.112	0.106	0.103	0.107	0.104	0.105	0.102	0.767	0.903	0.929	0.904	0.944	0.960	0.944	1.081	1.161	1.232	0.473	0.343	1.286	0.776	0.765	0.681	0.675	0.982	1.008	1.046	1.010	1.119	0.819	1.025	0.102	0.103	0.111	0.104	0.114	0.113	0.101	0.104	0.102	0.106	0.114	0.109	0.896	1.160	1.124	1.159	1.147	1.167	1.145	1.157	1.065	1.073	0.457	0.407	0.101	0.101	0.106	0.105	0.103	0.117	0.107	0.103	0.108	0.103	0.102	0.110	0.599	1.018	1.332	1.195	0.994	1.109	1.053	1.156	1.031	0.980	0.441	0.421
3:01:05	37.0	0.886	0.737	0.791	0.864	0.793	0.864	0.922	1.143	1.041	1.018	0.317	0.286	0.102	0.112	0.107	0.104	0.108	0.112	0.106	0.103	0.107	0.104	0.105	0.102	0.767	0.906	0.934	0.904	0.944	0.963	0.950	1.086	1.161	1.231	0.480	0.334	1.356	0.782	0.768	0.682	0.674	1.003	1.019	1.056	1.014	1.122	0.827	1.019	0.102	0.103	0.110	0.104	0.114	0.112	0.101	0.104	0.102	0.106	0.114	0.109	0.917	1.176	1.149	1.171	1.154	1.173	1.146	1.165	1.075	1.081	0.456	0.406	0.101	0.101	0.106	0.105	0.103	0.116	0.106	0.103	0.108	0.103	0.102	0.110	0.639	1.035	1.346	1.214	1.006	1.123	1.074	1.162	1.038	0.991	0.438	0.423
4:01:05	37.0	0.893	0.745	0.814	0.876	0.810	0.880	0.930	1.147	1.040	1.015	0.314	0.282	0.102	0.111	0.107	0.104	0.108	0.112	0.106	0.103	0.107	0.104	0.105	0.102	0.771	0.929	0.947	0.909	0.949	0.970	0.953	1.090	1.160	1.231	0.486	0.329	1.407	0.786	0.767	0.680	0.672	1.030	1.034	1.062	1.018	1.126	0.830	1.014	0.102	0.103	0.110	0.104	0.114	0.112	0.101	0.104	0.102	0.106	0.113	0.109	0.938	1.188	1.154	1.178	1.163	1.183	1.158	1.170	1.086	1.091	0.456	0.406	0.101	0.101	0.106	0.105	0.103	0.116	0.106	0.103	0.108	0.103	0.102	0.110	0.689	1.052	1.355	1.228	1.021	1.140	1.091	1.163	1.045	0.998	0.439	0.427
5:01:05	37.1	0.905	0.787	0.843	0.896	0.844	0.896	0.944	1.156	1.044	1.018	0.314	0.281	0.103	0.112	0.107	0.104	0.109	0.112	0.106	0.103	0.107	0.104	0.105	0.102	0.793	0.985	0.987	0.937	0.972	0.990	0.965	1.101	1.159	1.229	0.496	0.326	1.443	0.792	0.764	0.681	0.672	1.044	1.046	1.074	1.019	1.127	0.839	1.009	0.102	0.103	0.110	0.104	0.114	0.112	0.101	0.104	0.102	0.106	0.113	0.109	0.955	1.200	1.167	1.187	1.172	1.186	1.154	1.177	1.083	1.097	0.457	0.405	0.101	0.101	0.106	0.105	0.103	0.116	0.106	0.103	0.108	0.103	0.102	0.110	0.742	1.069	1.365	1.242	1.044	1.169	1.114	1.174	1.052	1.004	0.436	0.428
6:01:06	37.1	0.893	0.784	0.861	0.902	0.844	0.903	0.954	1.166	1.040	1.015	0.309	0.278	0.103	0.111	0.107	0.104	0.109	0.112	0.106	0.103	0.107	0.104	0.105	0.102	0.801	0.982	0.979	0.930	0.967	0.988	0.967	1.100	1.159	1.228	0.506	0.322	1.474	0.801	0.759	0.675	0.671	1.067	1.063	1.077	1.022	1.130	0.845	1.005	0.102	0.103	0.110	0.104	0.114	0.112	0.101	0.104	0.102	0.106	0.113	0.109	0.960	1.206	1.169	1.193	1.196	1.197	1.167	1.186	1.100	1.107	0.457	0.407	0.101	0.101	0.106	0.105	0.103	0.116	0.106	0.103	0.108	0.103	0.102	0.110	0.779	1.082	1.377	1.258	1.050	1.190	1.129	1.174	1.061	1.010	0.436	0.430
7:01:07	37.1	0.894	0.829	0.906	0.926	0.894	0.925	0.961	1.176	1.043	1.017	0.310	0.277	0.102	0.112	0.107	0.104	0.108	0.112	0.105	0.103	0.107	0.104	0.105	0.102	0.824	1.041	1.012	0.954	0.988	1.007	0.976	1.112	1.158	1.227	0.519	0.320	1.497	0.816	0.758	0.672	0.672	1.097	1.080	1.087	1.031	1.132	0.855	0.998	0.102	0.103	0.110	0.104	0.114	0.112	0.101	0.104	0.102	0.106	0.113	0.109	0.965	1.212	1.181	1.207	1.192	1.206	1.167	1.189	1.103	1.112	0.459	0.410	0.101	0.101	0.106	0.105	0.103	0.116	0.106	0.103	0.108	0.103	0.102	0.110	0.830	1.095	1.387	1.266	1.073	1.204	1.134	1.175	1.055	1.007	0.435	0.432
8:01:07	37.1	0.884	0.846	0.917	0.935	0.909	0.939	0.973	1.187	1.037	1.014	0.307	0.274	0.102	0.111	0.107	0.104	0.108	0.112	0.106	0.103	0.107	0.104	0.105	0.102	0.846	1.049	1.019	0.957	0.991	1.010	0.978	1.114	1.156	1.224	0.524	0.317	1.516	0.833	0.758	0.671	0.673	1.122	1.102	1.098	1.032	1.125	0.860	0.992	0.102	0.103	0.110	0.104	0.114	0.112	0.101	0.104	0.102	0.106	0.113	0.109	0.971	1.216	1.190	1.212	1.205	1.213	1.174	1.198	1.110	1.124	0.460	0.416	0.101	0.101	0.106	0.105	0.103	0.116	0.106	0.103	0.108	0.103	0.102	0.110	0.869	1.110	1.400	1.272	1.087	1.216	1.149	1.183	1.063	1.010	0.434	0.433
9:01:08	37.1	0.871	0.830	0.917	0.943	0.909	0.947	0.973	1.189	1.033	1.010	0.306	0.271	0.102	0.112	0.107	0.104	0.108	0.112	0.105	0.103	0.107	0.104	0.105	0.102	0.861	1.053	1.015	0.949	0.987	1.003	0.980	1.115	1.153	1.222	0.529	0.315	1.530	0.858	0.758	0.672	0.678	1.145	1.128	1.104	1.036	1.124	0.866	0.987	0.102	0.103	0.110	0.104	0.114	0.112	0.101	0.104	0.102	0.106	0.113	0.109	0.975	1.231	1.196	1.236	1.206	1.218	1.185	1.205	1.121	1.141	0.461	0.424	0.101	0.101	0.106	0.105	0.103	0.116	0.106	0.102	0.108	0.103	0.102	0.110	0.910	1.123	1.413	1.285	1.100	1.224	1.154	1.191	1.072	1.019	0.435	0.437
10:01:08	37.1	0.865	0.836	0.936	0.945	0.918	0.955	0.984	1.196	1.030	1.007	0.304	0.268	0.102	0.112	0.107	0.104	0.108	0.112	0.106	0.103	0.107	0.104	0.105	0.102	0.883	1.070	1.025	0.955	0.988	1.007	0.982	1.117	1.150	1.220	0.538	0.315	1.542	0.890	0.758	0.672	0.682	1.174	1.150	1.109	1.039	1.122	0.869	0.982	0.102	0.103	0.110	0.104	0.114	0.112	0.101	0.104	0.102	0.106	0.113	0.109	0.980	1.240	1.198	1.240	1.218	1.226	1.188	1.210	1.131	1.152	0.462	0.435	0.101	0.101	0.106	0.105	0.103	0.116	0.106	0.102	0.108	0.103	0.102	0.110	0.946	1.135	1.416	1.292	1.100	1.233	1.163	1.191	1.075	1.017	0.436	0.441
11:01:09	37.1	0.858	0.843	0.950	0.952	0.927	0.963	0.991	1.194	1.026	1.004	0.301	0.266	0.102	0.112	0.107	0.104	0.108	0.112	0.106	0.103	0.107	0.104	0.105	0.102	0.902	1.091	1.041	0.962	0.993	1.012	0.983	1.120	1.148	1.216	0.547	0.313	1.551	0.929	0.757	0.673	0.682	1.209	1.174	1.115	1.044	1.121	0.874	0.978	0.102	0.103	0.110	0.104	0.114	0.112	0.101	0.104	0.102	0.106	0.113	0.109	0.990	1.249	1.204	1.240	1.224	1.232	1.189	1.219	1.143	1.159	0.464	0.448	0.101	0.101	0.106	0.105	0.103	0.116	0.106	0.103	0.108	0.103	0.102	0.110	0.985	1.145	1.424	1.303	1.113	1.246	1.171	1.194	1.079	1.022	0.433	0.444
12:01:09	37.1	0.842	0.853	0.967	0.964	0.939	0.974	0.996	1.206	1.025	1.002	0.301	0.264	0.103	0.111	0.107	0.104	0.108	0.112	0.106	0.103	0.107	0.104	0.105	0.102	0.929	1.110	1.057	0.970	1.003	1.026	0.987	1.125	1.145	1.215	0.554	0.311	1.561	0.963	0.756	0.672	0.685	1.250	1.198	1.123	1.044	1.122	0.878	0.975	0.102	0.103	0.110	0.104	0.114	0.112	0.101	0.104	0.102	0.106	0.113	0.109	1.002	1.255	1.222	1.251	1.230	1.234	1.192	1.222	1.155	1.170	0.467	0.462	0.101	0.101	0.106	0.105	0.103	0.116	0.106	0.102	0.108	0.103	0.102	0.110	1.027	1.153	1.432	1.313	1.121	1.259	1.180	1.195	1.082	1.023	0.434	0.446
13:01:09	37.0	0.847	0.865	0.985	0.970	0.953	0.981	1.003	1.210	1.022	0.999	0.298	0.262	0.103	0.112	0.107	0.104	0.108	0.112	0.106	0.103	0.107	0.104	0.105	0.102	0.959	1.133	1.078	0.980	1.009	1.034	0.990	1.131	1.145	1.212	0.558	0.309	1.570	1.002	0.756	0.670	0.693	1.278	1.225	1.131	1.050	1.123	0.887	0.972	0.102	0.103	0.110	0.104	0.114	0.111	0.101	0.104	0.102	0.106	0.112	0.109	1.011	1.263	1.238	1.262	1.241	1.242	1.198	1.228	1.164	1.183	0.468	0.478	0.101	0.101	0.106	0.105	0.103	0.116	0.106	0.102	0.108	0.103	0.102	0.110	1.064	1.171	1.436	1.321	1.131	1.268	1.187	1.199	1.084	1.023	0.434	0.449
14:01:09	37.0	0.835	0.875	1.001	0.978	0.975	0.992	1.010	1.217	1.019	0.996	0.298	0.259	0.103	0.111	0.107	0.104	0.108	0.112	0.105	0.103	0.107	0.104	0.105	0.102	0.985	1.158	1.097	0.990	1.023	1.048	0.995	1.140	1.143	1.210	0.562	0.308	1.579	1.053	0.761	0.668	0.700	1.312	1.252	1.141	1.051	1.119	0.896	0.971	0.102	0.103	0.110	0.104	0.114	0.112	0.101	0.104	0.102	0.106	0.112	0.109	1.016	1.270	1.240	1.271	1.244	1.245	1.204	1.234	1.172	1.194	0.471	0.495	0.101	0.101	0.105	0.105	0.103	0.116	0.106	0.102	0.108	0.103	0.102	0.110	1.104	1.188	1.441	1.328	1.144	1.279	1.199	1.203	1.089	1.029	0.435	0.451
15:01:10	37.0	0.842	0.890	1.025	0.987	0.994	1.005	1.019	1.223	1.018	0.993	0.295	0.258	0.102	0.112	0.107	0.104	0.108	0.112	0.106	0.103	0.107	0.104	0.105	0.102	1.010	1.182	1.112	1.001	1.032	1.061	1.000	1.149	1.139	1.207	0.562	0.307	1.585	1.105	0.759	0.666	0.703	1.346	1.280	1.153	1.057	1.119	0.905	0.975	0.102	0.103	0.110	0.104	0.114	0.111	0.101	0.104	0.102	0.106	0.112	0.109	1.027	1.273	1.248	1.277	1.242	1.256	1.208	1.238	1.183	1.208	0.474	0.513	0.101	0.101	0.106	0.105	0.103	0.116	0.106	0.102	0.108	0.103	0.102	0.110	1.151	1.207	1.447	1.336	1.157	1.292	1.206	1.207	1.093	1.032	0.434	0.453
16:01:10	37.1	0.851	0.919	1.046	0.996	1.023	1.020	1.034	1.232	1.015	0.991	0.295	0.256	0.102	0.111	0.107	0.104	0.108	0.112	0.106	0.103	0.107	0.104	0.105	0.102	1.045	1.208	1.139	1.025	1.053	1.083	1.008	1.163	1.139	1.207	0.565	0.309	1.590	1.170	0.761	0.670	0.710	1.377	1.303	1.166	1.065	1.120	0.916	0.975	0.102	0.103	0.110	0.104	0.114	0.111	0.101	0.104	0.102	0.106	0.112	0.109	1.042	1.267	1.255	1.283	1.252	1.259	1.208	1.245	1.192	1.218	0.478	0.532	0.101	0.101	0.106	0.105	0.103	0.116	0.106	0.103	0.108	0.103	0.102	0.110	1.190	1.222	1.453	1.344	1.165	1.307	1.220	1.212	1.100	1.040	0.434	0.456
17:01:10	37.1	0.841	0.938	1.068	1.005	1.039	1.034	1.040	1.236	1.011	0.988	0.293	0.254	0.102	0.111	0.107	0.104	0.108	0.112	0.106	0.103	0.107	0.104	0.105	0.102	1.066	1.225	1.156	1.035	1.061	1.097	1.013	1.172	1.136	1.205	0.567	0.308	1.594	1.224	0.762	0.670	0.724	1.406	1.329	1.175	1.072	1.119	0.925	0.979	0.102	0.103	0.110	0.104	0.114	0.111	0.101	0.104	0.102	0.106	0.112	0.109	1.060	1.255	1.263	1.291	1.260	1.263	1.211	1.249	1.197	1.227	0.481	0.551	0.101	0.101	0.106	0.105	0.103	0.116	0.106	0.102	0.108	0.103	0.102	0.110	1.232	1.238	1.456	1.351	1.171	1.312	1.224	1.217	1.101	1.038	0.433	0.458
18:01:11	37.1	0.831	0.969	1.087	1.011	1.072	1.049	1.055	1.238	1.007	0.985	0.291	0.252	0.102	0.111	0.107	0.104	0.108	0.112	0.105	0.103	0.107	0.104	0.105	0.102	1.090	1.248	1.179	1.051	1.068	1.114	1.018	1.181	1.135	1.205	0.569	0.307	1.597	1.282	0.772	0.677	0.737	1.431	1.348	1.183	1.080	1.119	0.936	0.984	0.102	0.103	0.110	0.104	0.114	0.111	0.101	0.104	0.102	0.106	0.112	0.109	1.084	1.255	1.279	1.292	1.271	1.268	1.214	1.254	1.205	1.242	0.483	0.568	0.101	0.101	0.105	0.105	0.103	0.116	0.106	0.102	0.108	0.103	0.102	0.110	1.277	1.252	1.462	1.355	1.175	1.320	1.228	1.221	1.104	1.040	0.431	0.461
19:01:11	37.0	0.851	0.996	1.102	1.024	1.097	1.064	1.070	1.248	1.005	0.984	0.291	0.251	0.103	0.111	0.107	0.104	0.108	0.112	0.106	0.104	0.107	0.104	0.105	0.102	1.115	1.272	1.194	1.070	1.077	1.129	1.023	1.193	1.131	1.203	0.570	0.307	1.602	1.333	0.774	0.685	0.750	1.453	1.362	1.197	1.087	1.122	0.946	0.990	0.102	0.103	0.110	0.104	0.114	0.111	0.101	0.104	0.102	0.106	0.111	0.109	1.118	1.259	1.281	1.296	1.274	1.275	1.219	1.260	1.219	1.255	0.488	0.589	0.101	0.101	0.106	0.105	0.103	0.116	0.106	0.103	0.108	0.103	0.102	0.110	1.307	1.266	1.467	1.360	1.187	1.331	1.230	1.226	1.107	1.041	0.430	0.462
20:01:11	37.1	0.901	1.034	1.130	1.033	1.121	1.076	1.083	1.255	1.002	0.980	0.289	0.250	0.103	0.111	0.107	0.104	0.108	0.112	0.106	0.103	0.107	0.104	0.105	0.102	1.135	1.295	1.216	1.085	1.089	1.143	1.032	1.203	1.132	1.202	0.571	0.307	1.609	1.385	0.785	0.687	0.773	1.474	1.383	1.203	1.092	1.124	0.962	0.999	0.102	0.103	0.110	0.104	0.114	0.111	0.101	0.104	0.102	0.106	0.111	0.109	1.156	1.276	1.294	1.300	1.277	1.280	1.217	1.263	1.226	1.264	0.499	0.611	0.101	0.101	0.106	0.105	0.103	0.116	0.106	0.102	0.108	0.103	0.102	0.110	1.338	1.277	1.475	1.365	1.189	1.336	1.236	1.229	1.111	1.044	0.432	0.463
21:01:12	37.1	0.972	1.064	1.159	1.043	1.140	1.075	1.101	1.262	0.998	0.977	0.288	0.248	0.102	0.111	0.107	0.104	0.108	0.112	0.105	0.103	0.107	0.104	0.105	0.102	1.152	1.318	1.242	1.104	1.103	1.164	1.044	1.217	1.130	1.200	0.576	0.307	1.613	1.429	0.799	0.690	0.795	1.494	1.393	1.213	1.093	1.127	0.977	1.008	0.102	0.103	0.110	0.104	0.114	0.111	0.101	0.104	0.102	0.106	0.111	0.109	1.180	1.277	1.290	1.313	1.279	1.285	1.223	1.268	1.232	1.274	0.507	0.632	0.101	0.101	0.106	0.105	0.103	0.116	0.106	0.102	0.108	0.103	0.102	0.109	1.370	1.296	1.476	1.373	1.200	1.345	1.241	1.234	1.114	1.044	0.432	0.465
22:01:12	37.1	1.015	1.084	1.174	1.057	1.152	1.082	1.118	1.268	0.995	0.974	0.286	0.248	0.102	0.111	0.107	0.104	0.108	0.112	0.105	0.103	0.107	0.104	0.105	0.102	1.169	1.341	1.265	1.123	1.113	1.187	1.058	1.234	1.128	1.200	0.582	0.307	1.621	1.464	0.826	0.702	0.822	1.510	1.413	1.228	1.097	1.132	0.990	1.018	0.102	0.103	0.110	0.104	0.114	0.111	0.101	0.104	0.102	0.106	0.111	0.109	1.208	1.298	1.286	1.317	1.282	1.293	1.232	1.271	1.241	1.286	0.515	0.653	0.101	0.101	0.106	0.105	0.103	0.116	0.106	0.102	0.108	0.103	0.102	0.110	1.398	1.321	1.482	1.377	1.205	1.354	1.250	1.237	1.117	1.045	0.432	0.467
23:01:13	37.1	1.103	1.110	1.199	1.085	1.179	1.101	1.140	1.276	0.995	0.972	0.287	0.248	0.102	0.111	0.107	0.104	0.108	0.112	0.106	0.103	0.107	0.104	0.105	0.102	1.183	1.363	1.290	1.147	1.132	1.211	1.071	1.250	1.126	1.198	0.588	0.308	1.626	1.492	0.844	0.713	0.852	1.524	1.430	1.243	1.099	1.136	1.002	1.030	0.102	0.103	0.110	0.104	0.114	0.111	0.101	0.104	0.102	0.106	0.111	0.109	1.231	1.303	1.290	1.318	1.281	1.298	1.225	1.272	1.253	1.298	0.523	0.674	0.101	0.101	0.106	0.105	0.103	0.115	0.106	0.102	0.108	0.103	0.102	0.109	1.414	1.334	1.489	1.383	1.215	1.369	1.263	1.242	1.122	1.052	0.434	0.469
24:01:13	37.1	1.171	1.118	1.220	1.099	1.180	1.119	1.157	1.278	0.988	0.968	0.284	0.246	0.102	0.111	0.107	0.104	0.108	0.112	0.105	0.103	0.107	0.103	0.105	0.102	1.189	1.382	1.310	1.166	1.142	1.229	1.087	1.267	1.121	1.195	0.592	0.308	1.635	1.514	0.862	0.724	0.879	1.540	1.443	1.257	1.105	1.139	1.010	1.048	0.102	0.103	0.110	0.104	0.114	0.111	0.101	0.104	0.102	0.106	0.111	0.108	1.265	1.322	1.290	1.322	1.288	1.306	1.225	1.278	1.262	1.311	0.535	0.698	0.101	0.101	0.106	0.105	0.103	0.115	0.106	0.102	0.108	0.103	0.102	0.110	1.436	1.354	1.490	1.388	1.216	1.380	1.266	1.248	1.123	1.054	0.432	0.470
25:01:13	37.1	1.244	1.143	1.251	1.121	1.197	1.128	1.173	1.279	0.984	0.963	0.283	0.243	0.102	0.111	0.107	0.104	0.108	0.112	0.105	0.103	0.107	0.104	0.105	0.102	1.191	1.397	1.333	1.181	1.156	1.252	1.106	1.287	1.121	1.197	0.595	0.312	1.641	1.527	0.870	0.739	0.917	1.555	1.454	1.276	1.113	1.145	1.021	1.074	0.102	0.103	0.110	0.104	0.113	0.111	0.101	0.104	0.102	0.106	0.111	0.109	1.300	1.347	1.285	1.320	1.283	1.307	1.221	1.281	1.276	1.323	0.554	0.720	0.101	0.101	0.106	0.105	0.103	0.115	0.106	0.102	0.108	0.103	0.102	0.110	1.452	1.383	1.496	1.392	1.227	1.393	1.272	1.253	1.126	1.058	0.432	0.472
0:00:00																																																																																																	
0:00:00																																																																																																	
0:00:00																																																																																																	
0:00:00																																																																																																	
0:00:00																																																																																																	
0:00:00																																																																																																	
0:00:00																																																																																																	
0:00:00																																																																																																	
0:00:00																																																																																																	
0:00:00																																																																																																	
0:00:00																																																																																																	
0:00:00																																																																																																	
0:00:00																																																																																																	
0:00:00																																																																																																	
0:00:00																																																																																																	
0:00:00																																																																																																	
0:00:00																																																																																																	
0:00:00																																																																																																	
0:00:00																																																																																																	
0:00:00																																																																																																	
0:00:00																																																																																																	
0:00:00																																																																																																	
0:00:00																																																																																																	

Results
	1	2	3	4	5	6	7	8	9	10	11	12
A	1.165	0.527	0.465	0.332	0.423	0.252	0.311	0.169	-0.067	-0.058	-0.040	-0.080	Max V [578]
	0.992	0.997	0.979	0.992	0.993	0.999	0.999	0.999	0.985	0.982	0.976	0.973	R-Squared [578]
	23:01:13	19:01:11	5:01:06	23:01:13	17:01:11	3:01:04	22:01:12	6:01:06	9:01:08	23:01:13	2:01:05	2:01:05	t at Max V [578]
	20:03:46	10:29:43	1:27:40	11:51:00	6:08:06	0:35:16	10:04:03	2:20:20	6:32:14	8:58:23	0:19:34	?????	Lagtime [578]
B	-0.003	0.001	-0.001	-0.001	0.002	0.003	-0.002	0.001	-0.001	-0.002	-0.001	-0.002	Max V [578]
	0.941	0.521	0.881	0.557	0.361	0.843	0.945	0.675	0.360	0.796	0.696	0.676	R-Squared [578]
	2:01:05	2:01:05	2:01:05	2:01:05	2:01:05	2:01:05	3:01:04	2:01:05	15:01:10	2:01:05	3:01:04	2:01:05	t at Max V [578]
	?????	?????	0:27:44	?????	?????	?????	3:44:43	?????	18:21:11	0:44:43	2:31:04	?????	Lagtime [578]
C	0.471	0.539	0.400	0.343	0.228	0.362	0.253	0.288	-0.044	-0.043	0.167	-0.108	Max V [578]
	0.997	0.933	0.999	0.998	0.989	0.998	0.995	0.998	0.951	0.982	0.987	0.973	R-Squared [578]
	14:01:10	5:01:06	21:01:12	22:01:12	22:01:12	23:01:13	23:01:13	23:01:13	22:01:12	12:01:09	5:01:06	3:01:04	t at Max V [578]
	6:22:37	3:33:27	9:04:21	12:20:17	10:58:05	12:18:25	14:41:57	13:30:05	9:34:29	2:16:04	1:02:30	0:37:01	Lagtime [578]
D	0.986	0.960	0.332	0.197	0.504	0.577	0.443	0.260	0.181	0.083	0.236	0.270	Max V [578]
	0.993	0.999	0.992	0.996	0.996	0.997	1.000	0.996	0.877	0.942	0.996	0.959	R-Squared [578]
	2:01:05	16:01:10	22:01:12	23:01:13	23:01:13	12:01:09	13:01:10	23:01:13	2:01:05	2:01:05	21:01:12	23:01:13	t at Max V [578]
	0:09:22	9:19:21	19:15:29	20:00:29	17:07:44	4:24:37	3:39:19	8:49:03	?????	?????	10:07:12	23:19:24	Lagtime [578]
E	-0.001	-0.002	-0.003	0.001	-0.001	-0.005	-0.001	-0.001	-0.001	-0.001	-0.006	-0.001	Max V [578]
	0.625	0.714	0.931	0.800	0.696	0.969	0.521	0.800	0.696	0.942	0.959	0.750	R-Squared [578]
	7:01:07	3:01:04	2:01:05	5:01:06	7:01:07	2:01:05	19:01:11	13:01:10	2:01:05	7:01:07	18:01:11	22:01:12	t at Max V [578]
	9:01:08	4:01:05	?????	3:46:05	4:01:04	0:16:33	22:37:12	15:31:10	1:16:04	9:01:08	11:47:49	21:41:12	Lagtime [578]
F	0.522	0.274	0.236	0.206	0.190	0.254	0.282	0.195	0.265	0.208	0.190	0.371	Max V [578]
	0.994	0.964	0.966	0.948	0.933	0.837	0.805	0.934	0.952	0.966	0.963	0.999	R-Squared [578]
	19:01:11	23:01:13	2:01:05	8:01:07	4:01:05	2:01:05	2:01:05	2:01:05	2:01:05	2:01:05	23:01:13	23:01:13	t at Max V [578]
	12:04:20	12:54:17	0:07:16	1:23:55	?????	?????	?????	?????	?????	?????	16:53:10	11:02:33	Lagtime [578]
G	-0.001	-0.002	0.001	-0.002	-0.001	-0.005	-0.001	-0.001	0.001	-0.002	-0.001	-0.002	Max V [578]
	0.781	0.658	0.368	0.973	0.721	0.935	0.189	0.900	0.333	0.614	0.571	0.827	R-Squared [578]
	20:01:12	2:01:05	19:01:11	2:01:05	7:01:07	2:01:05	4:01:05	3:01:04	2:01:05	2:01:05	13:01:10	2:01:05	t at Max V [578]
	20:49:12	0:37:04	12:37:07	0:11:04	5:18:14	?????	8:49:06	9:41:08	?????	1:21:04	15:01:10	?????	Lagtime [578]
H	0.789	0.347	0.200	0.257	0.271	0.349	0.321	0.093	0.123	0.131	-0.042	0.054	Max V [578]
	0.997	0.984	0.998	0.997	0.980	0.987	0.996	0.942	0.998	0.988	0.855	0.985	R-Squared [578]
	5:01:06	23:01:13	7:01:07	4:01:05	5:01:06	5:01:06	4:01:05	3:01:04	4:01:05	2:01:05	2:01:05	10:01:08	t at Max V [578]
	1:41:59	7:02:17	1:47:57	0:16:05	1:34:48	0:55:09	1:21:24	0:57:24	0:32:38	0:06:16	?????	2:59:25	Lagtime [578]



Software Version	3.12.08



Experiment File Path:	C:\Users\Sarela\Documents\Rita Pires\Exp44_RP_2plates_part3_02072024_Exp45_RP_2plates_part2_03072024.xpt
Protocol File Path:	C:\Users\Public\Documents\Protocols\New_96well_578_24H.prt



Plate Number	Plate 3
Date	7/4/2024
Time	9:52:35 AM
Reader Type:	Epoch 2
Reader Serial Number:	2202232E
Reading Type	Reader

Procedure Details

Plate Type	96 WELL PLATE
Discontinuous Kinetics	Runtime 2:00:00 (D:HH:MM), Interval 0:01:00, 49 Reads
Eject plate on completion	
Set Temperature	Setpoint 37°C, Gradient 0 °C
Shake	Double Orbital: 0:01:01 (HH:MM:SS)
	Frequency: 282 cpm (3 mm)
Read	Absorbance Endpoint
	Full Plate
	Wavelengths:  578
	Read Speed: Normal,  Delay: 100 msec,  Measurements/Data Point: 8

578

Time	T° 578	A1	A2	A3	A4	A5	A6	A7	A8	A9	A10	A11	A12	B1	B2	B3	B4	B5	B6	B7	B8	B9	B10	B11	B12	C1	C2	C3	C4	C5	C6	C7	C8	C9	C10	C11	C12	D1	D2	D3	D4	D5	D6	D7	D8	D9	D10	D11	D12	E1	E2	E3	E4	E5	E6	E7	E8	E9	E10	E11	E12	F1	F2	F3	F4	F5	F6	F7	F8	F9	F10	F11	F12	G1	G2	G3	G4	G5	G6	G7	G8	G9	G10	G11	G12	H1	H2	H3	H4	H5	H6	H7	H8	H9	H10	H11	H12
0:01:05	36.9	1.448	1.498	1.512	1.507	1.495	1.466	1.482	1.500	1.458	1.233	0.417	0.360	0.115	0.105	0.104	0.104	0.103	0.108	0.110	0.103	0.102	0.105	0.103	0.114	0.697	0.722	0.714	0.701	0.754	0.764	0.758	0.904	0.750	0.617	0.467	0.398	0.871	0.565	0.690	0.685	0.658	0.837	0.813	0.837	0.770	0.797	1.304	1.157	0.102	0.110	0.111	0.105	0.110	0.108	0.103	0.108	0.105	0.103	0.102	0.109	0.807	0.897	0.902	0.884	0.901	0.965	0.955	1.006	1.015	0.820	0.590	0.422	0.107	0.097	0.102	0.109	0.101	0.115	0.102	0.102	0.106	0.100	0.103	0.111	0.680	0.960	0.992	0.994	0.974	1.040	1.015	1.140	1.205	0.883	0.445	0.365
1:01:04	37.0	1.445	1.502	1.505	1.500	1.483	1.454	1.476	1.502	1.448	1.220	0.409	0.370	0.112	0.106	0.105	0.104	0.103	0.108	0.110	0.103	0.102	0.105	0.102	0.115	0.695	0.713	0.700	0.685	0.745	0.755	0.748	0.899	0.731	0.597	0.428	0.367	0.911	0.580	0.706	0.690	0.666	0.865	0.836	0.877	0.814	0.838	1.323	1.178	0.102	0.111	0.111	0.105	0.110	0.108	0.104	0.108	0.105	0.103	0.102	0.109	0.811	0.908	0.918	0.907	0.916	0.980	0.966	1.017	1.021	0.836	0.581	0.433	0.107	0.100	0.104	0.110	0.103	0.121	0.102	0.102	0.121	0.107	0.103	0.110	0.674	0.966	1.005	1.007	0.992	1.045	1.026	1.147	1.208	0.869	0.415	0.346
2:01:05	36.9	1.472	1.526	1.525	1.519	1.505	1.480	1.498	1.529	1.470	1.248	0.441	0.436	0.112	0.106	0.105	0.104	0.103	0.108	0.110	0.103	0.102	0.105	0.102	0.114	0.696	0.713	0.700	0.684	0.751	0.759	0.753	0.916	0.728	0.594	0.413	0.382	0.937	0.601	0.725	0.697	0.681	0.897	0.857	0.913	0.832	0.891	1.347	1.217	0.102	0.111	0.111	0.105	0.110	0.108	0.104	0.108	0.105	0.103	0.103	0.108	0.853	0.943	0.940	0.934	0.937	1.002	0.988	1.038	1.048	0.846	0.604	0.458	0.108	0.100	0.103	0.111	0.103	0.106	0.103	0.103	0.112	0.101	0.103	0.111	0.679	0.989	1.025	1.028	1.013	1.063	1.048	1.165	1.224	0.871	0.402	0.347
3:01:05	37.0	1.483	1.542	1.538	1.532	1.518	1.493	1.514	1.541	1.483	1.252	0.459	0.459	0.112	0.106	0.104	0.104	0.107	0.108	0.110	0.103	0.102	0.105	0.102	0.114	0.695	0.716	0.708	0.692	0.767	0.781	0.768	0.931	0.734	0.590	0.406	0.394	0.952	0.629	0.745	0.699	0.701	0.919	0.876	0.931	0.845	0.922	1.359	1.244	0.102	0.111	0.110	0.105	0.110	0.107	0.104	0.108	0.104	0.102	0.102	0.108	0.876	0.963	0.954	0.952	0.956	1.017	1.000	1.054	1.075	0.859	0.639	0.482	0.108	0.100	0.102	0.109	0.103	0.106	0.102	0.102	0.120	0.101	0.103	0.111	0.684	1.009	1.047	1.046	1.035	1.078	1.067	1.182	1.237	0.873	0.392	0.349
4:01:06	37.0	1.489	1.548	1.546	1.542	1.525	1.499	1.520	1.552	1.486	1.257	0.465	0.460	0.112	0.106	0.104	0.104	0.108	0.108	0.110	0.103	0.102	0.105	0.102	0.114	0.693	0.723	0.721	0.706	0.792	0.798	0.789	0.954	0.732	0.590	0.397	0.398	0.958	0.662	0.769	0.704	0.723	0.930	0.885	0.938	0.855	0.928	1.368	1.259	0.102	0.111	0.111	0.105	0.110	0.108	0.104	0.108	0.105	0.102	0.102	0.108	0.895	0.972	0.967	0.964	0.970	1.026	1.014	1.072	1.097	0.863	0.664	0.500	0.110	0.101	0.102	0.109	0.101	0.107	0.103	0.103	0.121	0.102	0.104	0.111	0.691	1.025	1.070	1.068	1.050	1.091	1.080	1.198	1.246	0.874	0.386	0.347
5:01:06	37.1	1.511	1.571	1.569	1.565	1.555	1.527	1.544	1.572	1.511	1.280	0.467	0.452	0.112	0.106	0.105	0.104	0.108	0.108	0.110	0.103	0.102	0.105	0.102	0.114	0.692	0.762	0.752	0.744	0.822	0.830	0.824	0.963	0.742	0.595	0.388	0.397	0.967	0.697	0.793	0.710	0.747	0.931	0.884	0.943	0.866	0.935	1.380	1.268	0.102	0.111	0.111	0.105	0.110	0.108	0.104	0.108	0.105	0.102	0.103	0.108	0.908	0.977	0.973	0.966	0.977	1.030	1.017	1.091	1.109	0.862	0.676	0.498	0.109	0.100	0.103	0.111	0.103	0.127	0.103	0.103	0.125	0.101	0.104	0.111	0.693	1.022	1.064	1.066	1.041	1.085	1.070	1.194	1.242	0.876	0.381	0.346
6:01:07	37.1	1.515	1.577	1.577	1.568	1.560	1.534	1.548	1.579	1.514	1.279	0.454	0.447	0.112	0.106	0.104	0.104	0.108	0.108	0.110	0.103	0.102	0.105	0.102	0.114	0.693	0.766	0.760	0.753	0.834	0.835	0.832	0.965	0.739	0.591	0.382	0.396	0.974	0.729	0.816	0.714	0.770	0.932	0.884	0.947	0.875	0.950	1.391	1.278	0.102	0.111	0.110	0.105	0.110	0.107	0.104	0.108	0.104	0.102	0.102	0.108	0.913	0.982	0.984	0.969	0.992	1.037	1.024	1.116	1.123	0.864	0.676	0.498	0.108	0.100	0.104	0.110	0.104	0.126	0.103	0.103	0.111	0.104	0.103	0.112	0.696	1.021	1.080	1.081	1.059	1.106	1.086	1.211	1.250	0.878	0.374	0.345
7:01:07	37.1	1.532	1.590	1.592	1.588	1.577	1.553	1.564	1.590	1.530	1.299	0.454	0.441	0.111	0.106	0.104	0.104	0.108	0.108	0.110	0.103	0.102	0.105	0.102	0.114	0.694	0.791	0.782	0.773	0.855	0.859	0.855	0.976	0.748	0.595	0.376	0.389	0.991	0.761	0.834	0.722	0.791	0.936	0.883	0.951	0.884	0.955	1.402	1.284	0.102	0.111	0.110	0.105	0.110	0.107	0.104	0.108	0.104	0.102	0.102	0.108	0.914	0.987	0.987	0.965	0.996	1.039	1.031	1.132	1.134	0.866	0.679	0.497	0.109	0.100	0.105	0.110	0.102	0.127	0.103	0.104	0.125	0.101	0.103	0.111	0.698	1.020	1.073	1.073	1.046	1.095	1.081	1.206	1.248	0.875	0.370	0.343
8:01:08	37.1	1.538	1.603	1.602	1.597	1.588	1.563	1.576	1.597	1.544	1.308	0.445	0.433	0.112	0.106	0.104	0.104	0.107	0.108	0.110	0.103	0.102	0.105	0.102	0.114	0.697	0.800	0.794	0.788	0.864	0.872	0.864	0.982	0.745	0.593	0.369	0.385	1.010	0.785	0.840	0.730	0.810	0.937	0.884	0.956	0.893	0.964	1.413	1.292	0.102	0.111	0.110	0.105	0.110	0.107	0.104	0.108	0.104	0.102	0.102	0.108	0.918	0.991	0.990	0.963	1.002	1.044	1.039	1.151	1.143	0.868	0.668	0.490	0.109	0.101	0.104	0.111	0.104	0.127	0.104	0.104	0.125	0.101	0.103	0.112	0.700	1.030	1.081	1.081	1.058	1.106	1.087	1.215	1.249	0.873	0.366	0.340
9:01:08	37.1	1.532	1.601	1.601	1.596	1.586	1.561	1.577	1.600	1.543	1.304	0.437	0.428	0.112	0.106	0.104	0.104	0.108	0.108	0.110	0.103	0.102	0.104	0.102	0.114	0.697	0.781	0.788	0.776	0.859	0.869	0.855	0.976	0.740	0.587	0.366	0.381	1.028	0.799	0.837	0.739	0.822	0.941	0.890	0.961	0.908	0.975	1.422	1.299	0.102	0.111	0.110	0.105	0.110	0.107	0.104	0.108	0.104	0.102	0.102	0.108	0.925	0.989	0.998	0.966	1.018	1.053	1.054	1.174	1.159	0.876	0.665	0.488	0.107	0.100	0.102	0.109	0.104	0.133	0.103	0.104	0.123	0.101	0.103	0.111	0.711	1.044	1.097	1.098	1.081	1.124	1.113	1.235	1.260	0.877	0.361	0.340
10:01:09	37.1	1.534	1.604	1.604	1.598	1.587	1.563	1.578	1.602	1.547	1.304	0.429	0.418	0.112	0.106	0.104	0.104	0.108	0.108	0.110	0.103	0.102	0.105	0.102	0.113	0.695	0.782	0.785	0.773	0.871	0.872	0.854	0.976	0.733	0.583	0.363	0.369	1.057	0.801	0.830	0.749	0.822	0.942	0.891	0.967	0.917	0.981	1.432	1.304	0.102	0.111	0.110	0.105	0.110	0.107	0.104	0.108	0.104	0.102	0.102	0.108	0.924	0.995	0.999	0.963	1.024	1.058	1.065	1.192	1.170	0.878	0.660	0.481	0.108	0.101	0.102	0.107	0.103	0.121	0.103	0.104	0.126	0.101	0.103	0.111	0.719	1.060	1.113	1.111	1.091	1.132	1.125	1.242	1.268	0.877	0.359	0.337
11:01:09	37.1	1.538	1.609	1.608	1.603	1.593	1.567	1.583	1.605	1.551	1.307	0.423	0.409	0.112	0.106	0.104	0.104	0.108	0.108	0.110	0.103	0.102	0.105	0.102	0.113	0.695	0.788	0.793	0.784	0.879	0.888	0.860	0.980	0.728	0.577	0.360	0.360	1.087	0.796	0.823	0.760	0.814	0.944	0.894	0.969	0.924	0.986	1.443	1.311	0.102	0.111	0.111	0.105	0.110	0.107	0.104	0.108	0.104	0.102	0.102	0.108	0.928	1.008	1.004	0.967	1.034	1.065	1.071	1.209	1.178	0.880	0.655	0.472	0.108	0.101	0.101	0.106	0.104	0.108	0.103	0.104	0.112	0.101	0.103	0.112	0.725	1.065	1.117	1.120	1.102	1.142	1.129	1.247	1.271	0.877	0.356	0.332
12:01:10	37.1	1.544	1.615	1.614	1.608	1.598	1.570	1.587	1.610	1.556	1.312	0.421	0.402	0.112	0.106	0.104	0.104	0.107	0.108	0.110	0.103	0.102	0.104	0.102	0.113	0.697	0.799	0.807	0.790	0.883	0.891	0.870	0.983	0.724	0.574	0.358	0.353	1.113	0.788	0.817	0.768	0.805	0.947	0.896	0.974	0.931	0.996	1.450	1.316	0.102	0.111	0.111	0.105	0.110	0.107	0.104	0.108	0.104	0.102	0.102	0.108	0.929	1.006	1.009	0.965	1.047	1.073	1.080	1.225	1.190	0.883	0.653	0.465	0.108	0.101	0.103	0.109	0.106	0.108	0.103	0.104	0.120	0.101	0.103	0.112	0.733	1.071	1.129	1.128	1.111	1.147	1.140	1.251	1.275	0.875	0.354	0.327
13:01:10	37.0	1.546	1.620	1.619	1.613	1.601	1.575	1.591	1.612	1.561	1.314	0.416	0.391	0.111	0.106	0.104	0.104	0.107	0.108	0.110	0.103	0.102	0.104	0.102	0.113	0.698	0.808	0.816	0.798	0.888	0.896	0.874	0.983	0.721	0.570	0.356	0.346	1.142	0.783	0.813	0.778	0.800	0.950	0.900	0.982	0.938	1.004	1.458	1.324	0.102	0.111	0.110	0.105	0.109	0.107	0.104	0.107	0.104	0.102	0.102	0.108	0.928	1.011	1.013	0.967	1.052	1.078	1.094	1.239	1.200	0.888	0.647	0.459	0.108	0.101	0.101	0.110	0.105	0.114	0.103	0.104	0.120	0.101	0.103	0.112	0.739	1.077	1.137	1.133	1.114	1.153	1.144	1.256	1.276	0.875	0.352	0.323
14:01:10	37.0	1.550	1.625	1.624	1.617	1.606	1.578	1.595	1.615	1.564	1.320	0.413	0.385	0.111	0.106	0.104	0.104	0.108	0.108	0.110	0.103	0.102	0.104	0.102	0.113	0.703	0.811	0.823	0.812	0.898	0.905	0.876	0.986	0.718	0.567	0.354	0.339	1.172	0.777	0.811	0.786	0.795	0.954	0.906	0.993	0.949	1.008	1.465	1.333	0.102	0.111	0.110	0.105	0.110	0.107	0.104	0.108	0.104	0.102	0.102	0.108	0.932	1.013	1.022	0.977	1.064	1.084	1.103	1.254	1.210	0.894	0.645	0.453	0.108	0.101	0.102	0.111	0.105	0.114	0.103	0.104	0.121	0.101	0.104	0.111	0.743	1.084	1.141	1.141	1.119	1.161	1.151	1.261	1.279	0.874	0.351	0.320
15:01:10	37.1	1.557	1.630	1.629	1.622	1.611	1.581	1.598	1.618	1.567	1.323	0.411	0.379	0.111	0.106	0.104	0.104	0.107	0.108	0.110	0.103	0.102	0.104	0.102	0.113	0.711	0.822	0.832	0.826	0.915	0.913	0.887	0.990	0.717	0.565	0.352	0.336	1.201	0.773	0.807	0.789	0.790	0.956	0.914	1.002	0.959	1.011	1.472	1.343	0.102	0.111	0.110	0.104	0.109	0.107	0.104	0.108	0.104	0.102	0.102	0.108	0.931	1.016	1.022	0.972	1.072	1.087	1.117	1.268	1.217	0.900	0.640	0.447	0.108	0.101	0.103	0.110	0.104	0.109	0.103	0.105	0.120	0.101	0.104	0.112	0.754	1.088	1.144	1.142	1.129	1.164	1.155	1.266	1.280	0.872	0.349	0.317
16:01:11	37.1	1.564	1.641	1.637	1.629	1.618	1.589	1.604	1.621	1.572	1.327	0.409	0.374	0.111	0.106	0.104	0.104	0.108	0.108	0.110	0.103	0.102	0.104	0.102	0.113	0.722	0.849	0.862	0.847	0.942	0.926	0.903	1.002	0.719	0.564	0.350	0.330	1.227	0.768	0.806	0.786	0.786	0.963	0.920	1.011	0.958	1.019	1.475	1.351	0.102	0.111	0.110	0.105	0.110	0.107	0.104	0.108	0.104	0.102	0.102	0.108	0.931	1.017	1.025	0.969	1.079	1.094	1.124	1.278	1.223	0.901	0.636	0.441	0.109	0.100	0.102	0.107	0.104	0.108	0.103	0.104	0.118	0.101	0.104	0.112	0.750	1.094	1.149	1.149	1.138	1.172	1.166	1.272	1.282	0.872	0.347	0.314
17:01:11	37.1	1.567	1.641	1.638	1.631	1.621	1.589	1.605	1.624	1.577	1.331	0.407	0.368	0.112	0.106	0.104	0.104	0.108	0.108	0.110	0.104	0.102	0.104	0.102	0.113	0.726	0.836	0.844	0.837	0.930	0.923	0.899	1.002	0.717	0.562	0.349	0.326	1.250	0.764	0.805	0.779	0.786	0.975	0.927	1.021	0.967	1.019	1.479	1.363	0.102	0.111	0.110	0.105	0.110	0.107	0.104	0.107	0.104	0.102	0.102	0.108	0.933	1.018	1.022	0.973	1.090	1.103	1.132	1.291	1.233	0.910	0.632	0.437	0.108	0.100	0.103	0.109	0.106	0.107	0.103	0.104	0.118	0.102	0.103	0.112	0.758	1.094	1.150	1.153	1.136	1.172	1.162	1.273	1.284	0.871	0.346	0.313
18:01:11	37.1	1.569	1.644	1.640	1.633	1.623	1.590	1.608	1.626	1.579	1.334	0.405	0.362	0.112	0.106	0.104	0.104	0.108	0.108	0.110	0.103	0.102	0.104	0.102	0.113	0.735	0.843	0.852	0.840	0.931	0.933	0.906	1.000	0.713	0.559	0.348	0.322	1.270	0.764	0.806	0.773	0.787	0.983	0.933	1.030	0.973	1.026	1.484	1.372	0.102	0.111	0.110	0.105	0.109	0.107	0.104	0.107	0.104	0.102	0.102	0.108	0.929	1.022	1.025	0.975	1.104	1.107	1.148	1.301	1.241	0.915	0.630	0.433	0.109	0.099	0.103	0.110	0.105	0.107	0.103	0.103	0.118	0.101	0.103	0.112	0.758	1.101	1.153	1.152	1.138	1.174	1.166	1.275	1.284	0.870	0.345	0.311
19:01:12	37.1	1.572	1.647	1.642	1.635	1.625	1.591	1.611	1.628	1.582	1.337	0.403	0.357	0.112	0.106	0.104	0.104	0.108	0.108	0.110	0.103	0.102	0.104	0.102	0.113	0.743	0.847	0.856	0.848	0.941	0.933	0.906	0.999	0.712	0.556	0.347	0.318	1.290	0.763	0.806	0.768	0.786	0.980	0.938	1.042	0.979	1.032	1.489	1.380	0.102	0.111	0.110	0.105	0.109	0.107	0.104	0.108	0.104	0.102	0.102	0.108	0.935	1.028	1.033	0.976	1.112	1.112	1.160	1.313	1.249	0.918	0.627	0.430	0.108	0.099	0.103	0.108	0.104	0.107	0.103	0.103	0.124	0.102	0.103	0.111	0.765	1.105	1.154	1.155	1.137	1.175	1.163	1.276	1.284	0.868	0.344	0.310
20:01:12	37.1	1.574	1.650	1.646	1.638	1.627	1.593	1.612	1.630	1.585	1.340	0.401	0.352	0.111	0.106	0.104	0.104	0.108	0.107	0.110	0.103	0.102	0.104	0.102	0.112	0.751	0.854	0.867	0.857	0.940	0.938	0.912	1.006	0.712	0.555	0.345	0.316	1.314	0.764	0.809	0.764	0.788	0.991	0.947	1.052	0.989	1.038	1.494	1.389	0.102	0.111	0.110	0.105	0.109	0.107	0.104	0.107	0.104	0.102	0.102	0.108	0.927	1.026	1.028	0.979	1.125	1.119	1.170	1.325	1.260	0.927	0.623	0.426	0.108	0.098	0.104	0.110	0.103	0.106	0.103	0.103	0.118	0.102	0.103	0.112	0.767	1.106	1.156	1.160	1.141	1.180	1.170	1.281	1.286	0.868	0.343	0.309
21:01:12	37.0	1.575	1.652	1.648	1.640	1.629	1.595	1.615	1.632	1.586	1.341	0.399	0.348	0.112	0.106	0.105	0.104	0.108	0.108	0.110	0.103	0.102	0.104	0.102	0.113	0.764	0.858	0.870	0.859	0.947	0.946	0.916	1.000	0.711	0.552	0.344	0.314	1.335	0.766	0.811	0.761	0.790	0.997	0.953	1.062	0.991	1.042	1.499	1.396	0.102	0.111	0.110	0.105	0.109	0.107	0.104	0.108	0.104	0.102	0.102	0.108	0.928	1.027	1.035	0.979	1.135	1.124	1.184	1.335	1.267	0.930	0.620	0.424	0.107	0.100	0.103	0.110	0.102	0.108	0.103	0.104	0.120	0.102	0.103	0.112	0.768	1.110	1.164	1.162	1.143	1.183	1.169	1.280	1.286	0.867	0.342	0.308
22:01:13	37.1	1.576	1.655	1.651	1.642	1.633	1.596	1.617	1.633	1.588	1.342	0.397	0.344	0.111	0.106	0.104	0.104	0.108	0.108	0.110	0.103	0.102	0.104	0.102	0.112	0.771	0.869	0.876	0.869	0.957	0.949	0.919	1.006	0.710	0.551	0.343	0.311	1.358	0.770	0.814	0.758	0.794	1.003	0.960	1.070	0.992	1.045	1.502	1.403	0.102	0.111	0.110	0.105	0.109	0.107	0.103	0.107	0.104	0.102	0.102	0.108	0.939	1.032	1.038	0.978	1.141	1.131	1.190	1.345	1.274	0.936	0.618	0.421	0.107	0.098	0.103	0.106	0.103	0.108	0.103	0.104	0.118	0.102	0.104	0.113	0.773	1.112	1.163	1.163	1.141	1.181	1.173	1.282	1.286	0.866	0.342	0.307
23:01:13	37.1	1.581	1.659	1.653	1.645	1.636	1.599	1.619	1.636	1.592	1.346	0.396	0.341	0.111	0.106	0.104	0.104	0.107	0.108	0.110	0.103	0.102	0.104	0.102	0.112	0.785	0.889	0.887	0.881	0.969	0.961	0.927	1.011	0.710	0.550	0.342	0.309	1.377	0.774	0.817	0.756	0.795	1.007	0.967	1.081	0.992	1.047	1.506	1.408	0.102	0.111	0.110	0.105	0.109	0.107	0.104	0.107	0.104	0.102	0.102	0.108	0.940	1.030	1.041	0.975	1.149	1.132	1.196	1.351	1.279	0.939	0.616	0.419	0.108	0.098	0.103	0.107	0.103	0.107	0.103	0.103	0.121	0.102	0.104	0.113	0.774	1.116	1.170	1.171	1.154	1.188	1.183	1.288	1.289	0.866	0.341	0.306
24:01:14	37.1	1.583	1.660	1.654	1.647	1.637	1.601	1.621	1.637	1.594	1.348	0.394	0.338	0.112	0.106	0.104	0.104	0.108	0.108	0.110	0.103	0.102	0.104	0.102	0.112	0.784	0.885	0.883	0.874	0.965	0.956	0.927	1.010	0.711	0.549	0.341	0.308	1.395	0.779	0.818	0.755	0.799	1.011	0.975	1.091	0.998	1.053	1.511	1.415	0.102	0.111	0.110	0.105	0.109	0.107	0.104	0.107	0.104	0.102	0.102	0.108	0.932	1.034	1.048	0.977	1.157	1.138	1.205	1.360	1.287	0.943	0.613	0.416	0.108	0.100	0.103	0.106	0.102	0.128	0.104	0.103	0.122	0.102	0.103	0.112	0.773	1.116	1.169	1.167	1.148	1.186	1.175	1.286	1.288	0.864	0.340	0.305
25:01:13	37.1	1.584	1.662	1.658	1.649	1.638	1.602	1.623	1.639	1.595	1.349	0.393	0.334	0.111	0.106	0.104	0.104	0.108	0.108	0.110	0.103	0.102	0.104	0.102	0.112	0.784	0.887	0.888	0.880	0.965	0.963	0.924	1.009	0.710	0.548	0.340	0.306	1.413	0.787	0.819	0.754	0.802	1.008	0.983	1.098	1.001	1.055	1.514	1.421	0.102	0.111	0.110	0.104	0.109	0.107	0.103	0.107	0.104	0.102	0.102	0.108	0.945	1.040	1.048	0.978	1.168	1.143	1.218	1.368	1.294	0.948	0.611	0.415	0.108	0.098	0.105	0.107	0.103	0.107	0.103	0.103	0.122	0.102	0.103	0.111	0.773	1.114	1.171	1.169	1.150	1.188	1.179	1.288	1.288	0.862	0.339	0.305
0:00:00																																																																																																	
0:00:00																																																																																																	
0:00:00																																																																																																	
0:00:00																																																																																																	
0:00:00																																																																																																	
0:00:00																																																																																																	
0:00:00																																																																																																	
0:00:00																																																																																																	
0:00:00																																																																																																	
0:00:00																																																																																																	
0:00:00																																																																																																	
0:00:00																																																																																																	
0:00:00																																																																																																	
0:00:00																																																																																																	
0:00:00																																																																																																	
0:00:00																																																																																																	
0:00:00																																																																																																	
0:00:00																																																																																																	
0:00:00																																																																																																	
0:00:00																																																																																																	
0:00:00																																																																																																	
0:00:00																																																																																																	
0:00:00																																																																																																	

Results
	1	2	3	4	5	6	7	8	9	10	11	12
A	0.248	0.266	0.247	0.253	0.275	0.277	0.264	0.270	0.237	0.215	0.242	0.482	Max V [578]
	0.946	0.967	0.976	0.981	0.959	0.957	0.971	0.976	0.948	0.907	0.870	0.885	R-Squared [578]
	3:01:05	3:01:05	3:01:05	3:01:05	3:01:05	3:01:05	3:01:05	3:01:05	3:01:05	3:01:05	2:01:06	2:01:06	t at Max V [578]
	0:52:02	0:30:00	1:20:50	1:25:36	1:40:44	1:32:21	1:13:12	0:36:52	1:31:59	1:34:32	0:33:52	0:02:29	Lagtime [578]
B	-0.011	0.003	0.001	-0.001	0.025	-0.001	-0.001	-0.001	0.001	-0.001	-0.001	-0.002	Max V [578]
	0.484	0.745	0.233	0.800	0.785	0.941	0.750	0.571	0.273	0.920	0.723	0.987	R-Squared [578]
	2:01:06	2:01:06	2:01:06	20:01:12	3:01:05	18:01:12	10:01:09	23:01:13	2:01:06	7:01:07	2:01:06	6:01:07	t at Max V [578]
	?????	?????	?????	22:31:13	1:05:54	19:01:12	8:01:08	23:31:13	?????	8:21:08	?????	2:49:05	Lagtime [578]
C	0.172	0.323	0.313	0.350	0.368	0.334	0.363	0.276	-0.091	-0.103	-0.271	-0.142	Max V [578]
	0.990	0.945	0.975	0.965	0.984	0.969	0.974	0.987	0.994	0.753	0.869	0.989	R-Squared [578]
	21:01:13	5:01:06	5:01:06	5:01:06	4:01:06	4:01:06	5:01:06	3:01:05	10:01:09	2:01:06	2:01:06	10:01:09	t at Max V [578]
	14:35:19	3:31:30	3:22:28	3:27:27	2:16:09	2:11:55	2:26:52	1:18:17	7:04:44	?????	?????	6:44:52	Lagtime [578]
D	0.479	0.553	0.384	0.162	0.378	0.398	0.305	0.426	0.333	0.577	0.274	0.448	Max V [578]
	0.999	1.000	0.999	0.999	1.000	0.971	0.978	0.927	0.905	0.941	0.970	0.980	R-Squared [578]
	13:01:10	5:01:06	4:01:06	11:01:09	5:01:06	2:01:06	2:01:06	2:01:06	2:01:06	2:01:06	2:01:06	2:01:06	t at Max V [578]
	3:34:05	1:05:07	0:33:25	3:27:23	1:08:10	?????	?????	?????	?????	?????	?????	0:01:29	Lagtime [578]
E	0.001	0.003	-0.001	-0.001	-0.001	-0.001	0.001	-0.001	-0.001	-0.001	0.001	-0.002	Max V [578]
	0.490	0.628	0.593	0.750	0.941	0.421	0.750	0.727	0.614	0.810	0.391	0.720	R-Squared [578]
	2:01:06	2:01:06	3:01:05	13:01:10	6:01:07	3:01:05	2:01:06	2:01:06	2:01:06	2:01:06	2:01:06	2:01:06	t at Max V [578]
	?????	?????	4:01:06	6:41:09	6:16:07	4:46:06	?????	?????	?????	?????	?????	?????	Lagtime [578]
F	0.404	0.343	0.278	0.343	0.296	0.264	0.253	0.336	0.378	0.182	0.418	0.342	Max V [578]
	0.958	0.962	0.991	0.978	0.995	0.982	0.988	0.995	0.982	0.973	0.978	0.987	R-Squared [578]
	2:01:06	2:01:06	2:01:06	2:01:06	2:01:06	2:01:06	2:01:06	7:01:07	3:01:05	2:01:06	3:01:05	2:01:06	t at Max V [578]
	0:17:39	0:05:02	?????	?????	0:03:26	?????	0:05:15	0:44:53	0:35:39	?????	1:19:54	0:12:46	Lagtime [578]
G	0.009	0.011	-0.014	-0.019	-0.016	-0.106	0.003	-0.007	0.050	-0.019	0.005	0.006	Max V [578]
	0.861	0.536	0.879	0.792	0.967	0.773	0.581	0.864	0.494	0.454	0.689	0.873	R-Squared [578]
	2:01:06	2:01:06	9:01:08	22:01:13	19:01:12	10:01:09	2:01:06	17:01:11	2:01:06	3:01:05	3:01:05	21:01:13	t at Max V [578]
	0:27:16	?????	10:42:35	21:25:00	21:51:25	10:46:11	?????	21:55:13	?????	4:59:03	1:59:01	16:54:42	Lagtime [578]
H	0.132	0.291	0.330	0.312	0.327	0.228	0.284	0.252	0.185	0.031	-0.234	-0.075	Max V [578]
	0.992	0.980	0.990	0.994	0.997	0.981	0.991	0.985	0.973	0.997	0.903	0.996	R-Squared [578]
	10:01:09	2:01:06	2:01:06	2:01:06	2:01:06	2:01:06	2:01:06	2:01:06	2:01:06	4:01:06	2:01:06	11:01:09	t at Max V [578]
	5:16:35	0:16:49	0:12:53	0:09:47	?????	0:16:09	0:07:38	0:15:51	0:17:35	8:24:22	?????	3:36:29	Lagtime [578]



Software Version	3.12.08



Experiment File Path:	C:\Users\Sarela\Documents\Rita Pires\Exp44_RP_2plates_part3_02072024_Exp45_RP_2plates_part2_03072024.xpt
Protocol File Path:	C:\Users\Public\Documents\Protocols\New_96well_578_24H.prt



Plate Number	Plate 4
Date	7/4/2024
Time	9:54:58 AM
Reader Type:	Epoch 2
Reader Serial Number:	2202232E
Reading Type	Reader

Procedure Details

Plate Type	96 WELL PLATE
Discontinuous Kinetics	Runtime 2:00:00 (D:HH:MM), Interval 0:01:00, 49 Reads
Eject plate on completion	
Set Temperature	Setpoint 37°C, Gradient 0 °C
Shake	Double Orbital: 0:01:01 (HH:MM:SS)
	Frequency: 282 cpm (3 mm)
Read	Absorbance Endpoint
	Full Plate
	Wavelengths:  578
	Read Speed: Normal,  Delay: 100 msec,  Measurements/Data Point: 8

578

Time	T° 578	A1	A2	A3	A4	A5	A6	A7	A8	A9	A10	A11	A12	B1	B2	B3	B4	B5	B6	B7	B8	B9	B10	B11	B12	C1	C2	C3	C4	C5	C6	C7	C8	C9	C10	C11	C12	D1	D2	D3	D4	D5	D6	D7	D8	D9	D10	D11	D12	E1	E2	E3	E4	E5	E6	E7	E8	E9	E10	E11	E12	F1	F2	F3	F4	F5	F6	F7	F8	F9	F10	F11	F12	G1	G2	G3	G4	G5	G6	G7	G8	G9	G10	G11	G12	H1	H2	H3	H4	H5	H6	H7	H8	H9	H10	H11	H12
0:01:05	37.0	1.459	1.528	1.522	1.526	1.511	1.477	1.478	1.513	1.444	1.209	0.451	0.380	0.103	0.101	0.107	0.104	0.110	0.112	0.106	0.104	0.101	0.103	0.111	0.104	0.698	0.715	0.730	0.718	0.755	0.774	0.771	0.919	0.729	0.623	0.458	0.377	0.887	0.663	0.546	0.524	0.497	0.874	0.708	0.804	0.794	0.813	1.308	1.163	0.103	0.109	0.113	0.110	0.113	0.106	0.102	0.110	0.118	0.106	0.119	0.110	0.826	0.940	0.941	0.916	0.915	0.925	0.928	1.042	1.037	0.866	0.567	0.444	0.102	0.111	0.106	0.118	0.106	0.104	0.109	0.107	0.111	0.108	0.104	0.108	0.695	0.987	1.029	1.016	1.016	1.036	1.037	1.160	1.221	0.914	0.434	0.355
1:01:03	37.0	1.462	1.524	1.514	1.507	1.496	1.466	1.462	1.508	1.438	1.208	0.433	0.388	0.102	0.101	0.108	0.105	0.109	0.112	0.106	0.104	0.102	0.102	0.112	0.104	0.699	0.706	0.715	0.710	0.751	0.760	0.763	0.922	0.724	0.612	0.410	0.366	0.932	0.692	0.563	0.538	0.510	0.893	0.729	0.836	0.821	0.844	1.338	1.204	0.103	0.108	0.113	0.109	0.113	0.106	0.102	0.110	0.118	0.106	0.118	0.110	0.828	0.966	0.954	0.944	0.943	0.942	0.953	1.054	1.050	0.868	0.551	0.435	0.102	0.111	0.106	0.118	0.106	0.104	0.109	0.107	0.111	0.108	0.104	0.108	0.695	0.995	1.048	1.033	1.039	1.056	1.063	1.179	1.234	0.910	0.412	0.345
2:01:04	37.0	1.482	1.546	1.536	1.533	1.522	1.491	1.485	1.535	1.462	1.235	0.461	0.461	0.102	0.101	0.108	0.105	0.109	0.112	0.106	0.104	0.102	0.102	0.112	0.104	0.700	0.711	0.719	0.721	0.767	0.777	0.788	0.944	0.726	0.606	0.398	0.375	0.964	0.721	0.580	0.549	0.527	0.917	0.756	0.864	0.841	0.888	1.361	1.240	0.103	0.108	0.113	0.109	0.113	0.106	0.102	0.110	0.118	0.106	0.118	0.110	0.861	1.006	0.974	0.966	0.966	0.961	0.967	1.073	1.082	0.878	0.586	0.483	0.102	0.111	0.107	0.117	0.106	0.104	0.110	0.107	0.111	0.108	0.104	0.108	0.702	1.012	1.068	1.050	1.053	1.062	1.072	1.196	1.251	0.914	0.398	0.351
3:01:05	37.0	1.487	1.555	1.546	1.542	1.533	1.502	1.494	1.546	1.476	1.238	0.481	0.481	0.102	0.101	0.108	0.105	0.110	0.112	0.106	0.104	0.102	0.102	0.112	0.104	0.699	0.716	0.731	0.737	0.792	0.797	0.813	0.965	0.726	0.606	0.392	0.384	0.977	0.749	0.600	0.555	0.550	0.936	0.778	0.879	0.849	0.919	1.373	1.259	0.103	0.108	0.113	0.109	0.113	0.106	0.102	0.111	0.118	0.106	0.117	0.110	0.882	1.020	0.995	0.980	0.982	0.979	0.986	1.093	1.115	0.885	0.603	0.510	0.102	0.111	0.107	0.118	0.105	0.104	0.110	0.107	0.110	0.108	0.104	0.108	0.710	1.027	1.083	1.066	1.073	1.079	1.097	1.218	1.265	0.917	0.390	0.349
4:01:05	37.0	1.497	1.564	1.556	1.550	1.540	1.507	1.503	1.554	1.486	1.240	0.485	0.480	0.102	0.101	0.108	0.105	0.109	0.112	0.106	0.104	0.102	0.102	0.112	0.104	0.698	0.724	0.747	0.751	0.811	0.821	0.833	0.977	0.732	0.604	0.382	0.384	0.983	0.776	0.620	0.558	0.574	0.949	0.786	0.884	0.859	0.932	1.384	1.273	0.103	0.108	0.113	0.109	0.113	0.106	0.102	0.110	0.118	0.106	0.117	0.110	0.897	1.022	1.007	0.988	0.994	0.991	0.995	1.118	1.136	0.886	0.614	0.526	0.102	0.111	0.107	0.117	0.105	0.104	0.110	0.107	0.111	0.108	0.104	0.108	0.718	1.037	1.099	1.081	1.084	1.095	1.117	1.233	1.274	0.917	0.382	0.348
5:01:06	37.1	1.512	1.581	1.573	1.570	1.560	1.531	1.524	1.573	1.507	1.264	0.486	0.469	0.102	0.101	0.108	0.105	0.109	0.112	0.106	0.104	0.102	0.102	0.111	0.104	0.697	0.763	0.780	0.787	0.843	0.849	0.859	0.993	0.742	0.607	0.375	0.382	0.990	0.806	0.648	0.559	0.601	0.952	0.787	0.886	0.867	0.940	1.394	1.280	0.103	0.108	0.112	0.109	0.113	0.106	0.102	0.110	0.118	0.106	0.117	0.110	0.908	1.023	1.014	0.995	0.996	1.001	0.999	1.146	1.150	0.884	0.617	0.540	0.102	0.111	0.106	0.117	0.105	0.104	0.109	0.106	0.110	0.108	0.104	0.108	0.716	1.036	1.094	1.077	1.076	1.089	1.104	1.227	1.268	0.915	0.373	0.343
6:01:06	37.1	1.523	1.587	1.583	1.579	1.570	1.539	1.535	1.582	1.516	1.262	0.479	0.465	0.102	0.101	0.108	0.105	0.109	0.112	0.106	0.104	0.101	0.102	0.112	0.104	0.698	0.776	0.787	0.797	0.857	0.859	0.867	1.000	0.739	0.602	0.367	0.381	0.996	0.831	0.672	0.565	0.626	0.951	0.791	0.891	0.876	0.949	1.407	1.290	0.103	0.108	0.112	0.109	0.113	0.106	0.102	0.110	0.118	0.106	0.117	0.110	0.911	1.025	1.026	0.996	1.006	1.012	1.013	1.181	1.173	0.886	0.616	0.551	0.102	0.111	0.106	0.117	0.105	0.104	0.109	0.106	0.110	0.108	0.104	0.108	0.718	1.040	1.104	1.089	1.091	1.103	1.119	1.236	1.274	0.915	0.367	0.343
7:01:07	37.1	1.530	1.602	1.595	1.593	1.583	1.554	1.550	1.596	1.533	1.282	0.475	0.461	0.102	0.101	0.108	0.105	0.109	0.112	0.106	0.104	0.102	0.102	0.111	0.104	0.699	0.794	0.812	0.820	0.876	0.881	0.888	1.008	0.749	0.606	0.363	0.379	1.004	0.849	0.701	0.572	0.650	0.954	0.789	0.891	0.884	0.955	1.418	1.296	0.103	0.108	0.113	0.109	0.113	0.106	0.102	0.110	0.118	0.106	0.117	0.110	0.918	1.020	1.029	1.001	1.008	1.021	1.014	1.208	1.187	0.888	0.615	0.559	0.102	0.111	0.106	0.117	0.105	0.104	0.109	0.106	0.110	0.108	0.104	0.108	0.720	1.044	1.107	1.091	1.085	1.103	1.117	1.242	1.272	0.912	0.361	0.340
8:01:07	37.1	1.538	1.610	1.606	1.601	1.593	1.562	1.560	1.603	1.541	1.288	0.467	0.451	0.102	0.101	0.108	0.105	0.109	0.112	0.106	0.104	0.102	0.102	0.111	0.104	0.700	0.801	0.816	0.829	0.886	0.893	0.899	1.014	0.748	0.602	0.358	0.372	1.011	0.852	0.726	0.579	0.659	0.956	0.792	0.897	0.894	0.962	1.428	1.302	0.103	0.108	0.113	0.109	0.113	0.106	0.102	0.110	0.118	0.106	0.117	0.110	0.921	1.017	1.035	1.003	1.011	1.034	1.025	1.234	1.203	0.891	0.609	0.562	0.102	0.111	0.106	0.117	0.105	0.104	0.109	0.106	0.110	0.108	0.104	0.108	0.722	1.051	1.115	1.097	1.095	1.112	1.124	1.248	1.274	0.911	0.357	0.337
9:01:08	37.1	1.540	1.610	1.608	1.604	1.593	1.563	1.563	1.607	1.546	1.284	0.456	0.447	0.102	0.101	0.108	0.105	0.109	0.112	0.106	0.104	0.102	0.102	0.110	0.104	0.701	0.786	0.803	0.818	0.884	0.894	0.888	1.012	0.742	0.598	0.353	0.365	1.019	0.846	0.747	0.586	0.658	0.956	0.795	0.903	0.905	0.974	1.441	1.311	0.103	0.108	0.112	0.109	0.113	0.106	0.102	0.110	0.118	0.106	0.117	0.110	0.927	1.016	1.043	1.010	1.023	1.047	1.044	1.264	1.223	0.897	0.599	0.559	0.102	0.111	0.107	0.117	0.106	0.104	0.109	0.107	0.110	0.108	0.104	0.108	0.735	1.064	1.133	1.120	1.123	1.141	1.156	1.272	1.284	0.911	0.354	0.334
10:01:08	37.1	1.542	1.614	1.611	1.605	1.596	1.565	1.564	1.608	1.547	1.283	0.447	0.435	0.102	0.101	0.108	0.105	0.109	0.111	0.106	0.104	0.102	0.102	0.110	0.104	0.700	0.790	0.813	0.827	0.892	0.897	0.895	1.018	0.736	0.590	0.350	0.354	1.028	0.843	0.754	0.593	0.654	0.959	0.796	0.906	0.910	0.975	1.450	1.319	0.103	0.108	0.112	0.109	0.113	0.106	0.102	0.110	0.118	0.106	0.117	0.110	0.925	1.018	1.049	1.013	1.025	1.057	1.053	1.281	1.234	0.900	0.594	0.556	0.102	0.111	0.106	0.117	0.106	0.104	0.109	0.106	0.110	0.108	0.104	0.108	0.745	1.084	1.147	1.135	1.134	1.151	1.168	1.282	1.292	0.911	0.351	0.332
11:01:09	37.1	1.545	1.618	1.615	1.610	1.600	1.568	1.567	1.613	1.550	1.284	0.441	0.425	0.102	0.101	0.108	0.105	0.109	0.112	0.106	0.104	0.102	0.103	0.110	0.104	0.699	0.800	0.826	0.837	0.901	0.906	0.904	1.022	0.732	0.585	0.347	0.344	1.040	0.841	0.750	0.602	0.652	0.962	0.803	0.913	0.919	0.982	1.459	1.323	0.103	0.108	0.112	0.109	0.113	0.106	0.102	0.111	0.118	0.106	0.117	0.110	0.931	1.016	1.052	1.017	1.032	1.072	1.069	1.303	1.246	0.903	0.589	0.551	0.102	0.111	0.107	0.117	0.106	0.104	0.110	0.107	0.111	0.108	0.104	0.108	0.755	1.090	1.155	1.144	1.141	1.154	1.176	1.288	1.295	0.911	0.347	0.329
12:01:09	37.1	1.549	1.624	1.621	1.615	1.605	1.573	1.571	1.616	1.554	1.289	0.436	0.421	0.102	0.100	0.108	0.105	0.109	0.111	0.106	0.104	0.101	0.102	0.110	0.104	0.700	0.807	0.837	0.849	0.903	0.911	0.901	1.023	0.730	0.580	0.343	0.336	1.051	0.840	0.743	0.614	0.651	0.965	0.813	0.920	0.924	0.988	1.467	1.332	0.103	0.108	0.112	0.109	0.113	0.106	0.102	0.110	0.118	0.106	0.117	0.110	0.937	1.015	1.059	1.019	1.035	1.082	1.082	1.321	1.257	0.907	0.583	0.550	0.102	0.111	0.106	0.117	0.105	0.104	0.109	0.106	0.110	0.108	0.104	0.108	0.760	1.095	1.161	1.148	1.149	1.164	1.185	1.293	1.299	0.910	0.345	0.327
13:01:09	37.0	1.552	1.630	1.625	1.621	1.609	1.577	1.575	1.621	1.560	1.294	0.432	0.410	0.102	0.101	0.108	0.105	0.109	0.111	0.106	0.104	0.102	0.102	0.110	0.104	0.701	0.818	0.847	0.858	0.912	0.915	0.907	1.025	0.725	0.576	0.341	0.326	1.069	0.840	0.738	0.624	0.652	0.972	0.820	0.926	0.932	0.995	1.476	1.339	0.103	0.108	0.112	0.109	0.113	0.106	0.102	0.110	0.118	0.106	0.117	0.110	0.939	1.017	1.066	1.022	1.041	1.099	1.096	1.337	1.269	0.911	0.578	0.545	0.102	0.111	0.106	0.117	0.105	0.104	0.110	0.106	0.110	0.108	0.104	0.108	0.768	1.104	1.168	1.155	1.157	1.171	1.192	1.299	1.301	0.909	0.343	0.321
14:01:09	37.0	1.557	1.634	1.631	1.627	1.614	1.582	1.579	1.625	1.563	1.298	0.429	0.399	0.102	0.101	0.108	0.105	0.109	0.111	0.106	0.104	0.101	0.102	0.110	0.104	0.707	0.827	0.858	0.862	0.924	0.924	0.913	1.035	0.723	0.573	0.338	0.317	1.081	0.838	0.731	0.633	0.652	0.979	0.828	0.939	0.939	1.001	1.486	1.350	0.103	0.108	0.112	0.109	0.113	0.106	0.102	0.110	0.117	0.106	0.117	0.110	0.936	1.017	1.072	1.026	1.048	1.120	1.116	1.354	1.281	0.915	0.573	0.546	0.102	0.111	0.106	0.117	0.105	0.104	0.109	0.106	0.110	0.107	0.104	0.108	0.772	1.113	1.175	1.167	1.164	1.179	1.198	1.305	1.304	0.907	0.342	0.318
15:01:10	37.0	1.561	1.642	1.636	1.633	1.620	1.587	1.584	1.629	1.567	1.302	0.425	0.394	0.102	0.101	0.108	0.105	0.109	0.111	0.106	0.104	0.101	0.102	0.110	0.104	0.717	0.836	0.869	0.877	0.945	0.945	0.925	1.042	0.724	0.571	0.337	0.312	1.102	0.838	0.724	0.649	0.656	0.984	0.834	0.947	0.948	1.010	1.493	1.360	0.103	0.108	0.112	0.109	0.112	0.106	0.102	0.110	0.117	0.106	0.117	0.110	0.942	1.017	1.079	1.032	1.053	1.136	1.132	1.368	1.292	0.918	0.568	0.537	0.102	0.111	0.106	0.117	0.105	0.104	0.109	0.106	0.110	0.108	0.104	0.108	0.771	1.119	1.179	1.171	1.170	1.183	1.203	1.309	1.306	0.905	0.340	0.315
16:01:10	37.1	1.564	1.648	1.642	1.638	1.625	1.592	1.589	1.633	1.570	1.304	0.423	0.389	0.102	0.101	0.108	0.105	0.109	0.111	0.106	0.104	0.102	0.102	0.109	0.104	0.734	0.866	0.891	0.894	0.955	0.957	0.946	1.050	0.725	0.571	0.335	0.305	1.123	0.838	0.723	0.660	0.657	0.991	0.840	0.956	0.956	1.023	1.498	1.372	0.103	0.108	0.112	0.109	0.112	0.106	0.102	0.110	0.117	0.106	0.117	0.110	0.948	1.016	1.082	1.036	1.056	1.156	1.148	1.382	1.300	0.921	0.564	0.533	0.102	0.111	0.106	0.117	0.105	0.104	0.109	0.106	0.110	0.108	0.104	0.108	0.772	1.118	1.177	1.171	1.167	1.182	1.202	1.308	1.302	0.903	0.338	0.316
17:01:11	37.1	1.567	1.651	1.645	1.641	1.627	1.593	1.590	1.636	1.573	1.307	0.421	0.378	0.102	0.101	0.108	0.105	0.109	0.111	0.106	0.104	0.102	0.102	0.109	0.104	0.735	0.854	0.877	0.888	0.950	0.947	0.936	1.050	0.722	0.568	0.333	0.300	1.143	0.842	0.719	0.677	0.660	0.996	0.850	0.970	0.962	1.035	1.505	1.382	0.103	0.108	0.113	0.109	0.113	0.106	0.102	0.110	0.117	0.106	0.117	0.110	0.955	1.014	1.089	1.042	1.062	1.179	1.171	1.399	1.314	0.930	0.561	0.528	0.102	0.111	0.106	0.117	0.105	0.104	0.109	0.106	0.110	0.108	0.104	0.108	0.777	1.125	1.187	1.179	1.177	1.194	1.210	1.316	1.307	0.902	0.337	0.314
18:01:11	37.1	1.569	1.654	1.649	1.643	1.629	1.595	1.591	1.638	1.575	1.310	0.418	0.372	0.102	0.101	0.108	0.105	0.109	0.111	0.106	0.104	0.102	0.103	0.109	0.104	0.741	0.865	0.890	0.893	0.956	0.953	0.938	1.049	0.717	0.566	0.331	0.295	1.164	0.846	0.722	0.687	0.667	1.006	0.860	0.979	0.967	1.040	1.509	1.392	0.103	0.108	0.112	0.109	0.113	0.106	0.102	0.110	0.118	0.106	0.117	0.110	0.954	1.016	1.093	1.044	1.071	1.197	1.188	1.412	1.324	0.935	0.558	0.525	0.102	0.111	0.106	0.117	0.105	0.104	0.109	0.106	0.111	0.108	0.104	0.108	0.782	1.130	1.192	1.184	1.181	1.198	1.218	1.318	1.308	0.901	0.336	0.314
19:01:11	37.1	1.570	1.658	1.652	1.647	1.632	1.598	1.593	1.641	1.578	1.313	0.415	0.364	0.102	0.101	0.108	0.105	0.109	0.111	0.106	0.104	0.101	0.102	0.109	0.104	0.750	0.872	0.898	0.896	0.962	0.957	0.939	1.051	0.714	0.564	0.330	0.291	1.189	0.852	0.721	0.697	0.674	1.017	0.873	0.992	0.975	1.052	1.515	1.402	0.103	0.108	0.112	0.109	0.113	0.106	0.102	0.110	0.118	0.106	0.117	0.110	0.960	1.018	1.102	1.052	1.077	1.217	1.208	1.422	1.332	0.939	0.556	0.522	0.102	0.111	0.106	0.117	0.105	0.104	0.109	0.106	0.111	0.108	0.104	0.108	0.784	1.139	1.198	1.190	1.187	1.202	1.222	1.324	1.310	0.900	0.334	0.311
20:01:11	37.0	1.574	1.662	1.656	1.650	1.635	1.600	1.596	1.643	1.580	1.315	0.414	0.360	0.102	0.100	0.108	0.105	0.109	0.111	0.106	0.104	0.102	0.102	0.108	0.104	0.758	0.875	0.894	0.893	0.962	0.963	0.945	1.055	0.717	0.563	0.328	0.288	1.216	0.860	0.719	0.707	0.685	1.030	0.886	1.011	0.989	1.066	1.521	1.412	0.103	0.108	0.112	0.109	0.112	0.106	0.102	0.110	0.117	0.106	0.117	0.110	0.959	1.018	1.106	1.047	1.089	1.238	1.226	1.434	1.343	0.944	0.553	0.517	0.102	0.111	0.106	0.117	0.105	0.104	0.109	0.106	0.110	0.107	0.104	0.108	0.785	1.140	1.206	1.196	1.188	1.206	1.227	1.327	1.311	0.898	0.333	0.311
21:01:12	37.1	1.576	1.665	1.659	1.653	1.638	1.602	1.598	1.646	1.582	1.319	0.412	0.354	0.102	0.101	0.108	0.105	0.109	0.111	0.106	0.104	0.102	0.102	0.109	0.104	0.778	0.884	0.907	0.904	0.974	0.972	0.948	1.056	0.714	0.562	0.327	0.285	1.249	0.878	0.722	0.717	0.703	1.042	0.905	1.030	0.993	1.078	1.527	1.422	0.103	0.108	0.112	0.109	0.112	0.106	0.102	0.110	0.117	0.106	0.117	0.110	0.971	1.018	1.115	1.057	1.095	1.261	1.241	1.444	1.352	0.949	0.551	0.514	0.102	0.111	0.106	0.117	0.105	0.104	0.109	0.106	0.110	0.107	0.104	0.108	0.788	1.147	1.210	1.199	1.197	1.211	1.229	1.328	1.312	0.896	0.332	0.310
22:01:12	37.1	1.578	1.667	1.662	1.655	1.640	1.605	1.599	1.648	1.585	1.320	0.410	0.350	0.102	0.101	0.107	0.105	0.109	0.111	0.106	0.104	0.101	0.102	0.108	0.104	0.786	0.888	0.905	0.908	0.986	0.972	0.954	1.060	0.711	0.560	0.325	0.282	1.282	0.895	0.727	0.724	0.721	1.057	0.927	1.050	1.001	1.092	1.531	1.430	0.103	0.108	0.112	0.109	0.112	0.106	0.102	0.110	0.117	0.106	0.117	0.110	0.974	1.021	1.120	1.063	1.104	1.278	1.260	1.455	1.361	0.956	0.548	0.512	0.102	0.110	0.106	0.117	0.105	0.104	0.109	0.106	0.110	0.107	0.104	0.108	0.789	1.153	1.216	1.204	1.205	1.216	1.233	1.332	1.314	0.894	0.331	0.308
23:01:13	37.0	1.582	1.672	1.667	1.659	1.643	1.606	1.602	1.651	1.587	1.322	0.409	0.346	0.102	0.101	0.108	0.105	0.109	0.111	0.106	0.104	0.101	0.102	0.109	0.104	0.803	0.913	0.931	0.939	0.998	0.992	0.968	1.070	0.713	0.560	0.324	0.281	1.317	0.911	0.735	0.733	0.742	1.074	0.948	1.071	1.013	1.103	1.536	1.437	0.103	0.108	0.112	0.109	0.112	0.106	0.102	0.110	0.117	0.106	0.117	0.110	0.971	1.019	1.125	1.067	1.106	1.295	1.271	1.463	1.367	0.959	0.547	0.509	0.102	0.111	0.106	0.117	0.105	0.104	0.109	0.106	0.110	0.107	0.104	0.108	0.790	1.156	1.215	1.207	1.205	1.219	1.237	1.334	1.313	0.892	0.330	0.308
24:01:13	37.1	1.583	1.675	1.668	1.661	1.645	1.608	1.604	1.654	1.588	1.325	0.407	0.342	0.102	0.101	0.108	0.105	0.109	0.111	0.106	0.104	0.102	0.102	0.108	0.104	0.794	0.909	0.924	0.930	0.991	0.983	0.956	1.065	0.711	0.560	0.322	0.279	1.353	0.929	0.743	0.743	0.775	1.087	0.972	1.105	1.028	1.118	1.541	1.445	0.103	0.108	0.112	0.109	0.112	0.106	0.102	0.110	0.117	0.106	0.117	0.110	0.981	1.019	1.128	1.072	1.116	1.314	1.290	1.474	1.378	0.966	0.545	0.508	0.102	0.111	0.106	0.117	0.105	0.104	0.109	0.106	0.110	0.107	0.104	0.108	0.795	1.161	1.220	1.211	1.212	1.225	1.240	1.336	1.313	0.891	0.329	0.307
25:01:13	37.1	1.583	1.676	1.669	1.662	1.646	1.609	1.605	1.654	1.590	1.325	0.405	0.338	0.102	0.101	0.108	0.105	0.109	0.111	0.106	0.104	0.102	0.102	0.109	0.104	0.791	0.918	0.920	0.923	0.991	0.986	0.959	1.067	0.711	0.560	0.321	0.277	1.384	0.959	0.757	0.762	0.814	1.101	1.002	1.147	1.042	1.137	1.546	1.451	0.103	0.108	0.112	0.109	0.112	0.106	0.102	0.110	0.117	0.106	0.117	0.110	0.980	1.021	1.134	1.077	1.123	1.336	1.307	1.484	1.387	0.969	0.543	0.506	0.102	0.111	0.106	0.117	0.105	0.104	0.109	0.106	0.110	0.107	0.104	0.108	0.799	1.163	1.223	1.215	1.212	1.226	1.244	1.338	1.314	0.889	0.328	0.306
0:00:00																																																																																																	
0:00:00																																																																																																	
0:00:00																																																																																																	
0:00:00																																																																																																	
0:00:00																																																																																																	
0:00:00																																																																																																	
0:00:00																																																																																																	
0:00:00																																																																																																	
0:00:00																																																																																																	
0:00:00																																																																																																	
0:00:00																																																																																																	
0:00:00																																																																																																	
0:00:00																																																																																																	
0:00:00																																																																																																	
0:00:00																																																																																																	
0:00:00																																																																																																	
0:00:00																																																																																																	
0:00:00																																																																																																	
0:00:00																																																																																																	
0:00:00																																																																																																	
0:00:00																																																																																																	
0:00:00																																																																																																	
0:00:00																																																																																																	

Results
	1	2	3	4	5	6	7	8	9	10	11	12
A	0.191	0.221	0.230	0.239	0.241	0.242	0.241	0.248	0.273	0.197	0.220	0.490	Max V [578]
	0.965	0.973	0.976	0.960	0.955	0.947	0.989	0.955	0.980	0.873	0.830	0.862	R-Squared [578]
	3:01:05	3:01:05	3:01:05	3:01:05	3:01:05	3:01:05	5:01:06	3:01:05	3:01:05	3:01:05	3:01:05	2:01:05	t at Max V [578]
	0:30:17	1:03:41	1:20:17	2:00:11	1:41:00	1:28:16	1:58:45	1:00:29	1:13:00	0:40:12	1:40:13	0:02:20	Lagtime [578]
B	-0.001	-0.002	0.004	0.001	-0.001	-0.002	0.001	-0.001	0.001	0.001	-0.006	0.001	Max V [578]
	0.750	0.563	0.554	0.675	0.692	0.893	0.529	0.692	0.692	0.941	0.951	0.529	R-Squared [578]
	4:01:05	2:01:05	2:01:05	2:01:05	14:01:10	19:01:12	7:01:07	4:01:05	2:01:05	16:01:10	8:01:07	7:01:07	t at Max V [578]
	?????	?????	?????	?????	9:41:08	12:37:10	10:41:08	3:21:05	?????	19:31:12	6:14:49	4:01:06	Lagtime [578]
C	0.221	0.348	0.336	0.350	0.385	0.370	0.396	0.290	0.085	-0.093	-0.285	-0.161	Max V [578]
	0.985	0.961	0.973	0.972	0.989	0.989	0.999	0.987	0.890	0.987	0.822	0.997	R-Squared [578]
	21:01:12	5:01:06	5:01:06	5:01:06	4:01:05	3:01:05	3:01:05	3:01:05	5:01:06	10:01:08	2:01:05	11:01:09	t at Max V [578]
	15:14:42	3:06:53	2:57:27	2:09:12	1:27:48	1:48:40	1:20:33	0:37:31	3:21:50	4:18:32	?????	7:45:46	Lagtime [578]
D	0.570	0.474	0.441	0.225	0.458	0.323	0.398	0.483	0.265	0.522	0.313	0.459	Max V [578]
	1.000	1.000	1.000	0.995	0.973	0.990	0.994	0.971	0.940	0.971	0.953	0.954	R-Squared [578]
	23:01:13	2:01:05	6:01:06	16:01:10	23:01:13	2:01:05	23:01:13	23:01:13	2:01:05	2:01:05	2:01:05	2:01:05	t at Max V [578]
	10:27:25	?????	1:12:57	5:50:51	13:46:04	?????	12:51:15	13:29:50	?????	?????	?????	?????	Lagtime [578]
E	-0.001	-0.002	-0.001	-0.003	-0.002	-0.001	-0.001	-0.001	-0.003	-0.001	-0.005	0.001	Max V [578]
	0.681	0.480	0.893	0.628	0.864	0.675	0.692	0.500	0.843	0.880	0.814	0.500	R-Squared [578]
	4:01:05	2:01:05	19:01:12	2:01:05	2:01:05	2:01:05	13:01:10	20:01:12	23:01:13	3:01:05	2:01:05	3:01:05	t at Max V [578]
	2:01:04	?????	12:37:10	?????	?????	?????	8:41:08	19:01:11	19:26:27	4:34:26	?????	2:21:04	Lagtime [578]
F	0.327	0.363	0.288	0.302	0.327	0.343	0.323	0.488	0.438	0.096	0.265	0.420	Max V [578]
	0.953	0.903	0.992	0.951	0.972	0.998	0.998	0.997	0.983	0.925	0.882	0.928	R-Squared [578]
	2:01:05	2:01:05	2:01:05	2:01:05	2:01:05	20:01:12	18:01:11	6:01:06	2:01:05	2:01:05	3:01:05	3:01:05	t at Max V [578]
	0:20:51	?????	0:06:21	?????	?????	4:49:35	4:34:59	1:23:46	0:13:46	0:08:36	1:19:20	0:50:17	Lagtime [578]
G	-0.001	-0.002	0.002	-0.003	-0.001	-0.001	-0.001	-0.002	-0.003	-0.001	0.001	0.001	Max V [578]
	0.800	0.893	0.581	0.785	0.454	0.889	0.889	0.781	0.668	0.889	0.308	0.750	R-Squared [578]
	14:01:10	20:01:12	2:01:05	2:01:05	11:01:09	14:01:10	20:01:12	3:01:05	2:01:05	20:01:12	22:01:12	2:01:05	t at Max V [578]
	9:01:08	15:25:10	?????	?????	7:01:07	13:16:09	18:16:11	1:49:04	?????	15:46:10	?????	?????	Lagtime [578]
H	0.160	0.220	0.292	0.274	0.286	0.235	0.323	0.308	0.228	-0.030	-0.212	-0.058	Max V [578]
	0.977	0.987	0.996	1.000	0.988	0.981	0.986	0.998	0.991	0.998	0.947	0.980	R-Squared [578]
	10:01:08	2:01:05	2:01:05	2:01:05	2:01:05	2:01:05	2:01:05	2:01:05	2:01:05	22:01:12	2:01:05	13:01:10	t at Max V [578]
	4:59:10	0:10:59	?????	?????	?????	?????	?????	?????	?????	11:02:46	?????	3:33:36	Lagtime [578]

