

Software Version	3.12.08



Experiment File Path:	C:\Users\Sarela\Documents\Rita Pires\Exp43_RP_2plates_part2_01072024_Exp44_RP_2plates_part1_02072024.xpt
Protocol File Path:	C:\Users\Public\Documents\Protocols\New_96well_578_24H.prt



Plate Number	Plate 1
Date	7/2/2024
Time	1:01:21 PM
Reader Type:	Epoch 2
Reader Serial Number:	2202232E
Reading Type	Reader

Procedure Details

Plate Type	96 WELL PLATE
Discontinuous Kinetics	Runtime 2:00:00 (D:HH:MM), Interval 0:01:00, 49 Reads
Eject plate on completion	
Set Temperature	Setpoint 37°C, Gradient 0 °C
Shake	Double Orbital: 0:01:01 (HH:MM:SS)
	Frequency: 282 cpm (3 mm)
Read	Absorbance Endpoint
	Full Plate
	Wavelengths:  578
	Read Speed: Normal,  Delay: 100 msec,  Measurements/Data Point: 8

578

Time	T° 578	A1	A2	A3	A4	A5	A6	A7	A8	A9	A10	A11	A12	B1	B2	B3	B4	B5	B6	B7	B8	B9	B10	B11	B12	C1	C2	C3	C4	C5	C6	C7	C8	C9	C10	C11	C12	D1	D2	D3	D4	D5	D6	D7	D8	D9	D10	D11	D12	E1	E2	E3	E4	E5	E6	E7	E8	E9	E10	E11	E12	F1	F2	F3	F4	F5	F6	F7	F8	F9	F10	F11	F12	G1	G2	G3	G4	G5	G6	G7	G8	G9	G10	G11	G12	H1	H2	H3	H4	H5	H6	H7	H8	H9	H10	H11	H12
0:01:05	37.1	0.981	1.128	1.170	1.199	1.119	1.018	0.909	0.870	0.661	0.906	0.765	0.445	0.110	0.107	0.105	0.115	0.104	0.114	0.126	0.115	0.105	0.117	0.109	0.109	0.824	1.058	1.072	1.055	1.144	1.098	1.059	1.087	1.051	1.055	0.689	0.551	0.719	0.809	0.790	0.670	0.675	0.845	0.734	0.727	0.763	1.486	1.262	1.069	0.104	0.104	0.110	0.107	0.108	0.110	0.106	0.105	0.108	0.105	0.109	0.104	1.063	1.241	1.169	1.171	1.241	1.214	1.228	1.315	1.313	1.169	0.522	0.444	0.102	0.099	0.102	0.109	0.106	0.115	0.109	0.113	0.120	0.109	0.104	0.105	0.520	0.497	0.550	0.486	0.510	0.495	0.501	0.513	0.558	1.074	1.178	0.878
1:01:05	37.1	0.993	1.144	1.183	1.210	1.126	1.027	0.916	0.881	0.661	0.906	0.767	0.446	0.110	0.107	0.105	0.115	0.104	0.114	0.126	0.115	0.105	0.117	0.109	0.108	0.832	1.065	1.071	1.054	1.140	1.091	1.054	1.088	1.061	1.053	0.689	0.556	0.721	0.814	0.794	0.672	0.677	0.847	0.736	0.734	0.767	1.493	1.268	1.068	0.104	0.104	0.110	0.107	0.108	0.110	0.106	0.105	0.108	0.105	0.109	0.104	1.069	1.249	1.176	1.178	1.252	1.227	1.246	1.323	1.324	1.195	0.525	0.443	0.102	0.101	0.106	0.109	0.103	0.114	0.108	0.107	0.119	0.108	0.104	0.105	0.522	0.499	0.553	0.489	0.513	0.499	0.505	0.516	0.558	1.072	1.187	0.893
2:01:05	37.1	1.008	1.161	1.190	1.224	1.136	1.037	0.926	0.885	0.661	0.906	0.761	0.449	0.110	0.107	0.105	0.115	0.104	0.114	0.126	0.115	0.105	0.117	0.109	0.108	0.841	1.073	1.079	1.063	1.145	1.104	1.052	1.086	1.060	1.051	0.689	0.557	0.730	0.819	0.799	0.676	0.681	0.853	0.739	0.737	0.764	1.497	1.280	1.081	0.104	0.104	0.110	0.107	0.108	0.110	0.106	0.105	0.108	0.105	0.109	0.104	1.090	1.258	1.211	1.191	1.244	1.222	1.254	1.325	1.331	1.200	0.529	0.438	0.102	0.099	0.107	0.109	0.119	0.114	0.109	0.112	0.120	0.108	0.104	0.106	0.527	0.502	0.557	0.494	0.517	0.504	0.509	0.514	0.559	1.068	1.191	0.904
3:01:05	37.1	1.021	1.178	1.206	1.233	1.147	1.044	0.933	0.893	0.659	0.905	0.755	0.444	0.109	0.107	0.105	0.115	0.104	0.114	0.126	0.115	0.105	0.117	0.109	0.109	0.846	1.081	1.089	1.075	1.158	1.113	1.055	1.088	1.059	1.048	0.691	0.557	0.739	0.831	0.806	0.680	0.686	0.858	0.742	0.740	0.768	1.502	1.288	1.084	0.104	0.104	0.110	0.107	0.108	0.110	0.106	0.105	0.108	0.105	0.108	0.105	1.099	1.274	1.203	1.204	1.262	1.238	1.255	1.325	1.338	1.210	0.533	0.432	0.101	0.101	0.106	0.108	0.109	0.114	0.109	0.117	0.120	0.108	0.105	0.105	0.532	0.505	0.560	0.498	0.520	0.506	0.512	0.509	0.559	1.067	1.195	0.910
4:01:06	37.1	1.036	1.194	1.210	1.243	1.154	1.052	0.941	0.901	0.660	0.907	0.757	0.446	0.109	0.107	0.104	0.115	0.103	0.114	0.125	0.115	0.105	0.117	0.109	0.108	0.853	1.091	1.095	1.088	1.168	1.126	1.054	1.093	1.070	1.046	0.695	0.556	0.746	0.839	0.811	0.688	0.691	0.860	0.745	0.744	0.767	1.513	1.290	1.085	0.104	0.104	0.110	0.107	0.108	0.110	0.105	0.105	0.108	0.105	0.108	0.104	1.113	1.275	1.220	1.222	1.269	1.247	1.260	1.331	1.342	1.218	0.535	0.430	0.102	0.100	0.108	0.109	0.103	0.114	0.109	0.109	0.120	0.108	0.105	0.106	0.536	0.507	0.564	0.502	0.524	0.508	0.514	0.505	0.559	1.065	1.203	0.920
5:01:06	37.1	1.054	1.209	1.228	1.252	1.164	1.061	0.948	0.905	0.658	0.906	0.749	0.442	0.109	0.107	0.105	0.115	0.104	0.126	0.126	0.115	0.105	0.117	0.109	0.108	0.855	1.096	1.107	1.098	1.173	1.132	1.053	1.101	1.059	1.043	0.700	0.556	0.751	0.846	0.817	0.691	0.695	0.862	0.749	0.744	0.766	1.515	1.294	1.084	0.104	0.104	0.110	0.107	0.108	0.110	0.105	0.105	0.108	0.105	0.108	0.105	1.122	1.280	1.230	1.222	1.281	1.261	1.274	1.342	1.352	1.229	0.536	0.432	0.102	0.099	0.107	0.109	0.103	0.114	0.109	0.107	0.119	0.108	0.105	0.105	0.542	0.510	0.566	0.507	0.527	0.505	0.511	0.502	0.560	1.064	1.209	0.924
6:01:07	37.1	1.067	1.225	1.240	1.263	1.173	1.070	0.954	0.910	0.658	0.903	0.745	0.444	0.109	0.107	0.105	0.115	0.104	0.114	0.125	0.115	0.105	0.117	0.109	0.108	0.863	1.095	1.111	1.101	1.176	1.134	1.057	1.098	1.054	1.045	0.714	0.556	0.762	0.848	0.822	0.700	0.701	0.867	0.749	0.744	0.764	1.522	1.299	1.085	0.104	0.104	0.110	0.107	0.108	0.110	0.105	0.105	0.108	0.105	0.108	0.105	1.136	1.288	1.235	1.229	1.282	1.266	1.274	1.346	1.356	1.236	0.538	0.431	0.102	0.099	0.106	0.108	0.112	0.114	0.109	0.109	0.119	0.109	0.105	0.106	0.549	0.514	0.565	0.506	0.526	0.502	0.509	0.499	0.561	1.064	1.213	0.929
7:01:07	37.1	1.082	1.240	1.244	1.271	1.181	1.076	0.961	0.914	0.658	0.904	0.743	0.445	0.109	0.107	0.105	0.115	0.104	0.114	0.125	0.115	0.104	0.117	0.109	0.108	0.871	1.101	1.121	1.108	1.194	1.143	1.069	1.103	1.056	1.044	0.736	0.557	0.774	0.854	0.828	0.707	0.705	0.868	0.750	0.743	0.762	1.529	1.306	1.090	0.104	0.104	0.110	0.107	0.108	0.110	0.105	0.105	0.108	0.105	0.108	0.105	1.131	1.294	1.256	1.250	1.295	1.273	1.286	1.353	1.363	1.244	0.538	0.429	0.102	0.100	0.105	0.108	0.104	0.113	0.109	0.108	0.109	0.108	0.105	0.105	0.556	0.514	0.562	0.503	0.524	0.500	0.506	0.496	0.561	1.063	1.222	0.930
8:01:07	37.1	1.090	1.252	1.254	1.279	1.186	1.083	0.967	0.921	0.658	0.904	0.745	0.451	0.109	0.107	0.104	0.115	0.104	0.114	0.124	0.115	0.104	0.117	0.109	0.108	0.880	1.106	1.125	1.118	1.196	1.147	1.076	1.108	1.064	1.041	0.763	0.558	0.785	0.859	0.834	0.714	0.709	0.873	0.750	0.744	0.761	1.532	1.306	1.086	0.104	0.104	0.110	0.106	0.108	0.110	0.105	0.105	0.108	0.105	0.108	0.104	1.137	1.302	1.256	1.244	1.299	1.280	1.290	1.358	1.372	1.259	0.540	0.427	0.102	0.099	0.107	0.108	0.105	0.113	0.109	0.115	0.109	0.108	0.104	0.106	0.559	0.512	0.561	0.502	0.521	0.498	0.504	0.494	0.562	1.062	1.226	0.934
9:01:08	37.1	1.106	1.262	1.263	1.287	1.193	1.088	0.972	0.925	0.656	0.902	0.741	0.451	0.109	0.107	0.105	0.115	0.103	0.114	0.124	0.115	0.105	0.117	0.109	0.108	0.886	1.111	1.134	1.126	1.210	1.159	1.084	1.113	1.066	1.039	0.814	0.559	0.787	0.868	0.840	0.721	0.714	0.875	0.752	0.742	0.759	1.538	1.305	1.088	0.104	0.104	0.110	0.107	0.108	0.110	0.105	0.105	0.108	0.105	0.108	0.105	1.156	1.305	1.258	1.254	1.312	1.284	1.298	1.365	1.378	1.269	0.542	0.432	0.102	0.100	0.106	0.108	0.103	0.113	0.109	0.108	0.109	0.108	0.104	0.106	0.562	0.511	0.559	0.500	0.520	0.496	0.501	0.493	0.562	1.063	1.233	0.938
10:01:08	37.1	1.118	1.279	1.273	1.293	1.200	1.093	0.976	0.929	0.657	0.899	0.741	0.446	0.109	0.107	0.104	0.115	0.104	0.114	0.116	0.115	0.105	0.117	0.109	0.108	0.886	1.117	1.138	1.128	1.216	1.158	1.084	1.117	1.065	1.040	0.863	0.559	0.800	0.873	0.845	0.727	0.717	0.876	0.753	0.743	0.756	1.540	1.312	1.089	0.104	0.104	0.110	0.107	0.108	0.110	0.105	0.105	0.108	0.105	0.108	0.105	1.152	1.311	1.276	1.256	1.312	1.288	1.302	1.368	1.385	1.279	0.546	0.434	0.102	0.100	0.106	0.108	0.124	0.114	0.109	0.108	0.109	0.108	0.105	0.106	0.564	0.511	0.557	0.498	0.518	0.495	0.498	0.491	0.563	1.063	1.238	0.941
11:01:08	37.1	1.130	1.291	1.284	1.299	1.204	1.097	0.981	0.932	0.655	0.901	0.739	0.442	0.109	0.107	0.104	0.115	0.104	0.114	0.116	0.115	0.105	0.117	0.109	0.108	0.898	1.121	1.138	1.136	1.215	1.163	1.087	1.119	1.068	1.039	0.909	0.561	0.808	0.876	0.849	0.728	0.725	0.879	0.755	0.743	0.755	1.546	1.313	1.087	0.104	0.104	0.110	0.107	0.108	0.110	0.105	0.105	0.108	0.105	0.108	0.105	1.162	1.315	1.272	1.266	1.321	1.301	1.305	1.373	1.390	1.290	0.549	0.436	0.102	0.099	0.106	0.108	0.103	0.113	0.109	0.108	0.109	0.107	0.105	0.106	0.567	0.509	0.555	0.497	0.516	0.493	0.497	0.488	0.564	1.064	1.240	0.940
12:01:08	37.1	1.140	1.302	1.291	1.304	1.209	1.103	0.985	0.937	0.654	0.898	0.736	0.442	0.109	0.107	0.104	0.115	0.104	0.114	0.116	0.115	0.105	0.117	0.109	0.108	0.909	1.128	1.143	1.141	1.222	1.168	1.094	1.119	1.069	1.040	0.954	0.566	0.825	0.884	0.855	0.735	0.733	0.882	0.753	0.740	0.754	1.550	1.315	1.093	0.104	0.104	0.110	0.106	0.108	0.110	0.105	0.105	0.108	0.105	0.108	0.105	1.169	1.315	1.288	1.277	1.327	1.302	1.316	1.372	1.396	1.298	0.551	0.423	0.103	0.099	0.104	0.108	0.105	0.113	0.108	0.109	0.109	0.107	0.104	0.106	0.570	0.508	0.556	0.495	0.513	0.492	0.494	0.486	0.565	1.065	1.248	0.943
13:01:08	37.1	1.154	1.313	1.297	1.307	1.212	1.108	0.990	0.943	0.653	0.900	0.738	0.436	0.109	0.107	0.104	0.115	0.104	0.114	0.116	0.115	0.105	0.117	0.109	0.108	0.914	1.129	1.137	1.139	1.229	1.175	1.097	1.121	1.066	1.038	0.990	0.571	0.841	0.891	0.859	0.743	0.738	0.884	0.754	0.741	0.754	1.554	1.314	1.091	0.104	0.104	0.110	0.107	0.108	0.110	0.105	0.105	0.108	0.104	0.108	0.105	1.165	1.328	1.289	1.273	1.329	1.310	1.316	1.376	1.402	1.308	0.555	0.423	0.103	0.099	0.104	0.107	0.103	0.113	0.109	0.109	0.109	0.107	0.106	0.106	0.573	0.506	0.555	0.495	0.512	0.491	0.493	0.485	0.565	1.065	1.250	0.940
14:01:09	37.1	1.163	1.325	1.307	1.318	1.217	1.112	0.992	0.947	0.651	0.899	0.736	0.437	0.109	0.107	0.104	0.115	0.104	0.114	0.116	0.115	0.105	0.117	0.109	0.108	0.917	1.131	1.140	1.142	1.231	1.175	1.098	1.124	1.071	1.038	1.022	0.576	0.867	0.894	0.863	0.750	0.741	0.884	0.757	0.739	0.753	1.558	1.318	1.090	0.104	0.104	0.110	0.107	0.108	0.110	0.105	0.105	0.108	0.104	0.108	0.105	1.178	1.328	1.292	1.279	1.345	1.312	1.326	1.381	1.406	1.317	0.559	0.424	0.103	0.101	0.104	0.108	0.103	0.113	0.109	0.108	0.110	0.108	0.104	0.106	0.576	0.505	0.554	0.495	0.510	0.489	0.490	0.484	0.566	1.066	1.252	0.939
15:01:09	37.1	1.176	1.333	1.310	1.321	1.219	1.113	0.995	0.950	0.651	0.897	0.736	0.430	0.109	0.107	0.105	0.115	0.104	0.114	0.116	0.115	0.105	0.117	0.109	0.108	0.911	1.134	1.141	1.144	1.228	1.181	1.102	1.130	1.070	1.041	1.052	0.582	0.898	0.901	0.867	0.757	0.751	0.887	0.757	0.740	0.752	1.562	1.319	1.089	0.104	0.104	0.110	0.107	0.108	0.110	0.105	0.105	0.108	0.105	0.108	0.105	1.183	1.335	1.285	1.294	1.347	1.315	1.326	1.381	1.411	1.322	0.563	0.417	0.103	0.099	0.104	0.108	0.103	0.114	0.109	0.107	0.110	0.108	0.104	0.106	0.581	0.504	0.552	0.492	0.509	0.489	0.489	0.483	0.566	1.066	1.256	0.939
16:01:10	37.1	1.183	1.341	1.318	1.327	1.222	1.117	1.000	0.957	0.651	0.896	0.736	0.428	0.109	0.107	0.104	0.114	0.104	0.113	0.116	0.115	0.104	0.116	0.109	0.108	0.926	1.140	1.148	1.146	1.238	1.187	1.111	1.131	1.065	1.041	1.075	0.582	0.936	0.908	0.872	0.755	0.753	0.888	0.756	0.737	0.751	1.566	1.324	1.091	0.104	0.104	0.110	0.106	0.107	0.110	0.105	0.105	0.108	0.104	0.108	0.105	1.184	1.330	1.304	1.290	1.353	1.321	1.329	1.382	1.408	1.332	0.568	0.419	0.103	0.099	0.103	0.106	0.119	0.114	0.108	0.115	0.110	0.107	0.105	0.106	0.581	0.502	0.550	0.491	0.507	0.487	0.488	0.481	0.567	1.064	1.260	0.935
17:01:10	37.1	1.197	1.349	1.319	1.332	1.228	1.120	1.003	0.960	0.649	0.896	0.737	0.431	0.109	0.107	0.104	0.114	0.104	0.113	0.116	0.115	0.105	0.117	0.108	0.108	0.926	1.134	1.152	1.153	1.241	1.191	1.121	1.132	1.065	1.041	1.091	0.590	0.988	0.912	0.877	0.758	0.756	0.889	0.754	0.738	0.750	1.568	1.320	1.095	0.104	0.104	0.110	0.106	0.108	0.110	0.105	0.105	0.108	0.104	0.108	0.105	1.183	1.344	1.313	1.300	1.367	1.329	1.340	1.389	1.411	1.337	0.576	0.419	0.103	0.102	0.103	0.107	0.103	0.113	0.109	0.107	0.110	0.107	0.105	0.104	0.586	0.502	0.549	0.491	0.507	0.486	0.486	0.480	0.567	1.070	1.267	0.937
18:01:11	37.1	1.204	1.363	1.323	1.336	1.232	1.123	1.009	0.962	0.650	0.896	0.739	0.428	0.109	0.107	0.104	0.115	0.104	0.114	0.116	0.115	0.104	0.117	0.109	0.108	0.924	1.139	1.149	1.151	1.239	1.191	1.117	1.136	1.068	1.045	1.104	0.599	1.045	0.915	0.879	0.762	0.761	0.893	0.753	0.736	0.749	1.573	1.319	1.097	0.104	0.104	0.110	0.107	0.108	0.110	0.105	0.105	0.108	0.104	0.108	0.105	1.195	1.336	1.304	1.305	1.353	1.331	1.340	1.389	1.413	1.345	0.584	0.425	0.103	0.100	0.103	0.107	0.104	0.113	0.109	0.108	0.110	0.108	0.105	0.104	0.586	0.500	0.549	0.490	0.505	0.485	0.486	0.479	0.569	1.070	1.270	0.934
19:01:12	37.0	1.215	1.367	1.323	1.341	1.232	1.125	1.009	0.964	0.647	0.893	0.728	0.425	0.109	0.107	0.104	0.115	0.104	0.113	0.116	0.115	0.105	0.117	0.109	0.108	0.924	1.151	1.156	1.156	1.243	1.192	1.129	1.143	1.069	1.049	1.111	0.618	1.110	0.926	0.882	0.766	0.765	0.889	0.754	0.736	0.753	1.575	1.321	1.098	0.104	0.104	0.110	0.107	0.108	0.110	0.105	0.105	0.108	0.104	0.108	0.105	1.198	1.342	1.315	1.298	1.360	1.332	1.345	1.395	1.409	1.350	0.594	0.428	0.102	0.099	0.102	0.107	0.103	0.113	0.109	0.107	0.110	0.108	0.104	0.104	0.589	0.500	0.548	0.491	0.504	0.484	0.484	0.478	0.569	1.074	1.272	0.937
20:01:12	37.1	1.226	1.379	1.323	1.339	1.239	1.129	1.014	0.969	0.647	0.892	0.733	0.430	0.109	0.107	0.104	0.115	0.104	0.114	0.116	0.115	0.104	0.117	0.109	0.108	0.927	1.136	1.161	1.157	1.249	1.195	1.133	1.145	1.063	1.061	1.122	0.631	1.175	0.935	0.887	0.781	0.766	0.894	0.755	0.739	0.757	1.573	1.325	1.110	0.104	0.104	0.110	0.106	0.108	0.110	0.105	0.105	0.108	0.104	0.108	0.105	1.205	1.348	1.314	1.311	1.371	1.329	1.346	1.396	1.417	1.357	0.607	0.438	0.102	0.099	0.102	0.106	0.103	0.113	0.109	0.106	0.110	0.107	0.105	0.104	0.595	0.499	0.547	0.490	0.503	0.483	0.483	0.477	0.569	1.079	1.274	0.935
21:01:14	37.1	1.234	1.389	1.337	1.349	1.243	1.135	1.018	0.974	0.646	0.892	0.726	0.432	0.109	0.107	0.104	0.115	0.103	0.113	0.116	0.115	0.104	0.117	0.108	0.108	0.940	1.141	1.157	1.157	1.250	1.192	1.133	1.147	1.070	1.059	1.129	0.642	1.244	0.942	0.888	0.793	0.773	0.895	0.756	0.740	0.755	1.578	1.323	1.112	0.104	0.104	0.110	0.107	0.107	0.110	0.105	0.104	0.108	0.104	0.108	0.105	1.202	1.342	1.316	1.308	1.364	1.338	1.350	1.401	1.411	1.363	0.619	0.446	0.103	0.099	0.102	0.107	0.105	0.114	0.109	0.106	0.112	0.107	0.104	0.104	0.598	0.499	0.547	0.490	0.502	0.483	0.482	0.476	0.571	1.077	1.273	0.934
22:01:14	37.1	1.238	1.395	1.337	1.352	1.244	1.139	1.022	0.975	0.644	0.890	0.717	0.422	0.109	0.107	0.104	0.115	0.104	0.114	0.116	0.115	0.104	0.117	0.109	0.108	0.943	1.147	1.156	1.154	1.251	1.200	1.138	1.153	1.075	1.066	1.136	0.655	1.303	0.947	0.894	0.797	0.772	0.896	0.756	0.741	0.754	1.579	1.326	1.124	0.104	0.104	0.110	0.106	0.108	0.110	0.105	0.105	0.108	0.104	0.107	0.105	1.202	1.343	1.329	1.313	1.372	1.342	1.355	1.403	1.416	1.369	0.634	0.457	0.103	0.100	0.102	0.106	0.111	0.114	0.109	0.112	0.111	0.107	0.104	0.102	0.602	0.501	0.546	0.488	0.502	0.483	0.481	0.475	0.571	1.079	1.272	0.938
23:01:15	37.1	1.250	1.405	1.340	1.356	1.253	1.141	1.027	0.980	0.643	0.889	0.712	0.421	0.109	0.107	0.104	0.115	0.104	0.113	0.116	0.115	0.104	0.117	0.109	0.108	0.936	1.137	1.162	1.158	1.252	1.196	1.142	1.155	1.068	1.072	1.142	0.676	1.342	0.957	0.896	0.799	0.778	0.897	0.755	0.738	0.754	1.581	1.326	1.127	0.104	0.104	0.110	0.107	0.108	0.110	0.105	0.104	0.108	0.104	0.107	0.105	1.202	1.342	1.315	1.312	1.372	1.342	1.357	1.407	1.415	1.375	0.649	0.471	0.103	0.099	0.102	0.106	0.117	0.113	0.109	0.109	0.110	0.107	0.105	0.102	0.608	0.501	0.545	0.489	0.501	0.483	0.481	0.474	0.572	1.083	1.266	0.938
24:01:15	37.1	1.260	1.409	1.343	1.361	1.255	1.147	1.032	0.983	0.643	0.888	0.715	0.417	0.109	0.107	0.104	0.114	0.103	0.113	0.116	0.115	0.104	0.117	0.109	0.108	0.953	1.143	1.160	1.167	1.258	1.203	1.142	1.159	1.080	1.075	1.148	0.690	1.385	0.964	0.900	0.810	0.783	0.898	0.763	0.738	0.756	1.582	1.327	1.139	0.104	0.104	0.109	0.106	0.107	0.110	0.105	0.104	0.108	0.104	0.107	0.105	1.216	1.334	1.333	1.320	1.373	1.346	1.354	1.410	1.417	1.376	0.666	0.494	0.103	0.099	0.102	0.106	0.114	0.112	0.109	0.108	0.110	0.108	0.104	0.102	0.612	0.500	0.545	0.489	0.500	0.481	0.480	0.473	0.573	1.086	1.270	0.939
0:00:00																																																																																																	
0:00:00																																																																																																	
0:00:00																																																																																																	
0:00:00																																																																																																	
0:00:00																																																																																																	
0:00:00																																																																																																	
0:00:00																																																																																																	
0:00:00																																																																																																	
0:00:00																																																																																																	
0:00:00																																																																																																	
0:00:00																																																																																																	
0:00:00																																																																																																	
0:00:00																																																																																																	
0:00:00																																																																																																	
0:00:00																																																																																																	
0:00:00																																																																																																	
0:00:00																																																																																																	
0:00:00																																																																																																	
0:00:00																																																																																																	
0:00:00																																																																																																	
0:00:00																																																																																																	
0:00:00																																																																																																	
0:00:00																																																																																																	
0:00:00																																																																																																	

Results
	1	2	3	4	5	6	7	8	9	10	11	12
A	0.253	0.275	0.202	0.187	0.156	0.144	0.135	0.123	-0.021	-0.021	-0.082	-0.063	Max V [578]
	0.999	1.000	0.977	0.996	0.998	0.994	0.997	0.986	0.984	0.790	0.831	0.859	R-Squared [578]
	5:01:06	2:01:06	4:01:06	2:01:06	3:01:06	2:01:06	2:01:06	2:01:06	12:01:09	10:01:08	22:01:14	22:01:14	t at Max V [578]
	0:18:51	0:02:06	0:20:39	?????	0:11:51	?????	?????	?????	6:41:26	6:12:22	12:55:53	16:31:10	Lagtime [578]
B	-0.002	-0.001	-0.001	-0.001	-0.001	-0.041	-0.042	-0.001	-0.001	-0.001	-0.001	-0.001	Max V [578]
	0.926	0.391	0.750	0.593	0.920	0.506	0.835	0.750	0.942	0.750	0.942	0.625	R-Squared [578]
	22:01:14	15:01:09	2:01:06	2:01:06	7:01:07	7:01:07	9:01:08	6:01:07	6:01:07	2:01:06	15:01:09	12:01:09	t at Max V [578]
	17:13:11	10:41:07	?????	?????	6:47:47	7:52:54	6:53:28	?????	2:35:23	?????	14:09:43	6:01:07	Lagtime [578]
C	0.135	0.137	0.145	0.187	0.162	0.172	0.134	0.082	0.059	0.087	0.795	0.252	Max V [578]
	0.939	0.994	0.992	0.996	0.958	0.991	0.979	0.998	0.699	0.892	0.999	0.986	R-Squared [578]
	11:01:08	2:01:06	3:01:06	3:01:06	8:01:08	3:01:06	7:01:07	8:01:08	2:01:06	19:01:12	10:01:08	22:01:14	t at Max V [578]
	1:42:52	0:09:49	1:13:29	1:12:04	2:26:11	1:32:44	5:54:40	3:42:32	?????	19:48:01	6:25:29	14:54:32	Lagtime [578]
D	1.083	0.140	0.098	0.161	0.104	0.066	0.053	0.065	-0.032	0.105	0.129	0.123	Max V [578]
	1.000	0.991	0.998	0.963	0.977	0.980	0.987	0.963	0.973	0.964	0.965	0.945	R-Squared [578]
	20:01:13	3:01:06	3:01:06	20:01:13	11:01:08	2:01:06	3:01:06	2:01:06	8:01:08	2:01:06	2:01:06	22:01:14	t at Max V [578]
	12:59:46	0:36:01	0:27:10	8:41:41	3:00:56	0:08:55	0:26:15	?????	6:55:47	0:06:03	?????	14:49:03	Lagtime [578]
E	0.001	-0.001	-0.001	-0.001	-0.001	-0.001	-0.002	-0.001	-0.002	-0.002	-0.002	0.001	Max V [578]
	0.750	0.893	0.533	0.696	0.721	0.817	0.926	0.723	1.000	1.000	0.970	0.417	R-Squared [578]
	18:01:11	11:01:08	5:01:06	4:01:06	7:01:07	2:01:06	4:01:06	22:01:14	15:01:09	2:01:06	20:01:13	5:01:06	t at Max V [578]
	17:41:11	11:25:08	2:31:05	3:16:05	5:18:15	0:35:22	0:49:04	12:41:07	11:01:07	?????	12:17:07	3:01:05	Lagtime [578]
F	0.220	0.154	0.213	0.216	0.159	0.183	0.125	0.115	0.123	0.188	0.248	0.228	Max V [578]
	0.979	0.954	0.839	0.980	0.926	0.970	0.942	0.980	0.994	0.916	0.995	0.960	R-Squared [578]
	2:01:06	2:01:06	2:01:06	2:01:06	4:01:06	4:01:06	5:01:06	5:01:06	8:01:08	2:01:06	22:01:14	22:01:14	t at Max V [578]
	0:10:59	0:02:38	?????	0:16:10	1:14:24	1:04:04	?????	1:31:46	0:09:33	?????	14:26:51	20:46:39	Lagtime [578]
G	0.005	-0.010	0.019	-0.005	-0.069	-0.006	-0.004	-0.031	-0.055	-0.005	-0.004	-0.010	Max V [578]
	0.677	0.776	0.643	0.793	0.519	0.968	0.495	0.627	0.792	0.801	0.486	0.950	R-Squared [578]
	11:01:08	19:01:12	2:01:06	7:01:07	12:01:09	7:01:07	10:01:08	18:01:11	6:01:07	8:01:08	20:01:13	17:01:11	t at Max V [578]
	9:33:52	19:24:26	?????	5:51:26	12:23:27	4:02:38	10:48:05	15:51:26	4:45:20	3:49:29	21:30:07	16:04:01	Lagtime [578]
H	0.103	0.048	0.057	0.073	0.058	0.052	0.054	-0.061	0.014	0.054	0.107	0.167	Max V [578]
	0.991	0.979	0.999	0.998	0.999	0.959	0.979	0.993	0.967	0.932	0.989	0.973	R-Squared [578]
	5:01:06	4:01:06	2:01:06	3:01:06	2:01:06	2:01:06	2:01:06	4:01:06	10:01:08	18:01:11	5:01:06	2:01:06	t at Max V [578]
	1:19:53	0:22:55	0:04:15	0:14:26	?????	?????	?????	2:00:45	3:41:34	18:43:02	0:18:39	?????	Lagtime [578]



Software Version	3.12.08



Experiment File Path:	C:\Users\Sarela\Documents\Rita Pires\Exp43_RP_2plates_part2_01072024_Exp44_RP_2plates_part1_02072024.xpt
Protocol File Path:	C:\Users\Public\Documents\Protocols\New_96well_578_24H.prt



Plate Number	Plate 2
Date	7/2/2024
Time	1:03:45 PM
Reader Type:	Epoch 2
Reader Serial Number:	2202232E
Reading Type	Reader

Procedure Details

Plate Type	96 WELL PLATE
Discontinuous Kinetics	Runtime 2:00:00 (D:HH:MM), Interval 0:01:00, 49 Reads
Eject plate on completion	
Set Temperature	Setpoint 37°C, Gradient 0 °C
Shake	Double Orbital: 0:01:01 (HH:MM:SS)
	Frequency: 282 cpm (3 mm)
Read	Absorbance Endpoint
	Full Plate
	Wavelengths:  578
	Read Speed: Normal,  Delay: 100 msec,  Measurements/Data Point: 8

578

Time	T° 578	A1	A2	A3	A4	A5	A6	A7	A8	A9	A10	A11	A12	B1	B2	B3	B4	B5	B6	B7	B8	B9	B10	B11	B12	C1	C2	C3	C4	C5	C6	C7	C8	C9	C10	C11	C12	D1	D2	D3	D4	D5	D6	D7	D8	D9	D10	D11	D12	E1	E2	E3	E4	E5	E6	E7	E8	E9	E10	E11	E12	F1	F2	F3	F4	F5	F6	F7	F8	F9	F10	F11	F12	G1	G2	G3	G4	G5	G6	G7	G8	G9	G10	G11	G12	H1	H2	H3	H4	H5	H6	H7	H8	H9	H10	H11	H12
0:01:05	37.1	1.008	1.207	1.252	1.298	1.217	1.098	0.940	0.931	0.712	0.907	0.843	0.461	0.106	0.107	0.107	0.108	0.106	0.125	0.108	0.106	0.114	0.107	0.108	0.103	0.932	1.113	1.134	1.151	1.199	1.172	1.131	1.149	1.135	1.079	0.757	0.737	0.873	0.780	0.836	0.809	0.844	0.799	0.799	0.818	0.807	1.409	1.327	1.180	0.108	0.101	0.110	0.107	0.104	0.110	0.106	0.108	0.108	0.108	0.104	0.105	1.075	1.235	1.220	1.252	1.285	1.284	1.272	1.355	1.434	1.350	0.587	0.533	0.109	0.103	0.105	0.108	0.105	0.107	0.111	0.101	0.107	0.110	0.103	0.107	0.571	0.564	0.620	0.607	0.585	0.546	0.595	0.545	0.574	1.108	1.180	0.903
1:01:05	37.1	0.983	1.187	1.219	1.254	1.176	1.061	0.910	0.904	0.676	0.870	0.802	0.421	0.105	0.107	0.107	0.108	0.106	0.124	0.108	0.106	0.115	0.107	0.108	0.103	0.895	1.075	1.089	1.098	1.157	1.117	1.076	1.102	1.083	1.030	0.716	0.705	0.838	0.741	0.791	0.790	0.798	0.751	0.758	0.775	0.763	1.384	1.290	1.142	0.107	0.101	0.110	0.107	0.104	0.110	0.106	0.108	0.108	0.107	0.104	0.105	1.053	1.214	1.209	1.230	1.265	1.258	1.240	1.325	1.400	1.315	0.549	0.489	0.109	0.103	0.105	0.108	0.105	0.107	0.110	0.101	0.107	0.110	0.103	0.107	0.539	0.525	0.585	0.565	0.545	0.511	0.554	0.509	0.529	1.063	1.161	0.892
2:01:06	37.1	0.995	1.204	1.226	1.264	1.185	1.071	0.920	0.909	0.673	0.869	0.795	0.417	0.106	0.107	0.107	0.108	0.106	0.124	0.108	0.106	0.115	0.107	0.108	0.103	0.900	1.095	1.098	1.108	1.171	1.126	1.084	1.102	1.086	1.026	0.719	0.710	0.843	0.747	0.795	0.795	0.802	0.757	0.763	0.778	0.770	1.391	1.299	1.153	0.107	0.101	0.110	0.107	0.104	0.111	0.106	0.108	0.108	0.107	0.104	0.105	1.067	1.232	1.231	1.250	1.279	1.281	1.253	1.336	1.411	1.322	0.556	0.494	0.109	0.103	0.105	0.108	0.105	0.107	0.110	0.101	0.107	0.110	0.103	0.107	0.544	0.529	0.589	0.571	0.550	0.516	0.560	0.515	0.527	1.062	1.162	0.899
3:01:06	37.1	1.005	1.220	1.239	1.276	1.195	1.079	0.930	0.916	0.671	0.868	0.790	0.410	0.105	0.107	0.107	0.108	0.106	0.124	0.108	0.106	0.115	0.107	0.108	0.103	0.912	1.103	1.110	1.117	1.180	1.130	1.094	1.107	1.086	1.025	0.729	0.718	0.848	0.753	0.800	0.798	0.805	0.762	0.764	0.775	0.768	1.398	1.302	1.164	0.107	0.100	0.110	0.106	0.104	0.110	0.105	0.108	0.108	0.107	0.104	0.105	1.082	1.237	1.239	1.268	1.292	1.294	1.264	1.347	1.421	1.327	0.560	0.497	0.109	0.103	0.105	0.108	0.105	0.107	0.110	0.101	0.107	0.110	0.103	0.107	0.548	0.533	0.593	0.578	0.554	0.521	0.566	0.518	0.526	1.062	1.169	0.906
4:01:07	37.1	1.020	1.235	1.252	1.284	1.204	1.088	0.941	0.927	0.672	0.868	0.789	0.409	0.106	0.107	0.107	0.108	0.106	0.124	0.108	0.106	0.115	0.107	0.108	0.103	0.917	1.107	1.118	1.132	1.190	1.146	1.098	1.111	1.093	1.023	0.744	0.725	0.856	0.762	0.802	0.802	0.808	0.763	0.765	0.779	0.769	1.405	1.310	1.172	0.108	0.101	0.110	0.107	0.104	0.110	0.106	0.108	0.108	0.107	0.104	0.105	1.096	1.255	1.254	1.277	1.301	1.306	1.280	1.357	1.433	1.335	0.564	0.498	0.109	0.103	0.105	0.108	0.105	0.107	0.110	0.101	0.107	0.110	0.103	0.107	0.555	0.537	0.598	0.583	0.558	0.527	0.569	0.517	0.523	1.061	1.177	0.914
5:01:07	37.1	1.031	1.250	1.266	1.294	1.213	1.099	0.951	0.934	0.672	0.868	0.785	0.404	0.105	0.107	0.107	0.108	0.106	0.125	0.108	0.106	0.115	0.107	0.108	0.103	0.925	1.118	1.130	1.142	1.197	1.149	1.103	1.115	1.089	1.023	0.766	0.730	0.862	0.766	0.810	0.805	0.814	0.772	0.770	0.783	0.770	1.409	1.315	1.178	0.107	0.100	0.110	0.107	0.104	0.110	0.105	0.108	0.108	0.107	0.104	0.105	1.106	1.260	1.263	1.286	1.311	1.312	1.292	1.366	1.440	1.340	0.564	0.499	0.109	0.103	0.105	0.108	0.105	0.107	0.110	0.101	0.107	0.109	0.103	0.107	0.560	0.540	0.602	0.587	0.563	0.528	0.570	0.512	0.522	1.061	1.184	0.921
6:01:07	37.1	1.047	1.266	1.276	1.302	1.220	1.108	0.961	0.943	0.671	0.868	0.782	0.407	0.105	0.107	0.107	0.108	0.106	0.133	0.108	0.106	0.115	0.107	0.108	0.103	0.939	1.132	1.141	1.150	1.206	1.157	1.107	1.116	1.096	1.020	0.795	0.735	0.874	0.774	0.814	0.811	0.820	0.773	0.773	0.783	0.765	1.415	1.322	1.187	0.107	0.101	0.110	0.107	0.104	0.110	0.105	0.108	0.108	0.107	0.104	0.105	1.121	1.264	1.269	1.288	1.314	1.319	1.298	1.375	1.454	1.347	0.566	0.498	0.109	0.103	0.105	0.108	0.105	0.107	0.110	0.101	0.107	0.110	0.103	0.107	0.567	0.545	0.602	0.587	0.566	0.526	0.569	0.510	0.521	1.063	1.192	0.929
7:01:08	37.1	1.060	1.281	1.288	1.311	1.229	1.117	0.969	0.949	0.669	0.866	0.780	0.401	0.105	0.107	0.107	0.108	0.106	0.133	0.108	0.106	0.115	0.107	0.108	0.103	0.945	1.137	1.150	1.160	1.212	1.164	1.114	1.120	1.096	1.019	0.831	0.738	0.881	0.782	0.817	0.816	0.822	0.776	0.774	0.785	0.767	1.419	1.325	1.192	0.107	0.100	0.110	0.106	0.104	0.110	0.105	0.108	0.108	0.107	0.104	0.105	1.126	1.270	1.275	1.294	1.317	1.319	1.300	1.379	1.458	1.353	0.575	0.502	0.109	0.103	0.105	0.108	0.105	0.107	0.110	0.101	0.107	0.110	0.103	0.107	0.573	0.545	0.601	0.583	0.566	0.524	0.566	0.507	0.522	1.063	1.197	0.929
8:01:08	37.1	1.075	1.294	1.299	1.320	1.237	1.124	0.976	0.954	0.668	0.865	0.777	0.398	0.105	0.107	0.107	0.108	0.106	0.119	0.108	0.106	0.113	0.107	0.108	0.103	0.943	1.137	1.155	1.163	1.218	1.170	1.121	1.125	1.095	1.017	0.875	0.737	0.889	0.787	0.823	0.817	0.826	0.780	0.773	0.786	0.765	1.426	1.330	1.194	0.107	0.101	0.110	0.107	0.104	0.110	0.105	0.108	0.108	0.107	0.104	0.105	1.136	1.280	1.285	1.302	1.323	1.322	1.304	1.384	1.465	1.361	0.577	0.503	0.109	0.103	0.105	0.108	0.105	0.107	0.110	0.101	0.107	0.110	0.103	0.107	0.575	0.543	0.598	0.580	0.563	0.521	0.562	0.504	0.521	1.064	1.206	0.940
9:01:08	37.1	1.084	1.309	1.307	1.328	1.239	1.130	0.981	0.960	0.668	0.864	0.775	0.394	0.105	0.107	0.107	0.108	0.106	0.119	0.108	0.106	0.113	0.107	0.108	0.103	0.957	1.135	1.162	1.167	1.225	1.178	1.127	1.129	1.095	1.014	0.916	0.735	0.894	0.797	0.829	0.828	0.831	0.786	0.772	0.790	0.769	1.432	1.330	1.195	0.107	0.100	0.109	0.107	0.104	0.110	0.105	0.107	0.108	0.107	0.104	0.105	1.149	1.288	1.289	1.308	1.324	1.329	1.306	1.387	1.467	1.369	0.582	0.502	0.109	0.103	0.105	0.108	0.105	0.107	0.110	0.101	0.107	0.109	0.103	0.107	0.579	0.541	0.596	0.580	0.560	0.519	0.559	0.501	0.520	1.064	1.210	0.940
10:01:09	37.1	1.096	1.320	1.313	1.334	1.244	1.136	0.989	0.966	0.668	0.864	0.779	0.394	0.105	0.107	0.107	0.108	0.106	0.119	0.108	0.106	0.113	0.107	0.108	0.103	0.959	1.142	1.167	1.170	1.229	1.183	1.129	1.132	1.093	1.014	0.961	0.739	0.903	0.805	0.833	0.833	0.835	0.788	0.778	0.786	0.772	1.433	1.335	1.198	0.107	0.101	0.109	0.107	0.104	0.110	0.105	0.107	0.108	0.107	0.104	0.105	1.148	1.289	1.292	1.314	1.332	1.329	1.309	1.389	1.477	1.372	0.586	0.503	0.109	0.103	0.105	0.108	0.105	0.107	0.110	0.101	0.107	0.109	0.103	0.107	0.583	0.540	0.595	0.579	0.559	0.517	0.556	0.499	0.520	1.064	1.217	0.945
11:01:09	37.1	1.107	1.333	1.319	1.339	1.256	1.142	0.993	0.969	0.666	0.863	0.780	0.392	0.108	0.107	0.107	0.107	0.106	0.119	0.107	0.106	0.113	0.107	0.108	0.103	0.966	1.148	1.167	1.175	1.233	1.186	1.135	1.135	1.091	1.014	0.999	0.739	0.910	0.811	0.837	0.836	0.840	0.793	0.777	0.788	0.777	1.440	1.339	1.205	0.107	0.100	0.109	0.106	0.104	0.110	0.105	0.107	0.108	0.107	0.104	0.105	1.151	1.293	1.295	1.316	1.333	1.336	1.311	1.394	1.481	1.381	0.589	0.497	0.109	0.103	0.105	0.108	0.105	0.107	0.110	0.101	0.107	0.109	0.103	0.106	0.586	0.539	0.593	0.576	0.557	0.517	0.555	0.496	0.519	1.065	1.222	0.945
12:01:09	37.1	1.114	1.341	1.323	1.345	1.264	1.149	0.998	0.973	0.665	0.861	0.778	0.389	0.118	0.107	0.107	0.108	0.106	0.119	0.108	0.106	0.113	0.107	0.108	0.103	0.961	1.154	1.176	1.173	1.240	1.191	1.138	1.144	1.097	1.014	1.030	0.739	0.920	0.815	0.844	0.847	0.846	0.794	0.778	0.784	0.775	1.445	1.338	1.208	0.107	0.100	0.109	0.106	0.104	0.110	0.105	0.108	0.108	0.107	0.104	0.105	1.172	1.298	1.312	1.324	1.341	1.335	1.319	1.395	1.488	1.383	0.599	0.494	0.109	0.103	0.105	0.108	0.105	0.107	0.110	0.101	0.107	0.109	0.103	0.107	0.588	0.538	0.590	0.575	0.555	0.513	0.552	0.493	0.519	1.066	1.228	0.946
13:01:09	37.1	1.126	1.353	1.337	1.348	1.268	1.150	1.002	0.977	0.664	0.861	0.775	0.388	0.118	0.107	0.107	0.107	0.106	0.119	0.107	0.106	0.113	0.107	0.108	0.103	0.971	1.157	1.175	1.178	1.239	1.197	1.141	1.148	1.093	1.014	1.054	0.738	0.931	0.823	0.849	0.851	0.850	0.794	0.785	0.785	0.778	1.446	1.345	1.216	0.107	0.100	0.109	0.106	0.104	0.110	0.105	0.107	0.108	0.107	0.104	0.105	1.175	1.303	1.309	1.328	1.346	1.333	1.316	1.397	1.488	1.389	0.607	0.496	0.109	0.103	0.105	0.108	0.105	0.107	0.110	0.101	0.107	0.109	0.103	0.107	0.590	0.536	0.590	0.573	0.554	0.512	0.550	0.491	0.519	1.067	1.230	0.945
14:01:09	37.1	1.135	1.362	1.339	1.350	1.274	1.153	1.006	0.980	0.662	0.860	0.772	0.384	0.114	0.107	0.106	0.107	0.106	0.119	0.107	0.106	0.113	0.107	0.108	0.103	0.972	1.156	1.180	1.180	1.243	1.202	1.144	1.151	1.094	1.013	1.077	0.737	0.960	0.830	0.856	0.857	0.853	0.803	0.785	0.784	0.786	1.448	1.348	1.223	0.107	0.100	0.109	0.106	0.104	0.110	0.105	0.107	0.108	0.107	0.104	0.105	1.177	1.309	1.321	1.334	1.346	1.338	1.326	1.404	1.492	1.394	0.616	0.497	0.109	0.103	0.105	0.108	0.105	0.107	0.110	0.101	0.107	0.109	0.103	0.107	0.595	0.535	0.588	0.572	0.552	0.510	0.547	0.490	0.518	1.070	1.235	0.943
15:01:10	37.1	1.145	1.371	1.347	1.360	1.277	1.162	1.012	0.983	0.662	0.858	0.775	0.386	0.114	0.107	0.107	0.108	0.106	0.119	0.108	0.106	0.113	0.107	0.108	0.103	0.972	1.159	1.185	1.183	1.248	1.202	1.148	1.149	1.091	1.014	1.092	0.738	0.982	0.838	0.862	0.861	0.859	0.803	0.790	0.780	0.791	1.455	1.353	1.227	0.107	0.101	0.109	0.106	0.104	0.110	0.105	0.107	0.108	0.107	0.104	0.105	1.185	1.315	1.316	1.334	1.350	1.340	1.329	1.407	1.496	1.400	0.629	0.501	0.109	0.103	0.105	0.108	0.105	0.107	0.110	0.101	0.107	0.109	0.103	0.107	0.597	0.535	0.586	0.569	0.549	0.508	0.546	0.489	0.519	1.071	1.239	0.942
16:01:10	37.1	1.155	1.380	1.345	1.363	1.278	1.165	1.016	0.985	0.661	0.857	0.773	0.379	0.105	0.107	0.107	0.107	0.106	0.119	0.107	0.106	0.113	0.107	0.108	0.103	0.981	1.163	1.185	1.186	1.252	1.206	1.154	1.155	1.090	1.013	1.106	0.736	1.008	0.845	0.867	0.862	0.862	0.807	0.791	0.781	0.791	1.457	1.353	1.232	0.107	0.100	0.109	0.106	0.104	0.110	0.105	0.107	0.108	0.107	0.104	0.105	1.191	1.320	1.322	1.326	1.354	1.342	1.331	1.409	1.496	1.407	0.638	0.500	0.109	0.103	0.105	0.108	0.105	0.107	0.110	0.101	0.107	0.109	0.103	0.107	0.600	0.533	0.585	0.568	0.549	0.507	0.544	0.487	0.518	1.071	1.243	0.941
17:01:11	37.1	1.162	1.391	1.353	1.367	1.285	1.169	1.021	0.987	0.659	0.855	0.765	0.379	0.105	0.107	0.106	0.108	0.106	0.119	0.107	0.106	0.112	0.107	0.108	0.103	0.989	1.161	1.192	1.187	1.255	1.208	1.159	1.158	1.091	1.014	1.119	0.734	1.036	0.852	0.871	0.873	0.864	0.807	0.794	0.779	0.796	1.460	1.359	1.238	0.107	0.100	0.109	0.106	0.104	0.110	0.105	0.107	0.108	0.107	0.104	0.105	1.187	1.313	1.322	1.339	1.361	1.338	1.329	1.412	1.496	1.411	0.648	0.502	0.109	0.103	0.105	0.108	0.105	0.107	0.109	0.101	0.107	0.109	0.103	0.107	0.602	0.533	0.585	0.567	0.547	0.507	0.543	0.486	0.519	1.074	1.247	0.941
18:01:12	37.1	1.171	1.400	1.364	1.371	1.293	1.173	1.026	0.992	0.659	0.855	0.762	0.378	0.105	0.106	0.106	0.107	0.106	0.119	0.107	0.105	0.112	0.107	0.108	0.103	0.995	1.159	1.191	1.195	1.255	1.215	1.159	1.161	1.087	1.014	1.131	0.732	1.073	0.860	0.872	0.873	0.869	0.813	0.793	0.777	0.798	1.462	1.360	1.245	0.107	0.100	0.109	0.106	0.104	0.110	0.105	0.107	0.108	0.107	0.104	0.105	1.192	1.316	1.319	1.336	1.360	1.343	1.337	1.414	1.493	1.412	0.658	0.505	0.109	0.103	0.105	0.108	0.105	0.107	0.109	0.101	0.107	0.109	0.103	0.107	0.605	0.532	0.584	0.566	0.546	0.506	0.541	0.485	0.518	1.075	1.250	0.942
19:01:12	37.1	1.178	1.408	1.363	1.379	1.295	1.180	1.030	0.995	0.658	0.855	0.757	0.376	0.105	0.107	0.106	0.107	0.106	0.118	0.107	0.105	0.112	0.107	0.108	0.103	0.998	1.161	1.197	1.192	1.263	1.212	1.163	1.160	1.088	1.015	1.139	0.733	1.125	0.867	0.876	0.871	0.872	0.819	0.798	0.776	0.804	1.463	1.361	1.255	0.107	0.100	0.109	0.106	0.104	0.110	0.105	0.107	0.107	0.107	0.104	0.105	1.185	1.331	1.328	1.338	1.367	1.346	1.331	1.413	1.494	1.416	0.671	0.513	0.109	0.103	0.105	0.107	0.105	0.107	0.109	0.101	0.107	0.109	0.103	0.106	0.605	0.530	0.583	0.566	0.545	0.505	0.541	0.484	0.519	1.078	1.256	0.943
20:01:13	37.1	1.190	1.417	1.367	1.385	1.301	1.181	1.035	1.000	0.658	0.854	0.759	0.375	0.105	0.107	0.106	0.107	0.106	0.118	0.107	0.106	0.112	0.107	0.108	0.103	1.004	1.168	1.200	1.199	1.261	1.217	1.163	1.167	1.086	1.017	1.147	0.733	1.174	0.875	0.882	0.877	0.876	0.813	0.804	0.776	0.806	1.466	1.364	1.268	0.107	0.100	0.109	0.106	0.104	0.110	0.105	0.107	0.107	0.107	0.104	0.105	1.201	1.331	1.322	1.339	1.353	1.350	1.333	1.415	1.489	1.423	0.684	0.521	0.109	0.103	0.105	0.108	0.105	0.107	0.109	0.101	0.107	0.109	0.103	0.107	0.607	0.531	0.582	0.564	0.544	0.505	0.542	0.483	0.519	1.079	1.265	0.942
21:01:15	37.1	1.196	1.422	1.372	1.391	1.304	1.186	1.040	1.000	0.657	0.852	0.755	0.373	0.105	0.107	0.106	0.108	0.106	0.119	0.107	0.106	0.112	0.107	0.107	0.103	1.010	1.166	1.197	1.197	1.266	1.211	1.162	1.171	1.085	1.018	1.152	0.735	1.226	0.878	0.885	0.884	0.877	0.815	0.808	0.777	0.809	1.465	1.368	1.280	0.107	0.100	0.109	0.106	0.104	0.110	0.105	0.107	0.108	0.107	0.104	0.105	1.198	1.322	1.336	1.348	1.365	1.344	1.339	1.417	1.490	1.427	0.696	0.532	0.109	0.103	0.105	0.108	0.105	0.107	0.109	0.101	0.107	0.109	0.103	0.107	0.608	0.531	0.582	0.565	0.543	0.504	0.539	0.482	0.520	1.080	1.269	0.944
22:01:15	37.1	1.206	1.433	1.377	1.395	1.309	1.189	1.046	1.004	0.655	0.850	0.752	0.370	0.105	0.106	0.106	0.107	0.106	0.118	0.107	0.105	0.112	0.107	0.107	0.103	1.010	1.161	1.205	1.202	1.273	1.217	1.164	1.169	1.088	1.021	1.161	0.740	1.279	0.894	0.892	0.885	0.885	0.819	0.813	0.776	0.815	1.467	1.371	1.296	0.107	0.100	0.109	0.106	0.104	0.110	0.105	0.107	0.108	0.107	0.104	0.105	1.200	1.335	1.330	1.342	1.364	1.349	1.343	1.419	1.487	1.432	0.711	0.548	0.109	0.103	0.105	0.108	0.105	0.107	0.109	0.101	0.107	0.109	0.103	0.107	0.610	0.532	0.585	0.566	0.543	0.505	0.539	0.482	0.522	1.086	1.271	0.946
23:01:15	37.1	1.217	1.441	1.380	1.399	1.309	1.192	1.053	1.007	0.655	0.849	0.749	0.369	0.105	0.106	0.106	0.107	0.106	0.118	0.107	0.105	0.112	0.107	0.107	0.103	1.025	1.157	1.207	1.200	1.275	1.216	1.167	1.175	1.089	1.026	1.170	0.746	1.335	0.901	0.902	0.894	0.889	0.823	0.821	0.774	0.818	1.468	1.378	1.304	0.107	0.100	0.109	0.106	0.104	0.110	0.105	0.107	0.107	0.107	0.103	0.105	1.198	1.330	1.336	1.342	1.363	1.349	1.341	1.419	1.486	1.436	0.726	0.568	0.108	0.103	0.105	0.107	0.105	0.107	0.109	0.101	0.107	0.109	0.103	0.107	0.614	0.532	0.585	0.566	0.543	0.506	0.539	0.480	0.522	1.088	1.276	0.947
24:01:16	37.1	1.229	1.446	1.382	1.397	1.310	1.202	1.058	1.012	0.653	0.847	0.743	0.366	0.105	0.107	0.106	0.107	0.106	0.118	0.107	0.105	0.112	0.107	0.107	0.103	1.029	1.147	1.213	1.206	1.277	1.224	1.172	1.177	1.091	1.029	1.178	0.752	1.379	0.916	0.916	0.895	0.896	0.827	0.824	0.776	0.822	1.470	1.383	1.313	0.107	0.100	0.109	0.106	0.104	0.110	0.105	0.107	0.107	0.106	0.103	0.105	1.205	1.334	1.334	1.350	1.370	1.356	1.334	1.424	1.482	1.438	0.741	0.589	0.108	0.103	0.105	0.107	0.104	0.107	0.109	0.101	0.107	0.109	0.103	0.107	0.614	0.531	0.585	0.566	0.544	0.506	0.538	0.480	0.521	1.094	1.278	0.950
0:00:00																																																																																																	
0:00:00																																																																																																	
0:00:00																																																																																																	
0:00:00																																																																																																	
0:00:00																																																																																																	
0:00:00																																																																																																	
0:00:00																																																																																																	
0:00:00																																																																																																	
0:00:00																																																																																																	
0:00:00																																																																																																	
0:00:00																																																																																																	
0:00:00																																																																																																	
0:00:00																																																																																																	
0:00:00																																																																																																	
0:00:00																																																																																																	
0:00:00																																																																																																	
0:00:00																																																																																																	
0:00:00																																																																																																	
0:00:00																																																																																																	
0:00:00																																																																																																	
0:00:00																																																																																																	
0:00:00																																																																																																	
0:00:00																																																																																																	
0:00:00																																																																																																	

Results
	1	2	3	4	5	6	7	8	9	10	11	12
A	0.231	0.262	0.211	0.168	0.155	0.161	0.173	0.144	-0.141	-0.133	-0.197	-0.191	Max V [578]
	0.998	0.998	0.997	0.998	0.999	0.999	0.999	0.997	0.578	0.543	0.710	0.709	R-Squared [578]
	6:01:08	3:01:06	4:01:07	3:01:06	3:01:06	5:01:07	4:01:07	4:01:07	2:01:06	2:01:06	2:01:06	2:01:06	t at Max V [578]
	3:12:14	2:13:58	4:04:37	5:21:46	5:25:45	5:02:07	3:57:46	4:33:37	?????	?????	?????	?????	Lagtime [578]
B	0.063	-0.001	-0.001	-0.001	-0.001	-0.072	-0.003	-0.001	-0.007	-0.001	-0.001	-0.001	Max V [578]
	0.859	0.893	0.614	0.721	0.360	0.753	0.870	0.941	0.847	0.533	0.750	0.250	R-Squared [578]
	11:01:09	10:01:09	2:01:06	17:01:11	4:01:07	8:01:08	10:01:09	22:01:15	8:01:08	6:01:08	2:01:06	4:01:07	t at Max V [578]
	9:37:33	3:37:07	?????	9:35:23	?????	8:01:25	6:08:11	14:46:10	7:29:08	1:09:40	?????	2:01:06	Lagtime [578]
C	0.151	0.161	0.177	0.186	0.165	0.140	0.111	-0.116	-0.138	-0.194	0.701	0.109	Max V [578]
	0.971	0.933	0.998	0.992	0.985	0.960	0.968	0.319	0.359	0.598	0.999	0.994	R-Squared [578]
	4:01:07	3:01:06	4:01:07	3:01:06	3:01:06	3:01:06	3:01:06	2:01:06	2:01:06	2:01:06	9:01:09	3:01:06	t at Max V [578]
	5:33:48	4:20:52	5:21:34	5:53:36	5:00:16	7:39:31	8:59:21	?????	?????	?????	5:14:13	5:54:37	Lagtime [578]
D	0.873	0.173	0.141	0.114	-0.106	-0.101	-0.102	-0.128	-0.117	0.108	0.101	0.213	Max V [578]
	0.999	0.963	0.939	0.962	0.297	0.261	0.346	0.441	0.385	0.989	0.987	0.993	R-Squared [578]
	21:01:14	22:01:15	22:01:15	10:01:09	2:01:06	2:01:06	2:01:06	2:01:06	2:01:06	3:01:06	3:01:06	20:01:14	t at Max V [578]
	14:15:20	11:09:06	15:00:28	6:42:04	?????	?????	?????	?????	?????	4:44:49	6:55:12	13:05:48	Lagtime [578]
E	-0.001	-0.001	-0.002	-0.001	-0.001	-0.001	-0.002	-0.001	-0.001	-0.001	-0.001	-0.001	Max V [578]
	0.817	0.893	0.692	0.721	0.333	0.696	0.926	0.750	0.457	0.696	0.450	0.692	R-Squared [578]
	10:01:09	17:01:11	2:01:06	22:01:15	4:01:07	4:01:07	17:01:11	9:01:09	2:01:06	6:01:08	2:01:06	17:01:11	t at Max V [578]
	4:18:15	10:37:07	?????	13:44:00	2:41:06	2:16:06	10:49:07	3:14:27	?????	0:31:06	?????	11:21:08	Lagtime [578]
F	0.223	0.190	0.221	0.231	0.189	0.219	0.217	0.171	0.172	0.120	0.242	0.287	Max V [578]
	0.997	0.965	0.974	0.969	0.990	0.948	0.998	0.999	0.993	0.996	0.999	0.986	R-Squared [578]
	3:01:06	3:01:06	3:01:06	3:01:06	3:01:06	3:01:06	3:01:06	3:01:06	4:01:07	7:01:08	22:01:15	22:01:15	t at Max V [578]
	2:34:40	2:35:09	1:32:21	2:15:29	2:37:52	2:29:55	3:27:41	3:56:02	4:14:07	6:31:35	13:23:22	20:56:34	Lagtime [578]
G	-0.002	-0.001	-0.001	-0.001	-0.001	-0.001	-0.002	-0.001	-0.001	-0.002	-0.002	-0.001	Max V [578]
	0.756	0.893	0.243	0.500	0.557	0.692	0.676	0.817	0.781	0.800	0.532	0.750	R-Squared [578]
	22:01:15	9:01:09	2:01:06	4:01:07	2:01:06	3:01:06	6:01:08	6:01:08	17:01:11	3:01:06	3:01:06	17:01:11	t at Max V [578]
	19:17:35	7:25:08	?????	4:16:07	?????	?????	?????	4:35:24	11:49:08	0:31:05	0:13:05	11:41:07	Lagtime [578]
H	0.103	-0.074	0.073	0.095	-0.074	0.074	0.070	-0.077	-0.173	-0.158	0.123	0.126	Max V [578]
	0.997	0.210	0.999	0.991	0.203	0.966	0.926	0.283	0.588	0.532	0.999	1.000	R-Squared [578]
	5:01:07	2:01:06	3:01:06	3:01:06	2:01:06	3:01:06	3:01:06	2:01:06	2:01:06	2:01:06	4:01:07	4:01:07	t at Max V [578]
	6:42:49	?????	9:09:08	8:17:35	?????	8:43:42	10:19:10	?????	?????	?????	4:29:00	2:32:48	Lagtime [578]



Software Version	3.12.08



Experiment File Path:	C:\Users\Sarela\Documents\Rita Pires\Exp43_RP_2plates_part2_01072024_Exp44_RP_2plates_part1_02072024.xpt
Protocol File Path:	C:\Users\Public\Documents\Protocols\New_96well_578_24H.prt



Plate Number	Plate 3
Date	7/2/2024
Time	1:06:08 PM
Reader Type:	Epoch 2
Reader Serial Number:	2202232E
Reading Type	Reader

Procedure Details

Plate Type	96 WELL PLATE
Discontinuous Kinetics	Runtime 2:00:00 (D:HH:MM), Interval 0:01:00, 49 Reads
Eject plate on completion	
Set Temperature	Setpoint 37°C, Gradient 0 °C
Shake	Double Orbital: 0:01:01 (HH:MM:SS)
	Frequency: 282 cpm (3 mm)
Read	Absorbance Endpoint
	Full Plate
	Wavelengths:  578
	Read Speed: Normal,  Delay: 100 msec,  Measurements/Data Point: 8

578

Time	T° 578	A1	A2	A3	A4	A5	A6	A7	A8	A9	A10	A11	A12	B1	B2	B3	B4	B5	B6	B7	B8	B9	B10	B11	B12	C1	C2	C3	C4	C5	C6	C7	C8	C9	C10	C11	C12	D1	D2	D3	D4	D5	D6	D7	D8	D9	D10	D11	D12	E1	E2	E3	E4	E5	E6	E7	E8	E9	E10	E11	E12	F1	F2	F3	F4	F5	F6	F7	F8	F9	F10	F11	F12	G1	G2	G3	G4	G5	G6	G7	G8	G9	G10	G11	G12	H1	H2	H3	H4	H5	H6	H7	H8	H9	H10	H11	H12
0:01:05	37.1	0.150	0.102	0.109	0.100	0.117	0.120	0.120	0.112	0.122	0.114	0.119	0.104	0.107	0.111	0.111	0.113	0.116	0.113	0.110	0.116	0.115	0.109	0.114	0.108	0.101	0.106	0.103	0.115	0.106	0.105	0.108	0.117	0.105	0.107	0.102	0.104	0.109	0.099	0.104	0.133	0.111	0.111	0.103	0.111	0.116	0.103	0.102	0.108	0.114	0.103	0.115	0.111	0.107	0.110	0.103	0.112	0.121	0.112	0.105	0.106	0.116	0.100	0.103	0.117	0.105	0.098	0.110	0.101	0.105	0.102	0.107	0.117	0.104	0.106	0.099	0.108	0.112	0.100	0.110	0.102	0.108	0.103	0.110	0.110	0.100	0.101	0.108	0.106	0.102	0.103	0.098	0.100	0.115	0.122	0.104	0.100
1:01:05	37.1	0.129	0.100	0.109	0.100	0.116	0.119	0.119	0.111	0.120	0.114	0.118	0.104	0.107	0.111	0.111	0.113	0.116	0.112	0.110	0.116	0.114	0.109	0.113	0.108	0.101	0.106	0.103	0.115	0.107	0.106	0.108	0.117	0.106	0.108	0.103	0.104	0.109	0.100	0.105	0.132	0.110	0.111	0.103	0.111	0.116	0.102	0.101	0.108	0.114	0.103	0.114	0.144	0.107	0.109	0.103	0.112	0.121	0.112	0.105	0.105	0.116	0.100	0.103	0.117	0.105	0.098	0.110	0.102	0.105	0.103	0.107	0.115	0.106	0.106	0.098	0.102	0.111	0.100	0.109	0.102	0.108	0.103	0.110	0.108	0.100	0.101	0.107	0.106	0.102	0.102	0.098	0.100	0.112	0.124	0.104	0.100
2:01:06	37.1	0.117	0.100	0.109	0.100	0.116	0.118	0.119	0.110	0.120	0.114	0.118	0.104	0.107	0.111	0.110	0.113	0.115	0.112	0.110	0.116	0.114	0.108	0.113	0.108	0.105	0.109	0.105	0.117	0.109	0.108	0.110	0.119	0.108	0.111	0.105	0.106	0.109	0.100	0.105	0.132	0.110	0.112	0.103	0.112	0.116	0.103	0.102	0.109	0.113	0.103	0.114	0.116	0.107	0.109	0.103	0.112	0.121	0.112	0.105	0.105	0.117	0.101	0.104	0.118	0.106	0.100	0.111	0.103	0.106	0.104	0.108	0.114	0.103	0.105	0.099	0.101	0.111	0.100	0.108	0.103	0.108	0.103	0.110	0.107	0.100	0.101	0.107	0.106	0.101	0.102	0.098	0.100	0.116	0.122	0.103	0.100
3:01:05	37.1	0.117	0.101	0.109	0.100	0.116	0.118	0.118	0.110	0.120	0.114	0.118	0.103	0.107	0.111	0.110	0.113	0.115	0.112	0.110	0.115	0.114	0.108	0.113	0.108	0.117	0.123	0.115	0.127	0.120	0.118	0.120	0.128	0.118	0.121	0.113	0.112	0.111	0.101	0.113	0.132	0.112	0.112	0.104	0.113	0.118	0.104	0.103	0.109	0.113	0.103	0.114	0.113	0.107	0.108	0.103	0.111	0.121	0.112	0.105	0.105	0.122	0.106	0.110	0.123	0.111	0.104	0.116	0.107	0.111	0.108	0.111	0.116	0.103	0.106	0.099	0.101	0.111	0.100	0.108	0.102	0.107	0.102	0.110	0.106	0.100	0.100	0.107	0.106	0.101	0.102	0.098	0.099	0.114	0.121	0.103	0.099
4:01:06	37.1	0.114	0.101	0.110	0.100	0.116	0.118	0.119	0.110	0.119	0.114	0.118	0.103	0.107	0.110	0.110	0.112	0.115	0.112	0.110	0.115	0.114	0.108	0.113	0.108	0.164	0.161	0.155	0.167	0.162	0.158	0.157	0.166	0.161	0.165	0.144	0.133	0.116	0.105	0.116	0.136	0.116	0.116	0.108	0.117	0.121	0.107	0.106	0.110	0.113	0.103	0.114	0.206	0.107	0.108	0.103	0.111	0.121	0.112	0.104	0.105	0.139	0.122	0.127	0.139	0.129	0.123	0.132	0.124	0.129	0.124	0.122	0.123	0.103	0.107	0.099	0.102	0.111	0.101	0.108	0.102	0.106	0.103	0.110	0.105	0.100	0.100	0.107	0.107	0.101	0.102	0.098	0.100	0.114	0.119	0.103	0.099
5:01:06	37.1	0.106	0.103	0.118	0.103	0.119	0.120	0.123	0.112	0.120	0.116	0.118	0.103	0.107	0.110	0.110	0.112	0.115	0.112	0.109	0.115	0.114	0.108	0.113	0.108	0.307	0.295	0.283	0.292	0.288	0.281	0.272	0.281	0.284	0.299	0.230	0.176	0.139	0.122	0.121	0.148	0.131	0.131	0.122	0.133	0.137	0.121	0.112	0.113	0.113	0.103	0.113	0.189	0.107	0.108	0.103	0.111	0.121	0.112	0.104	0.105	0.196	0.171	0.183	0.191	0.187	0.180	0.181	0.180	0.185	0.170	0.151	0.139	0.104	0.108	0.099	0.102	0.112	0.101	0.108	0.102	0.108	0.104	0.110	0.105	0.104	0.102	0.109	0.110	0.103	0.103	0.100	0.100	0.114	0.122	0.103	0.100
6:01:07	37.1	0.127	0.116	0.136	0.114	0.131	0.132	0.136	0.122	0.127	0.125	0.118	0.103	0.107	0.110	0.110	0.112	0.115	0.112	0.109	0.115	0.114	0.108	0.113	0.108	0.609	0.567	0.567	0.571	0.565	0.551	0.521	0.533	0.515	0.530	0.361	0.233	0.225	0.183	0.169	0.193	0.189	0.188	0.175	0.194	0.186	0.163	0.132	0.119	0.113	0.103	0.113	0.111	0.107	0.108	0.103	0.111	0.121	0.112	0.105	0.105	0.353	0.315	0.345	0.351	0.340	0.346	0.312	0.321	0.311	0.289	0.199	0.165	0.104	0.107	0.100	0.102	0.112	0.101	0.110	0.102	0.108	0.104	0.110	0.105	0.121	0.110	0.119	0.125	0.108	0.111	0.107	0.104	0.121	0.127	0.104	0.100
7:01:07	37.1	0.182	0.157	0.193	0.148	0.168	0.170	0.182	0.157	0.160	0.156	0.118	0.103	0.107	0.110	0.110	0.112	0.115	0.112	0.109	0.115	0.114	0.108	0.113	0.107	0.836	0.838	0.831	0.830	0.829	0.808	0.756	0.770	0.730	0.731	0.449	0.287	0.408	0.347	0.309	0.331	0.367	0.345	0.331	0.365	0.329	0.291	0.198	0.135	0.113	0.103	0.113	0.137	0.107	0.108	0.103	0.111	0.120	0.112	0.104	0.105	0.609	0.557	0.612	0.603	0.604	0.618	0.537	0.560	0.515	0.480	0.259	0.195	0.106	0.107	0.100	0.102	0.113	0.101	0.108	0.105	0.108	0.105	0.110	0.106	0.189	0.143	0.155	0.181	0.134	0.134	0.147	0.129	0.133	0.146	0.104	0.100
8:01:07	37.1	0.296	0.240	0.303	0.224	0.248	0.252	0.280	0.230	0.208	0.223	0.118	0.103	0.107	0.110	0.110	0.112	0.115	0.112	0.109	0.115	0.114	0.108	0.113	0.107	0.889	0.899	0.889	0.899	0.913	0.869	0.827	0.843	0.798	0.798	0.506	0.327	0.624	0.500	0.466	0.541	0.616	0.548	0.549	0.610	0.559	0.517	0.287	0.158	0.113	0.103	0.113	0.126	0.107	0.108	0.103	0.111	0.121	0.112	0.104	0.105	0.784	0.739	0.809	0.792	0.804	0.814	0.711	0.754	0.689	0.642	0.322	0.228	0.108	0.107	0.100	0.102	0.113	0.101	0.109	0.105	0.108	0.105	0.110	0.105	0.333	0.229	0.244	0.311	0.195	0.206	0.212	0.174	0.177	0.201	0.106	0.100
9:01:08	37.1	0.438	0.373	0.447	0.342	0.368	0.376	0.419	0.345	0.314	0.346	0.119	0.104	0.107	0.110	0.110	0.112	0.114	0.112	0.109	0.115	0.114	0.108	0.113	0.108	0.848	0.857	0.847	0.862	0.871	0.847	0.783	0.805	0.831	0.861	0.554	0.365	0.754	0.657	0.559	0.673	0.796	0.694	0.729	0.800	0.752	0.716	0.368	0.191	0.113	0.103	0.113	0.126	0.107	0.107	0.103	0.111	0.120	0.112	0.104	0.105	0.797	0.779	0.850	0.841	0.856	0.870	0.783	0.825	0.760	0.719	0.390	0.266	0.108	0.106	0.100	0.102	0.112	0.102	0.108	0.105	0.108	0.105	0.110	0.106	0.554	0.377	0.371	0.474	0.312	0.339	0.333	0.266	0.272	0.319	0.112	0.104
10:01:08	37.1	0.561	0.491	0.563	0.440	0.469	0.492	0.533	0.460	0.435	0.487	0.123	0.108	0.107	0.110	0.110	0.113	0.115	0.112	0.109	0.115	0.114	0.108	0.113	0.107	0.804	0.813	0.805	0.818	0.819	0.797	0.763	0.792	0.948	1.057	0.577	0.386	0.776	0.715	0.612	0.725	0.855	0.756	0.801	0.865	0.849	0.823	0.445	0.223	0.113	0.103	0.113	0.110	0.106	0.107	0.103	0.111	0.120	0.112	0.104	0.105	0.800	0.764	0.831	0.829	0.843	0.852	0.760	0.794	0.770	0.736	0.442	0.301	0.107	0.107	0.100	0.102	0.112	0.102	0.108	0.105	0.109	0.105	0.110	0.106	0.751	0.512	0.509	0.639	0.420	0.458	0.465	0.373	0.399	0.472	0.126	0.112
11:01:08	37.1	0.607	0.560	0.636	0.513	0.544	0.574	0.617	0.543	0.525	0.570	0.136	0.117	0.107	0.110	0.110	0.112	0.115	0.112	0.109	0.115	0.114	0.108	0.113	0.108	0.773	0.787	0.772	0.784	0.807	0.772	0.763	0.807	1.046	1.131	0.582	0.411	0.773	0.725	0.621	0.742	0.873	0.777	0.818	0.868	0.885	0.873	0.508	0.260	0.113	0.103	0.113	0.110	0.107	0.107	0.103	0.111	0.120	0.112	0.104	0.105	0.788	0.761	0.819	0.810	0.823	0.828	0.747	0.778	0.750	0.733	0.484	0.330	0.107	0.107	0.100	0.102	0.112	0.102	0.109	0.104	0.108	0.105	0.110	0.106	0.838	0.598	0.612	0.739	0.493	0.548	0.560	0.458	0.506	0.593	0.155	0.128
12:01:08	37.1	0.617	0.564	0.651	0.521	0.560	0.590	0.621	0.557	0.573	0.598	0.167	0.136	0.107	0.110	0.110	0.112	0.114	0.112	0.109	0.115	0.114	0.108	0.113	0.107	0.751	0.769	0.762	0.774	0.795	0.768	0.785	0.858	1.109	1.174	0.571	0.420	0.773	0.726	0.623	0.755	0.885	0.789	0.827	0.853	0.887	0.891	0.554	0.298	0.113	0.103	0.113	0.189	0.106	0.107	0.103	0.111	0.120	0.111	0.104	0.105	0.775	0.749	0.806	0.795	0.807	0.810	0.726	0.754	0.800	0.775	0.517	0.364	0.107	0.107	0.100	0.102	0.112	0.102	0.109	0.103	0.107	0.104	0.110	0.107	0.842	0.615	0.632	0.754	0.510	0.563	0.591	0.490	0.570	0.659	0.198	0.148
13:01:09	37.1	0.624	0.564	0.655	0.522	0.560	0.597	0.624	0.567	0.581	0.608	0.216	0.160	0.107	0.110	0.110	0.112	0.114	0.112	0.109	0.115	0.114	0.108	0.113	0.107	0.738	0.762	0.756	0.779	0.809	0.782	0.819	0.888	1.133	1.201	0.565	0.413	0.766	0.731	0.624	0.756	0.885	0.794	0.828	0.841	0.887	0.894	0.589	0.339	0.113	0.103	0.113	0.119	0.106	0.107	0.103	0.111	0.120	0.111	0.104	0.105	0.767	0.736	0.791	0.779	0.794	0.795	0.738	0.749	0.836	0.816	0.535	0.386	0.106	0.106	0.100	0.102	0.111	0.102	0.108	0.102	0.109	0.105	0.110	0.106	0.832	0.626	0.637	0.758	0.515	0.566	0.589	0.507	0.586	0.692	0.245	0.173
14:01:09	37.1	0.632	0.567	0.653	0.522	0.559	0.599	0.624	0.577	0.599	0.616	0.269	0.188	0.107	0.110	0.110	0.112	0.114	0.111	0.109	0.115	0.114	0.108	0.113	0.107	0.728	0.764	0.759	0.774	0.808	0.798	0.840	0.911	1.150	1.219	0.559	0.406	0.765	0.737	0.628	0.753	0.887	0.792	0.838	0.843	0.888	0.902	0.610	0.367	0.113	0.103	0.113	0.179	0.107	0.107	0.103	0.111	0.120	0.111	0.104	0.105	0.759	0.735	0.784	0.775	0.788	0.782	0.742	0.758	0.854	0.838	0.542	0.396	0.108	0.107	0.100	0.102	0.112	0.102	0.108	0.102	0.108	0.105	0.109	0.106	0.826	0.640	0.641	0.761	0.524	0.569	0.591	0.517	0.598	0.690	0.286	0.197
15:01:09	37.1	0.644	0.566	0.655	0.522	0.560	0.607	0.627	0.590	0.669	0.635	0.326	0.221	0.107	0.110	0.110	0.112	0.114	0.111	0.109	0.115	0.114	0.108	0.113	0.107	0.720	0.766	0.763	0.775	0.821	0.809	0.854	0.929	1.171	1.229	0.551	0.402	0.766	0.743	0.629	0.758	0.889	0.790	0.850	0.842	0.897	0.911	0.619	0.425	0.113	0.103	0.113	0.192	0.107	0.107	0.103	0.111	0.120	0.111	0.104	0.105	0.746	0.738	0.782	0.776	0.787	0.779	0.771	0.774	0.868	0.839	0.536	0.409	0.107	0.107	0.100	0.102	0.111	0.102	0.110	0.103	0.110	0.105	0.110	0.106	0.821	0.660	0.644	0.765	0.533	0.573	0.593	0.536	0.616	0.708	0.328	0.221
16:01:10	37.1	0.653	0.566	0.656	0.523	0.561	0.614	0.629	0.608	0.774	0.664	0.375	0.254	0.107	0.110	0.110	0.112	0.114	0.111	0.109	0.115	0.114	0.108	0.113	0.107	0.714	0.767	0.766	0.775	0.826	0.816	0.867	0.926	1.173	1.238	0.550	0.401	0.769	0.738	0.640	0.758	0.886	0.789	0.867	0.840	0.904	0.917	0.633	0.535	0.113	0.103	0.113	0.140	0.106	0.107	0.103	0.111	0.120	0.112	0.104	0.105	0.735	0.755	0.785	0.784	0.814	0.798	0.794	0.804	0.881	0.846	0.529	0.410	0.106	0.106	0.100	0.102	0.111	0.102	0.109	0.102	0.109	0.104	0.109	0.106	0.815	0.679	0.651	0.770	0.549	0.577	0.598	0.554	0.637	0.735	0.359	0.247
17:01:11	37.1	0.657	0.566	0.660	0.526	0.563	0.623	0.634	0.630	0.903	0.703	0.406	0.279	0.107	0.110	0.110	0.112	0.114	0.112	0.109	0.115	0.114	0.108	0.113	0.107	0.711	0.771	0.771	0.782	0.831	0.818	0.874	0.937	1.180	1.247	0.544	0.409	0.772	0.734	0.646	0.757	0.888	0.790	0.880	0.844	0.912	0.925	0.670	0.641	0.113	0.103	0.113	0.180	0.106	0.107	0.103	0.111	0.120	0.111	0.104	0.105	0.727	0.768	0.804	0.804	0.831	0.808	0.814	0.829	0.887	0.849	0.521	0.409	0.106	0.106	0.101	0.102	0.111	0.102	0.109	0.104	0.108	0.104	0.110	0.106	0.811	0.705	0.658	0.777	0.573	0.582	0.603	0.569	0.660	0.764	0.385	0.276
18:01:11	37.1	0.670	0.570	0.663	0.529	0.565	0.629	0.637	0.658	1.005	0.741	0.428	0.304	0.106	0.110	0.110	0.112	0.114	0.111	0.109	0.115	0.114	0.108	0.113	0.107	0.711	0.777	0.780	0.790	0.835	0.826	0.879	0.951	1.185	1.251	0.539	0.418	0.778	0.732	0.655	0.756	0.890	0.791	0.896	0.849	0.921	0.934	0.715	0.732	0.113	0.102	0.113	0.215	0.106	0.107	0.103	0.111	0.120	0.111	0.104	0.105	0.723	0.782	0.816	0.818	0.852	0.827	0.837	0.850	0.893	0.853	0.515	0.416	0.104	0.105	0.101	0.102	0.111	0.102	0.109	0.105	0.110	0.104	0.110	0.106	0.807	0.732	0.664	0.784	0.605	0.591	0.613	0.590	0.680	0.784	0.405	0.301
19:01:12	37.1	0.690	0.572	0.662	0.530	0.566	0.638	0.642	0.692	1.087	0.780	0.432	0.327	0.107	0.110	0.110	0.112	0.114	0.111	0.109	0.115	0.114	0.108	0.113	0.107	0.712	0.788	0.787	0.798	0.846	0.835	0.895	0.956	1.189	1.255	0.532	0.430	0.787	0.731	0.656	0.755	0.890	0.790	0.910	0.854	0.929	0.939	0.751	0.789	0.113	0.103	0.113	0.127	0.106	0.107	0.103	0.111	0.120	0.111	0.104	0.105	0.720	0.804	0.828	0.838	0.870	0.844	0.857	0.869	0.905	0.856	0.505	0.419	0.107	0.104	0.101	0.102	0.110	0.103	0.108	0.105	0.108	0.105	0.110	0.106	0.802	0.757	0.675	0.794	0.635	0.604	0.626	0.612	0.700	0.802	0.415	0.317
20:01:13	37.1	0.715	0.575	0.667	0.534	0.569	0.647	0.650	0.726	1.147	0.813	0.435	0.345	0.107	0.110	0.110	0.112	0.114	0.111	0.109	0.115	0.114	0.108	0.113	0.107	0.714	0.795	0.797	0.807	0.856	0.842	0.902	0.963	1.189	1.256	0.531	0.440	0.795	0.730	0.652	0.760	0.892	0.793	0.926	0.861	0.939	0.946	0.774	0.840	0.113	0.103	0.113	0.227	0.107	0.107	0.103	0.111	0.120	0.111	0.104	0.105	0.721	0.816	0.845	0.855	0.888	0.863	0.870	0.886	0.907	0.862	0.494	0.431	0.107	0.105	0.101	0.102	0.111	0.102	0.108	0.105	0.108	0.104	0.110	0.105	0.801	0.780	0.685	0.806	0.665	0.619	0.642	0.634	0.715	0.821	0.424	0.335
21:01:14	37.1	0.750	0.579	0.668	0.537	0.573	0.658	0.656	0.759	1.190	0.843	0.426	0.352	0.106	0.110	0.110	0.112	0.114	0.111	0.109	0.115	0.114	0.108	0.113	0.107	0.714	0.801	0.808	0.814	0.864	0.848	0.908	0.972	1.194	1.259	0.521	0.450	0.801	0.730	0.652	0.760	0.894	0.797	0.940	0.868	0.946	0.954	0.789	0.879	0.113	0.103	0.113	0.147	0.106	0.106	0.103	0.111	0.120	0.111	0.104	0.105	0.728	0.837	0.865	0.870	0.907	0.880	0.886	0.904	0.912	0.862	0.484	0.446	0.108	0.104	0.101	0.102	0.110	0.102	0.109	0.105	0.109	0.104	0.109	0.105	0.796	0.805	0.696	0.820	0.695	0.639	0.663	0.657	0.735	0.839	0.428	0.347
22:01:15	37.1	0.799	0.585	0.672	0.541	0.575	0.668	0.666	0.801	1.222	0.860	0.411	0.369	0.107	0.110	0.110	0.112	0.114	0.111	0.109	0.115	0.114	0.108	0.113	0.107	0.716	0.810	0.811	0.820	0.870	0.854	0.911	0.974	1.192	1.261	0.516	0.458	0.806	0.732	0.649	0.764	0.897	0.797	0.952	0.878	0.955	0.962	0.799	0.913	0.113	0.103	0.113	0.210	0.106	0.107	0.103	0.111	0.120	0.111	0.104	0.105	0.738	0.859	0.882	0.890	0.929	0.904	0.905	0.922	0.917	0.862	0.476	0.456	0.108	0.105	0.101	0.102	0.111	0.103	0.108	0.105	0.108	0.105	0.111	0.106	0.792	0.833	0.711	0.841	0.727	0.665	0.690	0.687	0.749	0.855	0.429	0.356
23:01:15	37.1	0.856	0.592	0.679	0.548	0.580	0.679	0.678	0.841	1.241	0.875	0.403	0.369	0.107	0.110	0.110	0.112	0.114	0.111	0.109	0.115	0.114	0.108	0.113	0.107	0.718	0.815	0.815	0.824	0.874	0.857	0.913	0.979	1.194	1.258	0.510	0.461	0.810	0.732	0.649	0.767	0.898	0.798	0.964	0.888	0.958	0.971	0.813	0.942	0.113	0.102	0.113	0.168	0.106	0.106	0.102	0.111	0.120	0.111	0.104	0.105	0.751	0.877	0.905	0.909	0.951	0.923	0.919	0.942	0.923	0.868	0.471	0.470	0.108	0.106	0.101	0.102	0.110	0.103	0.110	0.104	0.107	0.105	0.110	0.106	0.791	0.858	0.727	0.858	0.751	0.697	0.718	0.709	0.768	0.862	0.429	0.364
24:01:15	37.1	0.901	0.602	0.683	0.555	0.585	0.693	0.690	0.874	1.256	0.884	0.396	0.370	0.106	0.109	0.110	0.112	0.114	0.111	0.109	0.115	0.114	0.107	0.113	0.107	0.720	0.820	0.821	0.829	0.879	0.863	0.918	0.983	1.196	1.260	0.507	0.464	0.816	0.732	0.647	0.770	0.902	0.799	0.973	0.899	0.964	0.978	0.824	0.965	0.113	0.102	0.112	0.115	0.106	0.106	0.103	0.111	0.120	0.111	0.104	0.105	0.763	0.896	0.915	0.921	0.963	0.933	0.928	0.954	0.925	0.872	0.466	0.479	0.109	0.105	0.101	0.102	0.110	0.103	0.109	0.104	0.109	0.105	0.110	0.105	0.789	0.887	0.746	0.878	0.775	0.733	0.748	0.734	0.782	0.874	0.433	0.369
0:00:00																																																																																																	
0:00:00																																																																																																	
0:00:00																																																																																																	
0:00:00																																																																																																	
0:00:00																																																																																																	
0:00:00																																																																																																	
0:00:00																																																																																																	
0:00:00																																																																																																	
0:00:00																																																																																																	
0:00:00																																																																																																	
0:00:00																																																																																																	
0:00:00																																																																																																	
0:00:00																																																																																																	
0:00:00																																																																																																	
0:00:00																																																																																																	
0:00:00																																																																																																	
0:00:00																																																																																																	
0:00:00																																																																																																	
0:00:00																																																																																																	
0:00:00																																																																																																	
0:00:00																																																																																																	
0:00:00																																																																																																	
0:00:00																																																																																																	
0:00:00																																																																																																	

Results
	1	2	3	4	5	6	7	8	9	10	11	12
A	1.872	1.760	1.911	1.575	1.622	1.745	1.872	1.671	1.777	1.818	0.876	0.505	Max V [578]
	0.981	0.990	0.990	0.994	0.995	0.994	0.994	0.994	0.995	0.988	0.999	0.998	R-Squared [578]
	8:01:08	9:01:08	9:01:08	9:01:08	9:01:08	9:01:08	9:01:08	9:01:08	17:01:11	9:01:08	14:01:09	15:01:10	t at Max V [578]
	6:29:57	6:32:11	6:14:01	6:32:51	6:31:13	6:36:31	6:28:24	6:40:26	9:50:08	6:47:52	11:07:53	11:11:04	Lagtime [578]
B	-0.002	-0.004	-0.003	-0.002	-0.005	-0.004	-0.002	-0.003	-0.002	-0.004	-0.002	-0.002	Max V [578]
	0.857	0.811	0.980	0.987	0.987	0.766	0.907	0.870	0.893	0.947	0.925	0.754	R-Squared [578]
	2:01:06	3:01:06	2:01:06	3:01:06	2:01:06	2:01:06	2:01:06	2:01:06	6:01:07	2:01:06	2:01:06	2:01:06	t at Max V [578]
	?????	2:50:39	?????	1:33:05	0:13:05	?????	?????	?????	0:25:05	?????	?????	?????	Lagtime [578]
C	3.301	3.364	3.359	3.335	3.407	3.247	3.038	3.072	2.867	2.828	1.571	0.830	Max V [578]
	0.961	0.967	0.964	0.969	0.973	0.967	0.972	0.972	0.975	0.975	0.984	0.996	R-Squared [578]
	6:01:07	6:01:07	6:01:07	6:01:07	6:01:07	6:01:07	6:01:07	6:01:07	6:01:07	6:01:07	6:01:07	6:01:07	t at Max V [578]
	3:41:39	3:48:23	3:49:26	3:50:01	3:50:32	3:49:22	3:49:58	3:50:21	3:44:17	3:40:40	3:30:49	3:27:31	Lagtime [578]
D	2.715	2.310	1.952	2.341	2.937	2.476	2.750	2.962	2.912	2.908	1.326	1.578	Max V [578]
	0.983	0.982	0.977	0.965	0.967	0.973	0.979	0.972	0.985	0.987	0.998	0.992	R-Squared [578]
	7:01:07	7:01:07	7:01:07	8:01:08	8:01:08	7:01:07	8:01:08	8:01:08	8:01:08	8:01:08	8:01:08	16:01:10	t at Max V [578]
	5:02:52	5:07:24	5:08:15	5:27:36	5:26:37	5:12:01	5:30:33	5:27:08	5:37:22	5:43:43	5:42:07	11:27:14	Lagtime [578]
E	-0.003	-0.002	-0.004	-0.356	-0.001	-0.007	-0.002	-0.003	-0.003	-0.003	-0.003	-0.002	Max V [578]
	0.817	0.758	0.837	0.654	0.880	0.969	1.000	0.903	0.988	0.745	0.930	0.942	R-Squared [578]
	2:01:06	2:01:06	2:01:06	6:01:07	3:01:06	2:01:06	2:01:06	2:01:06	2:01:06	2:01:06	2:01:06	2:01:06	t at Max V [578]
	?????	0:25:05	?????	8:00:57	1:14:25	?????	?????	0:15:12	0:14:25	?????	?????	?????	Lagtime [578]
F	2.841	2.734	2.994	2.902	3.004	3.079	2.671	2.869	2.546	2.418	1.029	0.573	Max V [578]
	0.961	0.961	0.959	0.964	0.965	0.965	0.977	0.975	0.980	0.984	0.999	0.998	R-Squared [578]
	6:01:07	7:01:07	7:01:07	7:01:07	7:01:07	7:01:07	7:01:07	7:01:07	7:01:07	7:01:07	8:01:08	8:01:08	t at Max V [578]
	4:15:33	4:30:12	4:28:22	4:30:07	4:30:07	4:29:10	4:33:28	4:32:21	4:28:58	4:33:09	4:31:45	4:42:28	Lagtime [578]
G	0.019	0.010	0.006	-0.024	0.008	0.005	0.007	0.015	0.009	0.009	-0.004	-0.020	Max V [578]
	0.933	0.877	0.700	0.496	0.928	0.941	0.630	0.787	0.575	0.986	0.696	0.925	R-Squared [578]
	6:01:07	4:01:07	6:01:07	2:01:06	5:01:06	9:01:08	4:01:07	6:01:07	13:01:09	5:01:06	13:01:09	2:01:06	t at Max V [578]
	5:39:12	2:58:03	2:57:34	?????	4:46:24	4:53:36	7:06:50	5:09:41	11:40:22	3:21:28	11:14:28	?????	Lagtime [578]
H	2.861	1.990	1.967	2.406	1.573	1.800	1.799	1.429	1.701	1.983	0.723	0.438	Max V [578]
	0.984	0.992	0.996	0.994	0.990	0.992	0.989	0.985	0.990	0.985	0.999	0.999	R-Squared [578]
	9:01:08	9:01:08	9:01:08	9:01:08	9:01:08	9:01:08	9:01:08	9:01:08	10:01:08	10:01:08	13:01:09	16:01:10	t at Max V [578]
	6:29:49	6:45:06	6:43:42	6:30:18	6:48:31	6:51:07	6:44:56	6:54:59	7:22:30	7:16:23	9:49:25	10:21:55	Lagtime [578]



Software Version	3.12.08



Experiment File Path:	C:\Users\Sarela\Documents\Rita Pires\Exp43_RP_2plates_part2_01072024_Exp44_RP_2plates_part1_02072024.xpt
Protocol File Path:	C:\Users\Public\Documents\Protocols\New_96well_578_24H.prt



Plate Number	Plate 4
Date	7/2/2024
Time	1:08:32 PM
Reader Type:	Epoch 2
Reader Serial Number:	2202232E
Reading Type	Reader

Procedure Details

Plate Type	96 WELL PLATE
Discontinuous Kinetics	Runtime 2:00:00 (D:HH:MM), Interval 0:01:00, 49 Reads
Eject plate on completion	
Set Temperature	Setpoint 37°C, Gradient 0 °C
Shake	Double Orbital: 0:01:01 (HH:MM:SS)
	Frequency: 282 cpm (3 mm)
Read	Absorbance Endpoint
	Full Plate
	Wavelengths:  578
	Read Speed: Normal,  Delay: 100 msec,  Measurements/Data Point: 8

578

Time	T° 578	A1	A2	A3	A4	A5	A6	A7	A8	A9	A10	A11	A12	B1	B2	B3	B4	B5	B6	B7	B8	B9	B10	B11	B12	C1	C2	C3	C4	C5	C6	C7	C8	C9	C10	C11	C12	D1	D2	D3	D4	D5	D6	D7	D8	D9	D10	D11	D12	E1	E2	E3	E4	E5	E6	E7	E8	E9	E10	E11	E12	F1	F2	F3	F4	F5	F6	F7	F8	F9	F10	F11	F12	G1	G2	G3	G4	G5	G6	G7	G8	G9	G10	G11	G12	H1	H2	H3	H4	H5	H6	H7	H8	H9	H10	H11	H12
0:01:05	37.1	0.104	0.108	0.110	0.104	0.106	0.116	0.101	0.113	0.107	0.110	0.099	0.105	0.103	0.113	0.109	0.105	0.110	0.113	0.106	0.104	0.108	0.104	0.106	0.102	0.106	0.106	0.106	0.118	0.109	0.104	0.106	0.112	0.100	0.102	0.107	0.111	0.103	0.109	0.113	0.110	0.105	0.105	0.104	0.104	0.110	0.107	0.107	0.105	0.103	0.104	0.112	0.105	0.116	0.114	0.102	0.105	0.102	0.108	0.119	0.111	0.102	0.101	0.106	0.101	0.104	0.104	0.103	0.116	0.101	0.101	0.101	0.114	0.101	0.101	0.107	0.105	0.104	0.119	0.107	0.104	0.109	0.105	0.103	0.111	0.101	0.105	0.108	0.100	0.100	0.107	0.106	0.098	0.107	0.100	0.102	0.102
1:01:05	37.1	0.104	0.108	0.109	0.104	0.106	0.114	0.101	0.112	0.106	0.109	0.099	0.105	0.103	0.113	0.108	0.105	0.109	0.113	0.106	0.104	0.108	0.104	0.106	0.113	0.106	0.106	0.107	0.118	0.109	0.105	0.107	0.112	0.101	0.103	0.107	0.111	0.102	0.108	0.112	0.109	0.103	0.105	0.104	0.103	0.109	0.106	0.107	0.105	0.103	0.103	0.112	0.105	0.115	0.113	0.101	0.105	0.102	0.108	0.118	0.110	0.102	0.102	0.106	0.101	0.105	0.105	0.103	0.115	0.102	0.101	0.101	0.114	0.101	0.101	0.107	0.105	0.104	0.119	0.107	0.104	0.109	0.105	0.102	0.111	0.101	0.104	0.107	0.099	0.100	0.106	0.101	0.098	0.100	0.099	0.102	0.102
2:01:06	37.1	0.099	0.108	0.105	0.104	0.105	0.114	0.100	0.132	0.106	0.109	0.099	0.104	0.103	0.113	0.108	0.105	0.109	0.113	0.106	0.104	0.108	0.104	0.106	0.106	0.110	0.108	0.110	0.121	0.111	0.107	0.109	0.115	0.103	0.105	0.109	0.112	0.103	0.108	0.113	0.109	0.104	0.105	0.104	0.104	0.110	0.107	0.108	0.105	0.103	0.103	0.112	0.105	0.115	0.113	0.101	0.105	0.102	0.108	0.118	0.110	0.104	0.104	0.107	0.103	0.106	0.106	0.105	0.117	0.103	0.102	0.103	0.115	0.101	0.101	0.107	0.104	0.104	0.118	0.107	0.103	0.109	0.104	0.102	0.111	0.101	0.104	0.107	0.099	0.100	0.105	0.100	0.098	0.100	0.099	0.102	0.102
3:01:06	37.1	0.099	0.107	0.105	0.104	0.105	0.114	0.100	0.143	0.116	0.109	0.099	0.104	0.103	0.113	0.108	0.105	0.109	0.113	0.106	0.104	0.108	0.104	0.106	0.109	0.123	0.119	0.121	0.132	0.122	0.118	0.120	0.125	0.114	0.116	0.117	0.119	0.105	0.110	0.114	0.110	0.106	0.107	0.106	0.105	0.111	0.108	0.109	0.106	0.103	0.103	0.111	0.105	0.115	0.113	0.101	0.104	0.102	0.107	0.118	0.110	0.110	0.109	0.112	0.108	0.111	0.112	0.113	0.121	0.109	0.108	0.106	0.117	0.101	0.101	0.106	0.104	0.104	0.118	0.107	0.103	0.109	0.104	0.102	0.111	0.101	0.104	0.107	0.099	0.100	0.105	0.100	0.098	0.099	0.100	0.101	0.102
4:01:07	37.1	0.101	0.109	0.106	0.105	0.106	0.114	0.101	0.136	0.107	0.109	0.099	0.104	0.103	0.113	0.108	0.105	0.109	0.113	0.106	0.104	0.108	0.104	0.106	0.105	0.181	0.161	0.167	0.178	0.169	0.164	0.168	0.168	0.157	0.157	0.148	0.139	0.112	0.113	0.118	0.114	0.110	0.110	0.111	0.109	0.116	0.112	0.111	0.107	0.103	0.103	0.111	0.104	0.115	0.113	0.101	0.104	0.102	0.107	0.117	0.110	0.129	0.129	0.129	0.126	0.130	0.133	0.130	0.138	0.128	0.125	0.120	0.127	0.101	0.101	0.106	0.104	0.104	0.118	0.107	0.103	0.109	0.104	0.102	0.111	0.101	0.104	0.107	0.100	0.100	0.106	0.100	0.098	0.100	0.100	0.102	0.102
5:01:07	37.1	0.108	0.111	0.106	0.110	0.108	0.118	0.105	0.124	0.107	0.111	0.099	0.104	0.103	0.113	0.108	0.105	0.109	0.113	0.106	0.104	0.108	0.104	0.106	0.106	0.327	0.294	0.307	0.312	0.302	0.296	0.295	0.296	0.277	0.274	0.217	0.175	0.142	0.128	0.134	0.129	0.126	0.126	0.127	0.123	0.131	0.125	0.118	0.110	0.103	0.103	0.111	0.105	0.115	0.112	0.102	0.104	0.103	0.107	0.117	0.110	0.184	0.196	0.184	0.190	0.193	0.190	0.199	0.199	0.184	0.179	0.157	0.147	0.101	0.101	0.106	0.104	0.104	0.118	0.107	0.103	0.109	0.104	0.102	0.111	0.102	0.107	0.109	0.102	0.102	0.108	0.103	0.100	0.101	0.101	0.102	0.102
6:01:07	37.1	0.134	0.124	0.116	0.134	0.119	0.131	0.125	0.140	0.131	0.119	0.099	0.104	0.103	0.113	0.108	0.105	0.109	0.113	0.106	0.104	0.108	0.104	0.106	0.102	0.633	0.567	0.613	0.603	0.596	0.583	0.564	0.568	0.501	0.486	0.346	0.221	0.257	0.185	0.193	0.179	0.182	0.182	0.193	0.169	0.184	0.170	0.139	0.118	0.102	0.103	0.111	0.104	0.115	0.112	0.101	0.104	0.103	0.107	0.117	0.110	0.340	0.372	0.332	0.353	0.345	0.336	0.367	0.340	0.317	0.304	0.209	0.173	0.101	0.101	0.106	0.104	0.104	0.118	0.107	0.103	0.109	0.104	0.102	0.111	0.107	0.117	0.117	0.114	0.110	0.123	0.117	0.109	0.105	0.106	0.102	0.102
7:01:08	37.1	0.212	0.167	0.150	0.197	0.153	0.174	0.174	0.148	0.148	0.151	0.099	0.104	0.103	0.113	0.108	0.105	0.109	0.113	0.106	0.104	0.107	0.104	0.106	0.102	0.833	0.802	0.853	0.836	0.829	0.822	0.799	0.801	0.697	0.671	0.419	0.262	0.482	0.346	0.368	0.322	0.326	0.335	0.359	0.309	0.331	0.298	0.183	0.136	0.102	0.103	0.111	0.105	0.115	0.112	0.101	0.104	0.103	0.107	0.117	0.110	0.586	0.657	0.580	0.618	0.600	0.576	0.626	0.572	0.512	0.477	0.269	0.203	0.101	0.101	0.106	0.104	0.104	0.118	0.107	0.103	0.109	0.104	0.102	0.111	0.128	0.156	0.148	0.160	0.142	0.168	0.171	0.140	0.125	0.131	0.102	0.102
8:01:08	37.1	0.359	0.258	0.225	0.325	0.234	0.263	0.280	0.215	0.209	0.216	0.099	0.104	0.103	0.113	0.108	0.104	0.109	0.113	0.106	0.104	0.107	0.104	0.106	0.102	0.874	0.847	0.907	0.903	0.911	0.896	0.862	0.849	0.769	0.729	0.481	0.307	0.714	0.515	0.564	0.453	0.454	0.550	0.576	0.528	0.547	0.520	0.242	0.160	0.102	0.103	0.111	0.104	0.115	0.112	0.101	0.104	0.103	0.107	0.117	0.110	0.744	0.836	0.752	0.808	0.789	0.764	0.816	0.747	0.691	0.640	0.338	0.239	0.101	0.101	0.106	0.104	0.104	0.117	0.107	0.103	0.109	0.104	0.102	0.111	0.183	0.246	0.221	0.265	0.220	0.271	0.258	0.229	0.186	0.189	0.105	0.103
9:01:08	37.1	0.536	0.394	0.342	0.487	0.351	0.401	0.425	0.327	0.325	0.339	0.100	0.104	0.103	0.113	0.108	0.105	0.109	0.112	0.106	0.104	0.108	0.104	0.106	0.102	0.829	0.809	0.875	0.859	0.872	0.859	0.842	0.838	0.787	0.815	0.529	0.332	0.839	0.646	0.665	0.561	0.564	0.718	0.747	0.711	0.730	0.719	0.306	0.190	0.102	0.103	0.111	0.105	0.115	0.112	0.101	0.104	0.103	0.107	0.117	0.110	0.745	0.861	0.789	0.857	0.836	0.821	0.878	0.805	0.745	0.713	0.398	0.274	0.101	0.101	0.106	0.104	0.104	0.118	0.107	0.103	0.109	0.104	0.102	0.111	0.285	0.388	0.351	0.432	0.344	0.414	0.399	0.372	0.286	0.302	0.114	0.106
10:01:09	37.1	0.667	0.493	0.448	0.611	0.456	0.508	0.537	0.436	0.445	0.476	0.104	0.105	0.103	0.113	0.108	0.105	0.109	0.112	0.106	0.104	0.108	0.104	0.106	0.102	0.799	0.766	0.836	0.824	0.824	0.815	0.794	0.806	0.910	0.997	0.549	0.360	0.848	0.691	0.718	0.623	0.630	0.781	0.825	0.805	0.817	0.829	0.372	0.227	0.102	0.103	0.111	0.105	0.115	0.112	0.101	0.104	0.103	0.107	0.117	0.110	0.741	0.849	0.777	0.843	0.820	0.811	0.861	0.801	0.759	0.727	0.453	0.311	0.101	0.101	0.106	0.104	0.103	0.117	0.107	0.103	0.109	0.104	0.102	0.111	0.397	0.515	0.469	0.586	0.465	0.562	0.537	0.508	0.415	0.450	0.138	0.117
11:01:09	37.1	0.695	0.554	0.518	0.676	0.528	0.593	0.604	0.511	0.517	0.558	0.119	0.112	0.103	0.113	0.108	0.105	0.109	0.112	0.106	0.104	0.108	0.104	0.106	0.102	0.775	0.746	0.814	0.809	0.809	0.815	0.788	0.860	1.019	1.085	0.560	0.376	0.848	0.707	0.726	0.635	0.639	0.803	0.834	0.817	0.853	0.874	0.434	0.270	0.102	0.103	0.111	0.104	0.115	0.112	0.101	0.104	0.103	0.107	0.117	0.110	0.733	0.835	0.765	0.829	0.805	0.790	0.843	0.790	0.750	0.752	0.502	0.345	0.101	0.101	0.106	0.104	0.103	0.117	0.107	0.103	0.109	0.104	0.102	0.111	0.439	0.583	0.539	0.682	0.539	0.660	0.639	0.601	0.521	0.568	0.172	0.132
12:01:09	37.1	0.703	0.565	0.527	0.683	0.541	0.594	0.615	0.520	0.550	0.590	0.151	0.127	0.103	0.113	0.108	0.105	0.109	0.112	0.106	0.104	0.108	0.104	0.106	0.102	0.753	0.735	0.807	0.800	0.814	0.820	0.812	0.913	1.081	1.139	0.553	0.384	0.844	0.724	0.735	0.638	0.641	0.812	0.835	0.821	0.848	0.892	0.472	0.314	0.102	0.103	0.111	0.104	0.115	0.112	0.101	0.104	0.102	0.107	0.117	0.110	0.726	0.823	0.759	0.817	0.788	0.769	0.837	0.810	0.806	0.819	0.533	0.376	0.101	0.101	0.106	0.104	0.104	0.117	0.107	0.103	0.109	0.104	0.102	0.111	0.439	0.595	0.558	0.697	0.561	0.670	0.660	0.624	0.583	0.631	0.218	0.153
13:01:09	37.1	0.711	0.564	0.522	0.679	0.544	0.592	0.615	0.522	0.563	0.600	0.196	0.152	0.103	0.112	0.108	0.104	0.109	0.112	0.106	0.104	0.107	0.104	0.106	0.102	0.738	0.733	0.812	0.804	0.826	0.834	0.830	0.948	1.114	1.168	0.543	0.385	0.841	0.737	0.746	0.643	0.642	0.815	0.832	0.834	0.847	0.903	0.507	0.360	0.102	0.103	0.111	0.104	0.114	0.112	0.101	0.104	0.102	0.107	0.117	0.110	0.722	0.819	0.753	0.809	0.782	0.770	0.837	0.827	0.840	0.865	0.547	0.396	0.101	0.101	0.106	0.104	0.103	0.117	0.107	0.103	0.109	0.104	0.102	0.110	0.433	0.599	0.573	0.699	0.564	0.671	0.662	0.635	0.611	0.661	0.271	0.178
14:01:10	37.1	0.719	0.567	0.521	0.681	0.543	0.594	0.618	0.531	0.582	0.612	0.251	0.183	0.103	0.112	0.108	0.105	0.109	0.112	0.106	0.104	0.107	0.104	0.106	0.102	0.728	0.737	0.825	0.817	0.837	0.856	0.849	0.973	1.123	1.191	0.531	0.386	0.842	0.744	0.752	0.650	0.645	0.821	0.837	0.844	0.853	0.918	0.529	0.404	0.102	0.103	0.111	0.104	0.114	0.112	0.101	0.104	0.102	0.107	0.117	0.110	0.712	0.815	0.757	0.808	0.782	0.787	0.849	0.861	0.867	0.887	0.556	0.419	0.101	0.101	0.106	0.104	0.104	0.117	0.107	0.103	0.109	0.104	0.102	0.110	0.430	0.603	0.588	0.700	0.566	0.671	0.665	0.647	0.620	0.663	0.320	0.206
15:01:10	37.1	0.727	0.567	0.523	0.681	0.546	0.594	0.621	0.537	0.611	0.645	0.305	0.213	0.103	0.113	0.108	0.104	0.109	0.112	0.106	0.104	0.107	0.104	0.105	0.102	0.723	0.743	0.842	0.827	0.850	0.876	0.861	0.993	1.145	1.203	0.529	0.377	0.843	0.743	0.750	0.660	0.648	0.828	0.840	0.854	0.862	0.929	0.566	0.470	0.102	0.103	0.111	0.105	0.114	0.112	0.101	0.104	0.102	0.107	0.117	0.110	0.700	0.814	0.764	0.820	0.799	0.810	0.861	0.883	0.881	0.903	0.555	0.430	0.101	0.101	0.106	0.104	0.103	0.117	0.107	0.103	0.109	0.104	0.102	0.110	0.428	0.608	0.608	0.705	0.571	0.673	0.669	0.669	0.644	0.688	0.368	0.235
16:01:11	37.1	0.737	0.567	0.522	0.680	0.546	0.598	0.625	0.550	0.658	0.691	0.354	0.249	0.103	0.112	0.108	0.104	0.108	0.112	0.106	0.104	0.107	0.104	0.105	0.102	0.716	0.757	0.842	0.831	0.860	0.880	0.873	1.004	1.160	1.218	0.533	0.380	0.847	0.742	0.749	0.669	0.656	0.833	0.841	0.865	0.872	0.940	0.629	0.586	0.102	0.103	0.111	0.104	0.114	0.112	0.101	0.104	0.102	0.107	0.116	0.109	0.694	0.835	0.784	0.845	0.825	0.838	0.888	0.898	0.893	0.909	0.546	0.433	0.101	0.101	0.106	0.104	0.103	0.117	0.107	0.103	0.109	0.104	0.102	0.110	0.427	0.615	0.639	0.708	0.576	0.676	0.673	0.693	0.679	0.722	0.400	0.265
17:01:11	37.1	0.742	0.568	0.524	0.681	0.547	0.601	0.630	0.572	0.720	0.743	0.388	0.283	0.103	0.113	0.108	0.105	0.109	0.112	0.106	0.104	0.108	0.104	0.106	0.102	0.714	0.771	0.850	0.838	0.868	0.883	0.874	1.008	1.158	1.224	0.540	0.388	0.854	0.741	0.747	0.667	0.663	0.842	0.847	0.880	0.879	0.947	0.686	0.691	0.102	0.103	0.111	0.105	0.115	0.112	0.101	0.104	0.102	0.107	0.117	0.110	0.690	0.846	0.804	0.861	0.839	0.855	0.903	0.913	0.901	0.920	0.536	0.435	0.101	0.101	0.106	0.104	0.104	0.117	0.107	0.103	0.109	0.104	0.102	0.111	0.426	0.623	0.692	0.719	0.584	0.680	0.678	0.726	0.720	0.749	0.425	0.294
18:01:12	37.1	0.747	0.572	0.524	0.684	0.550	0.604	0.637	0.603	0.779	0.795	0.414	0.316	0.103	0.112	0.108	0.105	0.108	0.112	0.106	0.104	0.107	0.104	0.106	0.102	0.714	0.788	0.866	0.843	0.876	0.895	0.879	1.017	1.168	1.236	0.536	0.399	0.861	0.740	0.743	0.662	0.671	0.852	0.857	0.894	0.888	0.958	0.720	0.759	0.102	0.103	0.111	0.104	0.114	0.112	0.101	0.104	0.102	0.107	0.117	0.110	0.690	0.861	0.827	0.884	0.862	0.874	0.921	0.934	0.918	0.932	0.529	0.439	0.101	0.101	0.106	0.104	0.103	0.117	0.107	0.103	0.109	0.104	0.102	0.111	0.427	0.638	0.735	0.738	0.596	0.689	0.681	0.752	0.756	0.777	0.444	0.319
19:01:12	37.1	0.753	0.574	0.526	0.689	0.551	0.609	0.644	0.638	0.829	0.847	0.430	0.342	0.103	0.113	0.108	0.105	0.108	0.112	0.106	0.104	0.107	0.104	0.106	0.107	0.714	0.797	0.871	0.857	0.889	0.903	0.891	1.022	1.170	1.238	0.535	0.412	0.870	0.742	0.743	0.660	0.679	0.858	0.862	0.905	0.897	0.964	0.736	0.803	0.102	0.103	0.111	0.104	0.114	0.112	0.101	0.104	0.102	0.107	0.117	0.110	0.694	0.871	0.847	0.898	0.878	0.892	0.931	0.951	0.925	0.940	0.516	0.439	0.101	0.101	0.106	0.104	0.104	0.117	0.107	0.103	0.109	0.104	0.102	0.110	0.426	0.649	0.789	0.760	0.611	0.696	0.689	0.784	0.786	0.800	0.448	0.337
20:01:13	37.1	0.760	0.576	0.528	0.693	0.554	0.613	0.654	0.676	0.877	0.890	0.431	0.355	0.103	0.112	0.108	0.105	0.109	0.112	0.106	0.104	0.108	0.104	0.106	0.102	0.716	0.808	0.881	0.865	0.899	0.913	0.897	1.029	1.174	1.245	0.530	0.422	0.878	0.744	0.743	0.658	0.686	0.866	0.868	0.919	0.904	0.971	0.751	0.844	0.102	0.103	0.111	0.105	0.114	0.112	0.101	0.104	0.102	0.107	0.117	0.110	0.701	0.887	0.861	0.917	0.893	0.913	0.945	0.963	0.934	0.946	0.509	0.444	0.101	0.101	0.106	0.104	0.103	0.117	0.107	0.103	0.109	0.104	0.102	0.110	0.426	0.663	0.841	0.786	0.625	0.710	0.699	0.816	0.813	0.818	0.454	0.353
21:01:15	37.1	0.767	0.580	0.531	0.696	0.556	0.619	0.664	0.713	0.916	0.923	0.430	0.363	0.103	0.112	0.108	0.104	0.108	0.112	0.106	0.104	0.107	0.104	0.105	0.102	0.718	0.816	0.886	0.868	0.901	0.921	0.903	1.034	1.176	1.246	0.521	0.425	0.883	0.747	0.744	0.656	0.683	0.876	0.877	0.932	0.910	0.977	0.765	0.879	0.102	0.103	0.111	0.104	0.114	0.112	0.101	0.104	0.102	0.107	0.117	0.109	0.709	0.907	0.877	0.934	0.909	0.926	0.959	0.972	0.940	0.955	0.497	0.449	0.101	0.101	0.106	0.104	0.103	0.117	0.107	0.103	0.109	0.104	0.102	0.110	0.428	0.686	0.875	0.806	0.644	0.734	0.716	0.843	0.837	0.831	0.461	0.368
22:01:15	37.1	0.777	0.585	0.535	0.701	0.559	0.624	0.678	0.750	0.944	0.949	0.424	0.367	0.103	0.112	0.108	0.105	0.109	0.112	0.106	0.104	0.107	0.104	0.106	0.102	0.720	0.821	0.893	0.873	0.906	0.927	0.911	1.043	1.180	1.249	0.517	0.428	0.887	0.751	0.743	0.656	0.680	0.885	0.886	0.943	0.919	0.985	0.781	0.913	0.102	0.103	0.111	0.105	0.114	0.112	0.101	0.104	0.102	0.107	0.117	0.110	0.721	0.923	0.896	0.956	0.927	0.947	0.976	0.989	0.949	0.960	0.489	0.452	0.101	0.101	0.106	0.104	0.103	0.117	0.107	0.103	0.109	0.104	0.102	0.110	0.429	0.704	0.908	0.831	0.665	0.761	0.729	0.867	0.859	0.847	0.465	0.373
23:01:15	37.1	0.791	0.591	0.539	0.706	0.562	0.632	0.693	0.786	0.969	0.965	0.413	0.364	0.103	0.112	0.108	0.105	0.109	0.112	0.106	0.104	0.107	0.104	0.106	0.102	0.722	0.829	0.894	0.876	0.911	0.928	0.912	1.048	1.182	1.251	0.508	0.431	0.889	0.755	0.743	0.657	0.678	0.893	0.895	0.952	0.926	0.990	0.788	0.947	0.102	0.103	0.111	0.105	0.114	0.112	0.101	0.104	0.102	0.107	0.117	0.110	0.733	0.941	0.913	0.967	0.946	0.963	0.988	0.999	0.954	0.966	0.481	0.452	0.101	0.101	0.106	0.104	0.103	0.117	0.107	0.103	0.109	0.104	0.102	0.110	0.431	0.723	0.939	0.855	0.686	0.787	0.744	0.890	0.879	0.862	0.464	0.377
24:01:16	37.1	0.805	0.599	0.545	0.715	0.568	0.641	0.709	0.826	0.985	0.977	0.409	0.367	0.103	0.112	0.108	0.105	0.109	0.112	0.106	0.104	0.108	0.104	0.105	0.102	0.723	0.833	0.901	0.880	0.914	0.933	0.915	1.056	1.184	1.253	0.504	0.432	0.892	0.759	0.745	0.659	0.678	0.899	0.901	0.959	0.930	0.997	0.798	0.976	0.102	0.103	0.111	0.105	0.114	0.112	0.101	0.104	0.102	0.107	0.117	0.109	0.749	0.960	0.930	0.980	0.958	0.980	0.998	1.011	0.962	0.970	0.475	0.455	0.101	0.101	0.106	0.104	0.103	0.117	0.107	0.103	0.109	0.104	0.102	0.110	0.433	0.739	0.953	0.876	0.708	0.812	0.764	0.913	0.898	0.874	0.465	0.379
0:00:00																																																																																																	
0:00:00																																																																																																	
0:00:00																																																																																																	
0:00:00																																																																																																	
0:00:00																																																																																																	
0:00:00																																																																																																	
0:00:00																																																																																																	
0:00:00																																																																																																	
0:00:00																																																																																																	
0:00:00																																																																																																	
0:00:00																																																																																																	
0:00:00																																																																																																	
0:00:00																																																																																																	
0:00:00																																																																																																	
0:00:00																																																																																																	
0:00:00																																																																																																	
0:00:00																																																																																																	
0:00:00																																																																																																	
0:00:00																																																																																																	
0:00:00																																																																																																	
0:00:00																																																																																																	
0:00:00																																																																																																	
0:00:00																																																																																																	
0:00:00																																																																																																	

Results
	1	2	3	4	5	6	7	8	9	10	11	12
A	2.316	1.682	1.598	2.074	1.619	1.806	1.861	1.579	1.623	1.789	0.859	0.560	Max V [578]
	0.986	0.985	0.993	0.982	0.994	0.994	0.987	0.993	0.989	0.987	0.999	0.999	R-Squared [578]
	8:01:08	9:01:09	9:01:09	8:01:08	9:01:09	9:01:09	9:01:09	9:01:09	9:01:09	9:01:09	14:01:10	16:01:11	t at Max V [578]
	6:01:17	6:23:45	6:39:03	6:02:11	6:33:42	6:30:32	6:18:16	6:45:06	6:44:18	6:48:03	11:03:43	11:45:07	Lagtime [578]
B	-0.001	-0.003	-0.002	-0.001	-0.002	-0.002	-0.001	-0.001	-0.002	-0.001	-0.001	-0.027	Max V [578]
	0.893	0.953	0.817	0.942	0.907	0.714	0.696	0.800	0.636	0.942	0.880	0.857	R-Squared [578]
	5:01:07	4:01:07	2:01:06	6:01:08	2:01:06	4:01:07	2:01:06	2:01:06	2:01:06	2:01:06	2:01:06	5:01:07	t at Max V [578]
	3:25:06	2:21:06	?????	?????	?????	2:01:06	?????	0:46:05	?????	?????	?????	6:38:10	Lagtime [578]
C	3.156	3.133	3.377	3.290	3.351	3.315	3.154	3.110	2.739	2.568	1.451	0.704	Max V [578]
	0.952	0.962	0.961	0.967	0.971	0.970	0.968	0.962	0.977	0.973	0.984	0.999	R-Squared [578]
	6:01:08	6:01:08	6:01:08	6:01:08	6:01:08	6:01:08	6:01:08	6:01:08	6:01:08	6:01:08	6:01:08	6:01:08	t at Max V [578]
	3:34:13	3:44:19	3:44:03	3:44:45	3:46:14	3:46:02	3:44:19	3:44:31	3:42:25	3:40:33	3:32:35	3:25:32	Lagtime [578]
D	3.085	2.275	2.386	1.896	1.914	2.633	2.755	2.790	2.776	2.898	1.053	1.552	Max V [578]
	0.986	0.980	0.975	0.983	0.986	0.975	0.980	0.986	0.984	0.988	1.000	0.991	R-Squared [578]
	7:01:08	7:01:08	7:01:08	7:01:08	7:01:08	8:01:08	8:01:08	8:01:08	8:01:08	8:01:08	9:01:09	16:01:11	t at Max V [578]
	4:56:41	5:09:04	5:07:09	5:05:39	5:03:16	5:26:09	5:22:49	5:37:28	5:32:44	5:43:02	5:51:10	10:53:57	Lagtime [578]
E	-0.001	-0.002	-0.003	-0.001	-0.002	-0.004	-0.001	-0.002	-0.005	-0.003	-0.007	-0.002	Max V [578]
	0.500	0.581	0.959	0.529	0.840	0.812	0.454	0.926	0.773	0.893	0.877	0.970	R-Squared [578]
	2:01:06	2:01:06	2:01:06	4:01:07	4:01:07	2:01:06	2:01:06	2:01:06	11:01:09	2:01:06	2:01:06	2:01:06	t at Max V [578]
	?????	?????	?????	2:41:06	?????	?????	?????	0:13:05	11:25:59	?????	?????	?????	Lagtime [578]
F	2.719	3.124	2.738	2.986	2.886	2.818	3.008	2.700	2.493	2.340	1.029	0.593	Max V [578]
	0.963	0.964	0.960	0.963	0.963	0.970	0.968	0.971	0.975	0.986	0.999	1.000	R-Squared [578]
	6:01:08	6:01:08	6:01:08	6:01:08	7:01:08	7:01:08	7:01:08	7:01:08	7:01:08	7:01:08	8:01:08	9:01:09	t at Max V [578]
	4:13:05	4:13:15	4:15:18	4:14:30	4:25:42	4:27:33	4:23:18	4:27:05	4:25:10	4:26:31	4:15:05	4:30:27	Lagtime [578]
G	-0.001	-0.002	-0.002	-0.002	-0.001	-0.005	-0.002	-0.002	0.001	-0.002	-0.001	-0.002	Max V [578]
	0.723	0.703	0.837	0.797	0.810	0.900	0.926	0.987	0.920	0.900	0.696	0.917	R-Squared [578]
	19:01:13	2:01:06	2:01:06	2:01:06	3:01:06	2:01:06	3:01:06	2:01:06	18:01:12	2:01:06	2:01:06	4:01:07	t at Max V [578]
	16:21:10	?????	?????	?????	0:47:45	?????	0:49:05	?????	23:47:54	?????	?????	0:44:44	Lagtime [578]
H	1.396	1.872	1.717	2.276	1.732	2.125	2.025	2.004	1.715	1.916	0.820	0.485	Max V [578]
	0.981	0.988	0.989	0.992	0.992	0.995	0.994	0.993	0.989	0.985	1.000	1.000	R-Squared [578]
	9:01:09	9:01:09	9:01:09	9:01:09	9:01:09	9:01:09	9:01:09	9:01:09	10:01:09	10:01:09	13:01:10	15:01:10	t at Max V [578]
	6:48:43	6:35:14	6:42:47	6:38:11	6:41:33	6:36:06	6:35:32	6:45:25	7:11:20	7:09:52	9:36:54	10:26:49	Lagtime [578]

