

Software Version	3.12.08



Experiment File Path:	C:\Users\Sarela\Documents\Rita Pires\Exp44_RP_2plates_part2_02072024_Exp45_RP_2plates_part1_03072024.xpt
Protocol File Path:	C:\Users\Public\Documents\Protocols\New_96well_578_24H.prt



Plate Number	Plate 1
Date	7/3/2024
Time	1:16:26 PM
Reader Type:	Epoch 2
Reader Serial Number:	2202232E
Reading Type	Reader

Procedure Details

Plate Type	96 WELL PLATE
Discontinuous Kinetics	Runtime 2:00:00 (D:HH:MM), Interval 0:01:00, 49 Reads
Eject plate on completion	
Set Temperature	Setpoint 37°C, Gradient 0 °C
Shake	Double Orbital: 0:01:01 (HH:MM:SS)
	Frequency: 282 cpm (3 mm)
Read	Absorbance Endpoint
	Full Plate
	Wavelengths:  578
	Read Speed: Normal,  Delay: 100 msec,  Measurements/Data Point: 8

578

Time	T° 578	A1	A2	A3	A4	A5	A6	A7	A8	A9	A10	A11	A12	B1	B2	B3	B4	B5	B6	B7	B8	B9	B10	B11	B12	C1	C2	C3	C4	C5	C6	C7	C8	C9	C10	C11	C12	D1	D2	D3	D4	D5	D6	D7	D8	D9	D10	D11	D12	E1	E2	E3	E4	E5	E6	E7	E8	E9	E10	E11	E12	F1	F2	F3	F4	F5	F6	F7	F8	F9	F10	F11	F12	G1	G2	G3	G4	G5	G6	G7	G8	G9	G10	G11	G12	H1	H2	H3	H4	H5	H6	H7	H8	H9	H10	H11	H12
0:01:05	37.1	0.918	0.603	0.688	0.557	0.586	0.696	0.692	0.882	1.258	0.886	0.402	0.368	0.107	0.109	0.110	0.112	0.123	0.112	0.109	0.115	0.114	0.107	0.113	0.107	0.724	0.823	0.821	0.827	0.881	0.858	0.914	0.980	1.192	1.259	0.503	0.462	0.832	0.734	0.650	0.766	0.904	0.802	0.986	0.906	0.966	0.980	0.830	0.981	0.113	0.103	0.113	0.110	0.106	0.106	0.107	0.111	0.120	0.111	0.104	0.105	0.769	0.901	0.920	0.925	0.966	0.938	0.935	0.956	0.930	0.877	0.466	0.482	0.113	0.106	0.105	0.101	0.109	0.102	0.107	0.104	0.107	0.105	0.109	0.105	0.794	0.900	0.754	0.883	0.779	0.739	0.754	0.740	0.784	0.879	0.439	0.380
1:01:05	37.0	0.938	0.619	0.693	0.569	0.593	0.711	0.711	0.912	1.272	0.902	0.392	0.400	0.107	0.110	0.110	0.112	0.121	0.111	0.110	0.115	0.114	0.108	0.113	0.107	0.727	0.833	0.834	0.835	0.893	0.875	0.935	1.004	1.203	1.269	0.499	0.469	0.843	0.738	0.649	0.770	0.906	0.803	0.999	0.915	0.978	0.985	0.845	1.004	0.113	0.103	0.112	0.110	0.106	0.106	0.107	0.111	0.120	0.111	0.104	0.105	0.785	0.917	0.929	0.944	0.984	0.960	0.955	0.970	0.942	0.894	0.460	0.492	0.113	0.106	0.105	0.102	0.110	0.102	0.108	0.106	0.108	0.105	0.109	0.105	0.796	0.932	0.777	0.905	0.807	0.786	0.791	0.769	0.801	0.889	0.440	0.385
2:01:06	37.1	0.949	0.629	0.699	0.581	0.604	0.726	0.727	0.931	1.274	0.907	0.388	0.394	0.107	0.109	0.110	0.112	0.120	0.111	0.109	0.115	0.114	0.107	0.113	0.107	0.727	0.834	0.829	0.833	0.891	0.879	0.936	1.008	1.204	1.271	0.494	0.464	0.851	0.737	0.650	0.775	0.908	0.805	1.014	0.924	0.985	0.995	0.846	1.021	0.113	0.103	0.112	0.110	0.106	0.106	0.107	0.111	0.120	0.111	0.104	0.105	0.804	0.937	0.935	0.956	0.989	0.968	0.960	0.979	0.946	0.898	0.460	0.499	0.113	0.106	0.105	0.102	0.110	0.102	0.108	0.105	0.110	0.105	0.109	0.105	0.794	0.961	0.799	0.925	0.827	0.820	0.826	0.789	0.815	0.897	0.436	0.392
3:01:07	37.1	0.988	0.639	0.706	0.595	0.615	0.743	0.742	0.955	1.278	0.914	0.378	0.391	0.106	0.109	0.110	0.112	0.120	0.111	0.109	0.115	0.114	0.107	0.113	0.107	0.728	0.837	0.833	0.839	0.897	0.881	0.940	1.010	1.203	1.267	0.490	0.457	0.869	0.738	0.649	0.776	0.909	0.806	1.023	0.937	0.986	0.994	0.843	1.039	0.113	0.102	0.112	0.110	0.106	0.106	0.107	0.110	0.120	0.111	0.104	0.105	0.812	0.942	0.966	0.963	1.000	0.976	0.959	0.987	0.943	0.896	0.456	0.494	0.114	0.107	0.106	0.102	0.109	0.102	0.108	0.105	0.108	0.104	0.109	0.105	0.795	0.986	0.817	0.940	0.835	0.850	0.846	0.801	0.816	0.895	0.432	0.398
4:01:08	37.1	1.026	0.643	0.712	0.609	0.629	0.758	0.760	0.972	1.280	0.918	0.371	0.384	0.106	0.109	0.110	0.112	0.120	0.111	0.109	0.115	0.113	0.107	0.113	0.107	0.729	0.841	0.841	0.846	0.903	0.889	0.949	1.018	1.209	1.271	0.488	0.448	0.894	0.737	0.650	0.776	0.911	0.808	1.035	0.944	0.993	1.001	0.841	1.058	0.113	0.102	0.112	0.110	0.106	0.106	0.107	0.110	0.119	0.111	0.104	0.104	0.827	0.963	0.980	0.969	1.005	0.983	0.977	0.998	0.943	0.896	0.454	0.489	0.115	0.107	0.106	0.102	0.109	0.102	0.107	0.103	0.108	0.104	0.109	0.105	0.794	1.017	0.842	0.960	0.837	0.885	0.866	0.820	0.824	0.898	0.430	0.404
5:01:08	37.1	1.010	0.641	0.720	0.621	0.643	0.777	0.779	0.989	1.279	0.926	0.365	0.352	0.106	0.109	0.110	0.112	0.120	0.111	0.109	0.115	0.113	0.107	0.113	0.107	0.728	0.841	0.839	0.845	0.907	0.885	0.952	1.022	1.212	1.274	0.488	0.447	0.906	0.738	0.651	0.776	0.913	0.811	1.046	0.951	1.002	1.009	0.860	1.070	0.113	0.102	0.112	0.110	0.106	0.106	0.107	0.111	0.119	0.111	0.104	0.105	0.843	0.973	0.977	0.976	1.030	1.001	0.993	1.010	0.956	0.903	0.452	0.488	0.114	0.107	0.106	0.102	0.110	0.102	0.108	0.103	0.109	0.104	0.109	0.105	0.795	1.042	0.864	0.977	0.842	0.916	0.891	0.845	0.840	0.915	0.430	0.405
6:01:08	37.1	1.036	0.642	0.730	0.630	0.660	0.795	0.792	1.002	1.280	0.925	0.362	0.343	0.106	0.109	0.110	0.112	0.120	0.111	0.109	0.115	0.114	0.107	0.113	0.107	0.727	0.840	0.836	0.843	0.901	0.884	0.948	1.020	1.218	1.275	0.488	0.440	0.934	0.739	0.652	0.779	0.915	0.815	1.057	0.963	1.001	1.015	0.866	1.078	0.113	0.103	0.112	0.110	0.106	0.106	0.107	0.110	0.119	0.111	0.104	0.104	0.849	0.997	1.000	0.990	1.047	1.010	1.004	1.020	0.959	0.910	0.450	0.486	0.114	0.107	0.106	0.102	0.110	0.102	0.107	0.104	0.109	0.105	0.109	0.105	0.794	1.066	0.886	0.994	0.860	0.943	0.904	0.861	0.850	0.921	0.428	0.411
7:01:09	37.1	1.030	0.645	0.741	0.640	0.680	0.810	0.806	1.015	1.280	0.931	0.359	0.343	0.107	0.109	0.110	0.112	0.120	0.111	0.109	0.115	0.114	0.107	0.113	0.107	0.727	0.840	0.838	0.842	0.897	0.888	0.953	1.028	1.227	1.275	0.489	0.433	0.954	0.740	0.650	0.775	0.918	0.822	1.066	0.962	1.010	1.016	0.874	1.086	0.113	0.103	0.112	0.110	0.106	0.106	0.107	0.111	0.120	0.111	0.104	0.105	0.855	1.001	1.003	1.012	1.046	1.025	1.008	1.029	0.966	0.917	0.449	0.483	0.115	0.107	0.106	0.102	0.111	0.102	0.108	0.105	0.110	0.105	0.109	0.105	0.794	1.085	0.909	1.009	0.882	0.965	0.906	0.874	0.858	0.925	0.427	0.416
8:01:09	37.1	1.056	0.646	0.750	0.649	0.701	0.823	0.817	1.025	1.281	0.930	0.354	0.336	0.107	0.108	0.110	0.112	0.120	0.111	0.109	0.115	0.114	0.107	0.113	0.107	0.726	0.841	0.840	0.844	0.899	0.890	0.953	1.033	1.228	1.275	0.487	0.429	0.973	0.742	0.652	0.774	0.921	0.827	1.074	0.967	1.008	1.019	0.882	1.097	0.113	0.103	0.112	0.110	0.106	0.106	0.107	0.111	0.119	0.111	0.104	0.105	0.869	1.014	1.010	1.018	1.060	1.036	1.019	1.032	0.972	0.920	0.448	0.474	0.113	0.107	0.106	0.101	0.110	0.102	0.108	0.103	0.107	0.104	0.109	0.105	0.793	1.102	0.927	1.020	0.897	0.984	0.923	0.884	0.865	0.931	0.424	0.422
9:01:09	37.1	1.045	0.648	0.759	0.656	0.723	0.840	0.827	1.036	1.280	0.929	0.350	0.334	0.107	0.108	0.110	0.112	0.120	0.111	0.110	0.115	0.114	0.107	0.113	0.107	0.726	0.843	0.838	0.845	0.900	0.889	0.955	1.032	1.230	1.276	0.485	0.417	0.993	0.741	0.652	0.772	0.919	0.831	1.081	0.973	1.013	1.021	0.887	1.101	0.113	0.103	0.112	0.110	0.106	0.106	0.107	0.111	0.119	0.111	0.104	0.105	0.863	1.027	1.026	1.024	1.083	1.043	1.026	1.038	0.977	0.924	0.447	0.468	0.113	0.108	0.106	0.102	0.109	0.102	0.108	0.103	0.109	0.105	0.109	0.105	0.794	1.120	0.944	1.032	0.911	1.003	0.940	0.895	0.870	0.935	0.423	0.430
10:01:10	37.0	1.040	0.649	0.767	0.665	0.744	0.857	0.842	1.046	1.279	0.926	0.347	0.332	0.106	0.108	0.110	0.112	0.120	0.111	0.109	0.115	0.114	0.107	0.113	0.107	0.725	0.844	0.841	0.845	0.902	0.889	0.953	1.034	1.231	1.277	0.481	0.415	1.020	0.739	0.652	0.775	0.924	0.834	1.089	0.982	1.011	1.024	0.891	1.102	0.113	0.102	0.112	0.110	0.106	0.106	0.107	0.111	0.119	0.111	0.104	0.104	0.865	1.036	1.040	1.042	1.085	1.051	1.031	1.046	0.980	0.928	0.446	0.462	0.111	0.108	0.105	0.101	0.109	0.102	0.108	0.104	0.106	0.104	0.108	0.105	0.796	1.138	0.961	1.042	0.936	1.017	0.956	0.906	0.876	0.941	0.422	0.430
11:01:11	37.0	1.028	0.653	0.773	0.674	0.766	0.878	0.852	1.049	1.278	0.930	0.344	0.326	0.106	0.108	0.110	0.112	0.120	0.111	0.109	0.115	0.114	0.107	0.113	0.107	0.727	0.846	0.840	0.847	0.901	0.890	0.954	1.035	1.230	1.277	0.479	0.412	1.041	0.738	0.654	0.777	0.925	0.833	1.088	0.985	1.015	1.027	0.896	1.102	0.113	0.102	0.112	0.110	0.106	0.106	0.107	0.110	0.119	0.111	0.104	0.104	0.880	1.046	1.050	1.045	1.100	1.058	1.040	1.056	0.977	0.925	0.446	0.452	0.112	0.107	0.106	0.101	0.109	0.102	0.107	0.104	0.107	0.104	0.108	0.105	0.800	1.152	0.977	1.053	0.959	1.033	0.967	0.916	0.882	0.946	0.421	0.430
12:01:12	37.0	0.989	0.657	0.782	0.684	0.793	0.898	0.864	1.052	1.278	0.926	0.341	0.321	0.106	0.107	0.110	0.111	0.120	0.111	0.109	0.115	0.113	0.107	0.113	0.107	0.731	0.850	0.840	0.845	0.903	0.893	0.958	1.037	1.225	1.278	0.477	0.401	1.074	0.738	0.654	0.777	0.924	0.838	1.100	0.987	1.020	1.028	0.899	1.102	0.113	0.102	0.112	0.110	0.106	0.106	0.107	0.110	0.119	0.111	0.104	0.104	0.876	1.060	1.055	1.060	1.104	1.071	1.051	1.060	0.984	0.936	0.446	0.449	0.113	0.107	0.105	0.102	0.109	0.101	0.107	0.103	0.110	0.105	0.109	0.105	0.803	1.173	0.989	1.063	0.970	1.047	0.977	0.925	0.891	0.953	0.421	0.432
0:00:00																																																																																																	
0:00:00																																																																																																	
0:00:00																																																																																																	
0:00:00																																																																																																	
0:00:00																																																																																																	
0:00:00																																																																																																	
0:00:00																																																																																																	
0:00:00																																																																																																	
0:00:00																																																																																																	
0:00:00																																																																																																	
0:00:00																																																																																																	
0:00:00																																																																																																	
0:00:00																																																																																																	
0:00:00																																																																																																	
0:00:00																																																																																																	
0:00:00																																																																																																	
0:00:00																																																																																																	
0:00:00																																																																																																	
0:00:00																																																																																																	
0:00:00																																																																																																	
0:00:00																																																																																																	
0:00:00																																																																																																	
0:00:00																																																																																																	
0:00:00																																																																																																	
0:00:00																																																																																																	
0:00:00																																																																																																	
0:00:00																																																																																																	
0:00:00																																																																																																	
0:00:00																																																																																																	
0:00:00																																																																																																	
0:00:00																																																																																																	
0:00:00																																																																																																	
0:00:00																																																																																																	
0:00:00																																																																																																	
0:00:00																																																																																																	
0:00:00																																																																																																	

Results
	1	2	3	4	5	6	7	8	9	10	11	12
A	0.442	0.166	0.164	0.222	0.380	0.315	0.282	0.369	0.081	0.124	-0.125	-0.236	Max V [578]
	0.953	0.954	0.999	0.999	0.997	0.998	0.998	0.991	0.835	0.923	0.986	0.896	R-Squared [578]
	2:01:07	2:01:07	7:01:09	3:01:07	10:01:11	10:01:11	3:01:07	2:01:07	2:01:07	2:01:07	2:01:07	4:01:07	t at Max V [578]
	0:16:59	?????	1:40:11	0:10:58	3:01:13	1:21:44	?????	?????	?????	?????	?????	4:22:41	Lagtime [578]
B	-0.001	-0.005	-0.000	-0.001	-0.008	-0.002	-0.001	-0.001	-0.001	-0.001	0.001	-0.001	Max V [578]
	0.880	0.970	0.067	0.721	0.592	0.900	0.941	0.692	0.721	0.893	0.893	0.781	R-Squared [578]
	2:01:07	9:01:10	10:01:11	10:01:11	2:01:07	2:01:07	3:01:07	10:01:11	3:01:07	8:01:09	5:01:08	3:01:07	t at Max V [578]
	0:14:25	6:25:08	10:01:10	8:52:35	?????	?????	2:01:06	7:41:09	1:52:32	6:25:08	5:25:08	4:13:08	Lagtime [578]
C	0.019	0.067	0.067	0.068	0.079	0.113	0.127	0.136	0.093	0.036	-0.062	-0.117	Max V [578]
	0.595	0.891	0.735	0.912	0.858	0.872	0.856	0.817	0.958	0.504	0.972	0.980	R-Squared [578]
	10:01:11	2:01:07	2:01:07	2:01:07	2:01:07	2:01:07	2:01:07	2:01:07	5:01:08	2:01:07	2:01:07	7:01:09	t at Max V [578]
	7:29:00	?????	?????	?????	?????	?????	?????	?????	1:05:38	?????	?????	2:58:33	Lagtime [578]
D	0.418	0.021	0.011	0.046	0.042	0.086	0.202	0.163	0.104	0.095	0.162	0.315	Max V [578]
	0.992	0.977	0.843	0.851	0.989	0.983	0.995	0.994	0.931	0.955	0.956	0.998	R-Squared [578]
	10:01:11	6:01:09	10:01:11	2:01:07	6:01:09	7:01:09	2:01:07	2:01:07	2:01:07	5:01:08	6:01:09	2:01:07	t at Max V [578]
	2:31:41	2:04:01	5:39:18	?????	1:40:20	3:17:48	?????	0:02:04	?????	0:11:12	2:25:15	?????	Lagtime [578]
E	-0.001	-0.001	-0.002	-0.002	0.001	-0.001	-0.002	-0.001	-0.002	-0.001	-0.002	-0.001	Max V [578]
	0.500	0.692	0.893	0.756	0.521	0.941	0.926	0.781	0.893	0.481	0.893	0.920	R-Squared [578]
	10:01:11	3:01:07	2:01:07	3:01:07	6:01:09	4:01:07	2:01:07	10:01:11	3:01:07	9:01:10	3:01:07	2:01:07	t at Max V [578]
	3:31:05	2:01:06	?????	3:55:40	6:25:09	3:46:07	?????	8:49:09	2:25:06	7:49:09	1:25:06	?????	Lagtime [578]
F	0.237	0.251	0.262	0.224	0.242	0.220	0.207	0.178	0.114	0.102	-0.047	-0.125	Max V [578]
	0.987	0.967	0.932	0.965	0.947	0.990	0.950	0.997	0.965	0.984	0.932	0.990	R-Squared [578]
	2:01:07	5:01:08	2:01:07	6:01:09	4:01:07	6:01:09	5:01:08	5:01:08	6:01:09	6:01:09	2:01:07	9:01:10	t at Max V [578]
	?????	0:06:59	0:21:25	0:58:07	0:42:03	0:28:19	0:43:48	0:02:30	1:44:57	0:42:25	?????	7:05:57	Lagtime [578]
G	-0.014	0.005	0.004	-0.002	-0.007	-0.003	-0.004	-0.011	-0.013	0.005	-0.004	-0.003	Max V [578]
	0.849	0.721	0.977	0.639	0.868	0.692	0.876	0.847	0.519	0.670	0.995	0.877	R-Squared [578]
	8:01:09	8:01:09	3:01:07	9:01:10	9:01:10	3:01:07	10:01:11	3:01:07	9:01:10	5:01:08	9:01:10	5:01:08	t at Max V [578]
	7:58:15	2:17:07	1:14:56	9:17:10	10:39:51	2:01:06	?????	3:17:44	10:20:07	5:34:53	6:41:56	4:01:08	Lagtime [578]
H	0.042	0.477	0.378	0.314	0.324	0.593	0.464	0.321	0.183	0.140	-0.044	0.101	Max V [578]
	0.939	0.999	1.000	0.997	0.983	0.993	0.976	0.979	0.983	0.946	0.925	0.996	R-Squared [578]
	10:01:11	2:01:07	5:01:08	2:01:07	9:01:10	2:01:07	2:01:07	2:01:07	5:01:08	5:01:08	3:01:07	2:01:07	t at Max V [578]
	8:30:40	?????	0:10:12	?????	1:56:38	?????	?????	?????	0:11:30	1:14:50	1:08:49	0:07:47	Lagtime [578]



Software Version	3.12.08



Experiment File Path:	C:\Users\Sarela\Documents\Rita Pires\Exp44_RP_2plates_part2_02072024_Exp45_RP_2plates_part1_03072024.xpt
Protocol File Path:	C:\Users\Public\Documents\Protocols\New_96well_578_24H.prt



Plate Number	Plate 2
Date	7/3/2024
Time	1:18:50 PM
Reader Type:	Epoch 2
Reader Serial Number:	2202232E
Reading Type	Reader

Procedure Details

Plate Type	96 WELL PLATE
Discontinuous Kinetics	Runtime 2:00:00 (D:HH:MM), Interval 0:01:00, 49 Reads
Eject plate on completion	
Set Temperature	Setpoint 37°C, Gradient 0 °C
Shake	Double Orbital: 0:01:01 (HH:MM:SS)
	Frequency: 282 cpm (3 mm)
Read	Absorbance Endpoint
	Full Plate
	Wavelengths:  578
	Read Speed: Normal,  Delay: 100 msec,  Measurements/Data Point: 8

578

Time	T° 578	A1	A2	A3	A4	A5	A6	A7	A8	A9	A10	A11	A12	B1	B2	B3	B4	B5	B6	B7	B8	B9	B10	B11	B12	C1	C2	C3	C4	C5	C6	C7	C8	C9	C10	C11	C12	D1	D2	D3	D4	D5	D6	D7	D8	D9	D10	D11	D12	E1	E2	E3	E4	E5	E6	E7	E8	E9	E10	E11	E12	F1	F2	F3	F4	F5	F6	F7	F8	F9	F10	F11	F12	G1	G2	G3	G4	G5	G6	G7	G8	G9	G10	G11	G12	H1	H2	H3	H4	H5	H6	H7	H8	H9	H10	H11	H12
0:01:05	37.1	0.823	0.630	0.579	0.765	0.616	0.677	0.752	0.862	1.022	1.012	0.448	0.403	0.103	0.112	0.108	0.104	0.109	0.113	0.106	0.104	0.108	0.104	0.106	0.102	0.749	0.859	0.938	0.922	0.951	0.963	0.948	1.086	1.212	1.287	0.539	0.468	0.936	0.775	0.791	0.706	0.726	0.945	0.948	0.997	0.976	1.037	0.845	1.054	0.102	0.103	0.111	0.104	0.115	0.113	0.102	0.104	0.102	0.107	0.117	0.110	0.757	0.979	0.968	1.031	0.999	1.024	1.046	1.058	1.016	1.014	0.518	0.493	0.101	0.101	0.106	0.105	0.103	0.117	0.107	0.103	0.109	0.104	0.102	0.110	0.434	0.750	0.970	0.899	0.737	0.837	0.798	0.951	0.936	0.918	0.507	0.418
1:01:06	37.0	0.826	0.607	0.548	0.730	0.578	0.650	0.728	0.868	0.999	0.986	0.397	0.368	0.103	0.112	0.107	0.104	0.109	0.113	0.106	0.104	0.107	0.104	0.105	0.102	0.729	0.839	0.902	0.885	0.919	0.935	0.917	1.058	1.180	1.247	0.498	0.428	0.906	0.764	0.765	0.666	0.675	0.910	0.911	0.969	0.944	1.006	0.813	1.046	0.102	0.103	0.111	0.104	0.115	0.113	0.101	0.104	0.102	0.107	0.117	0.109	0.759	0.973	0.939	0.996	0.978	1.004	1.021	1.033	0.975	0.980	0.471	0.457	0.101	0.101	0.106	0.105	0.103	0.117	0.107	0.103	0.109	0.104	0.102	0.110	0.441	0.757	0.996	0.901	0.731	0.839	0.784	0.935	0.915	0.883	0.471	0.392
2:01:07	37.1	0.847	0.616	0.559	0.738	0.586	0.659	0.745	0.902	1.008	0.993	0.393	0.368	0.102	0.112	0.107	0.104	0.108	0.113	0.106	0.104	0.107	0.104	0.105	0.102	0.729	0.843	0.905	0.886	0.919	0.939	0.919	1.062	1.180	1.248	0.492	0.428	0.908	0.766	0.768	0.664	0.676	0.921	0.920	0.981	0.959	1.018	0.825	1.066	0.102	0.103	0.111	0.105	0.115	0.113	0.101	0.104	0.102	0.107	0.116	0.109	0.770	0.996	0.971	1.011	1.002	1.014	1.030	1.037	0.983	0.989	0.466	0.457	0.101	0.101	0.106	0.105	0.103	0.117	0.107	0.103	0.109	0.104	0.102	0.110	0.445	0.767	1.024	0.930	0.758	0.865	0.802	0.954	0.928	0.898	0.470	0.395
3:01:08	37.0	0.889	0.626	0.570	0.747	0.594	0.672	0.756	0.931	1.019	1.003	0.385	0.365	0.103	0.112	0.107	0.104	0.108	0.113	0.106	0.103	0.107	0.104	0.105	0.102	0.730	0.853	0.916	0.890	0.927	0.944	0.921	1.065	1.179	1.248	0.485	0.423	0.914	0.770	0.770	0.666	0.674	0.921	0.928	0.987	0.961	1.022	0.822	1.080	0.102	0.103	0.111	0.105	0.115	0.113	0.101	0.104	0.102	0.106	0.116	0.109	0.795	1.012	0.982	1.030	1.007	1.026	1.033	1.048	0.987	0.995	0.463	0.458	0.101	0.101	0.106	0.105	0.103	0.117	0.107	0.103	0.109	0.104	0.102	0.110	0.450	0.781	1.048	0.950	0.778	0.886	0.822	0.970	0.929	0.898	0.468	0.397
4:01:08	37.1	0.897	0.632	0.579	0.755	0.604	0.684	0.763	0.957	1.024	1.007	0.376	0.360	0.102	0.112	0.107	0.104	0.108	0.113	0.106	0.103	0.107	0.104	0.105	0.102	0.731	0.864	0.919	0.893	0.933	0.946	0.930	1.068	1.179	1.250	0.482	0.420	0.923	0.775	0.772	0.668	0.674	0.932	0.931	0.995	0.967	1.024	0.824	1.087	0.102	0.103	0.111	0.104	0.115	0.113	0.101	0.104	0.102	0.106	0.116	0.109	0.811	1.025	0.995	1.047	1.019	1.033	1.044	1.058	0.990	1.005	0.459	0.454	0.101	0.101	0.106	0.105	0.103	0.117	0.107	0.103	0.108	0.104	0.102	0.110	0.456	0.796	1.083	0.973	0.803	0.915	0.843	0.995	0.942	0.910	0.466	0.400
5:01:09	37.1	0.912	0.634	0.593	0.765	0.615	0.697	0.774	0.983	1.028	1.011	0.369	0.356	0.103	0.112	0.107	0.104	0.108	0.113	0.106	0.103	0.107	0.104	0.105	0.102	0.730	0.860	0.918	0.894	0.930	0.947	0.929	1.071	1.179	1.252	0.479	0.417	0.934	0.776	0.774	0.670	0.675	0.944	0.934	1.004	0.976	1.036	0.833	1.097	0.102	0.103	0.111	0.105	0.115	0.113	0.101	0.104	0.102	0.107	0.116	0.109	0.827	1.040	1.004	1.058	1.044	1.055	1.063	1.071	1.006	1.016	0.457	0.449	0.101	0.101	0.106	0.105	0.103	0.117	0.107	0.103	0.109	0.104	0.102	0.110	0.462	0.817	1.115	1.000	0.826	0.939	0.869	1.015	0.959	0.924	0.465	0.408
6:01:09	37.1	0.925	0.636	0.603	0.767	0.624	0.713	0.785	1.006	1.033	1.013	0.365	0.349	0.103	0.112	0.107	0.104	0.108	0.113	0.106	0.103	0.107	0.104	0.105	0.102	0.730	0.860	0.916	0.894	0.928	0.949	0.932	1.074	1.177	1.250	0.474	0.407	0.949	0.776	0.776	0.672	0.676	0.947	0.943	1.013	0.981	1.042	0.837	1.101	0.102	0.103	0.111	0.104	0.115	0.113	0.101	0.104	0.102	0.106	0.116	0.109	0.843	1.053	1.029	1.075	1.052	1.072	1.070	1.082	1.014	1.021	0.455	0.445	0.101	0.101	0.106	0.105	0.103	0.117	0.107	0.103	0.109	0.103	0.102	0.110	0.470	0.826	1.147	1.022	0.848	0.957	0.895	1.032	0.969	0.925	0.465	0.410
7:01:09	37.1	0.953	0.638	0.614	0.767	0.632	0.730	0.797	1.023	1.034	1.014	0.360	0.347	0.102	0.112	0.107	0.104	0.108	0.113	0.106	0.104	0.107	0.104	0.105	0.102	0.730	0.865	0.921	0.898	0.936	0.952	0.935	1.080	1.179	1.250	0.470	0.402	0.966	0.774	0.777	0.675	0.678	0.952	0.955	1.020	0.989	1.052	0.843	1.103	0.102	0.103	0.111	0.104	0.115	0.113	0.101	0.104	0.102	0.107	0.116	0.109	0.853	1.073	1.040	1.079	1.056	1.081	1.067	1.088	1.018	1.031	0.453	0.445	0.101	0.101	0.106	0.105	0.103	0.117	0.107	0.103	0.108	0.104	0.102	0.110	0.480	0.848	1.171	1.040	0.863	0.975	0.918	1.051	0.978	0.931	0.461	0.413
8:01:10	37.1	0.968	0.640	0.627	0.772	0.640	0.744	0.809	1.037	1.036	1.015	0.357	0.340	0.102	0.112	0.107	0.104	0.108	0.113	0.106	0.103	0.107	0.104	0.105	0.102	0.729	0.874	0.922	0.898	0.940	0.951	0.936	1.083	1.177	1.249	0.468	0.393	0.993	0.772	0.777	0.678	0.678	0.956	0.964	1.029	0.993	1.068	0.839	1.102	0.102	0.103	0.110	0.104	0.114	0.113	0.101	0.104	0.102	0.106	0.115	0.109	0.867	1.089	1.055	1.096	1.066	1.090	1.081	1.097	1.028	1.034	0.450	0.439	0.101	0.101	0.106	0.105	0.103	0.117	0.106	0.103	0.109	0.104	0.102	0.110	0.491	0.875	1.197	1.063	0.880	0.992	0.939	1.068	0.991	0.939	0.459	0.414
9:01:10	37.1	0.971	0.645	0.639	0.774	0.649	0.757	0.823	1.050	1.038	1.015	0.354	0.336	0.103	0.112	0.107	0.104	0.108	0.113	0.106	0.104	0.107	0.104	0.105	0.102	0.731	0.878	0.924	0.899	0.941	0.957	0.938	1.083	1.176	1.248	0.463	0.386	1.021	0.773	0.776	0.680	0.679	0.962	0.970	1.035	0.996	1.081	0.843	1.096	0.102	0.103	0.110	0.104	0.115	0.113	0.101	0.104	0.102	0.107	0.115	0.109	0.865	1.104	1.074	1.117	1.077	1.106	1.091	1.107	1.034	1.040	0.449	0.432	0.101	0.101	0.106	0.105	0.103	0.117	0.107	0.103	0.109	0.104	0.102	0.110	0.504	0.885	1.224	1.083	0.894	1.008	0.951	1.080	0.995	0.943	0.459	0.417
10:01:10	37.0	0.970	0.648	0.654	0.779	0.659	0.768	0.832	1.059	1.038	1.014	0.350	0.329	0.103	0.112	0.107	0.104	0.108	0.113	0.106	0.103	0.107	0.104	0.105	0.102	0.732	0.882	0.924	0.899	0.942	0.959	0.943	1.084	1.177	1.248	0.462	0.380	1.047	0.776	0.776	0.681	0.680	0.967	0.982	1.039	1.000	1.097	0.850	1.091	0.102	0.103	0.111	0.104	0.114	0.113	0.101	0.104	0.102	0.106	0.114	0.109	0.874	1.107	1.086	1.128	1.102	1.110	1.103	1.116	1.042	1.051	0.449	0.426	0.101	0.101	0.106	0.105	0.103	0.117	0.107	0.103	0.108	0.104	0.102	0.110	0.521	0.899	1.242	1.099	0.903	1.024	0.963	1.093	1.000	0.948	0.457	0.414
11:01:11	37.0	0.952	0.653	0.669	0.786	0.668	0.781	0.842	1.071	1.037	1.014	0.346	0.324	0.103	0.112	0.107	0.104	0.108	0.113	0.106	0.104	0.107	0.104	0.105	0.102	0.733	0.882	0.927	0.902	0.941	0.962	0.945	1.087	1.175	1.247	0.460	0.377	1.081	0.774	0.776	0.686	0.681	0.976	0.993	1.045	1.014	1.110	0.848	1.086	0.102	0.103	0.111	0.104	0.115	0.112	0.101	0.104	0.102	0.106	0.114	0.109	0.873	1.117	1.098	1.123	1.117	1.123	1.108	1.125	1.046	1.058	0.448	0.420	0.101	0.101	0.106	0.105	0.103	0.117	0.107	0.103	0.108	0.104	0.102	0.110	0.532	0.926	1.257	1.119	0.917	1.039	0.975	1.103	1.005	0.953	0.456	0.416
12:01:12	37.0	0.934	0.657	0.684	0.792	0.682	0.795	0.852	1.081	1.037	1.014	0.343	0.320	0.103	0.112	0.107	0.104	0.108	0.113	0.106	0.103	0.107	0.104	0.105	0.102	0.736	0.888	0.926	0.901	0.941	0.958	0.945	1.086	1.173	1.246	0.469	0.365	1.123	0.773	0.773	0.687	0.682	0.982	0.999	1.049	1.020	1.122	0.852	1.078	0.102	0.103	0.111	0.104	0.114	0.112	0.101	0.104	0.102	0.106	0.114	0.109	0.887	1.127	1.102	1.136	1.122	1.130	1.116	1.130	1.052	1.064	0.448	0.415	0.101	0.101	0.106	0.105	0.103	0.117	0.107	0.103	0.108	0.104	0.102	0.110	0.549	0.948	1.279	1.135	0.933	1.054	0.993	1.114	1.012	0.964	0.455	0.416
0:00:00																																																																																																	
0:00:00																																																																																																	
0:00:00																																																																																																	
0:00:00																																																																																																	
0:00:00																																																																																																	
0:00:00																																																																																																	
0:00:00																																																																																																	
0:00:00																																																																																																	
0:00:00																																																																																																	
0:00:00																																																																																																	
0:00:00																																																																																																	
0:00:00																																																																																																	
0:00:00																																																																																																	
0:00:00																																																																																																	
0:00:00																																																																																																	
0:00:00																																																																																																	
0:00:00																																																																																																	
0:00:00																																																																																																	
0:00:00																																																																																																	
0:00:00																																																																																																	
0:00:00																																																																																																	
0:00:00																																																																																																	
0:00:00																																																																																																	
0:00:00																																																																																																	
0:00:00																																																																																																	
0:00:00																																																																																																	
0:00:00																																																																																																	
0:00:00																																																																																																	
0:00:00																																																																																																	
0:00:00																																																																																																	
0:00:00																																																																																																	
0:00:00																																																																																																	
0:00:00																																																																																																	
0:00:00																																																																																																	
0:00:00																																																																																																	
0:00:00																																																																																																	

Results
	1	2	3	4	5	6	7	8	9	10	11	12
A	0.373	0.118	0.240	0.144	0.170	0.254	0.201	0.476	0.125	0.106	-0.260	-0.148	Max V [578]
	0.939	0.956	0.999	1.000	0.995	0.998	0.998	0.996	0.958	0.962	0.775	0.661	R-Squared [578]
	3:01:08	3:01:08	10:01:11	3:01:08	10:01:11	6:01:09	7:01:10	3:01:08	3:01:08	3:01:08	2:01:07	2:01:07	t at Max V [578]
	0:43:33	4:02:55	4:46:41	5:08:23	5:45:09	3:37:53	3:13:34	0:41:14	3:53:18	4:48:08	?????	?????	Lagtime [578]
B	-0.001	-0.001	-0.001	0.001	-0.001	0.001	-0.001	-0.001	-0.001	-0.001	-0.001	-0.002	Max V [578]
	0.721	0.692	0.721	0.800	0.692	0.889	0.817	0.781	0.920	0.692	0.781	0.414	R-Squared [578]
	2:01:07	7:01:10	2:01:07	9:01:10	2:01:07	8:01:10	2:01:07	3:01:08	2:01:07	2:01:07	2:01:07	2:01:07	t at Max V [578]
	?????	6:21:09	?????	9:01:10	?????	8:31:10	?????	2:13:07	?????	?????	?????	1:21:06	Lagtime [578]
C	-0.058	0.106	0.076	-0.089	0.061	0.049	0.060	0.063	-0.114	-0.121	-0.212	-0.168	Max V [578]
	0.424	0.870	0.840	0.305	0.832	0.940	0.897	0.982	0.535	0.441	0.755	0.652	R-Squared [578]
	2:01:07	3:01:08	3:01:08	2:01:07	3:01:08	3:01:08	3:01:08	6:01:09	2:01:07	2:01:07	2:01:07	2:01:07	t at Max V [578]
	?????	4:12:26	8:39:05	?????	10:01:23	10:00:11	9:44:58	8:46:31	?????	?????	?????	?????	Lagtime [578]
D	0.530	0.054	-0.057	-0.125	-0.171	0.133	0.156	0.141	0.124	0.241	0.088	0.207	Max V [578]
	0.989	0.978	0.269	0.438	0.516	0.942	0.989	0.999	0.929	0.999	0.974	0.964	R-Squared [578]
	10:01:11	3:01:08	2:01:07	2:01:07	2:01:07	3:01:08	10:01:11	6:01:09	10:01:11	9:01:10	5:01:09	3:01:08	t at Max V [578]
	6:20:59	4:31:53	?????	?????	?????	5:26:27	6:24:49	4:11:45	6:14:02	5:55:46	7:24:12	1:20:08	Lagtime [578]
E	-0.001	-0.001	-0.001	-0.001	-0.001	-0.002	-0.001	-0.001	-0.001	-0.002	-0.006	-0.001	Max V [578]
	0.368	0.750	0.889	0.521	0.490	0.750	0.721	0.750	0.625	0.893	0.983	0.941	R-Squared [578]
	6:01:09	6:01:09	2:01:07	7:01:10	8:01:10	2:01:07	2:01:07	2:01:07	2:01:07	2:01:07	8:01:10	2:01:07	t at Max V [578]
	2:25:08	0:41:07	0:16:05	7:25:10	5:09:43	?????	?????	?????	0:01:05	?????	3:36:31	?????	Lagtime [578]
F	0.298	0.274	0.274	0.266	0.261	0.249	0.181	0.187	0.148	0.146	-0.209	-0.129	Max V [578]
	0.990	0.996	0.985	0.993	0.974	0.974	0.948	0.997	0.955	0.993	0.665	0.555	R-Squared [578]
	4:01:08	7:01:10	7:01:10	3:01:08	9:01:10	5:01:09	4:01:08	4:01:08	6:01:09	3:01:08	2:01:07	2:01:07	t at Max V [578]
	1:07:35	1:21:27	2:37:40	3:12:16	3:36:47	3:01:56	3:46:58	3:54:50	6:32:42	4:57:18	?????	?????	Lagtime [578]
G	0.001	-0.001	-0.001	-0.001	-0.001	-0.002	-0.001	-0.001	-0.001	0.001	-0.001	-0.001	Max V [578]
	0.500	0.481	0.750	0.941	0.409	1.000	0.625	0.692	0.810	0.800	0.500	0.571	R-Squared [578]
	7:01:10	6:01:09	2:01:07	2:01:07	6:01:09	2:01:07	2:01:07	3:01:08	10:01:11	8:01:10	6:01:09	6:01:09	t at Max V [578]
	8:31:10	1:13:07	?????	?????	4:01:08	0:01:05	0:01:05	2:01:07	7:47:50	?????	2:31:08	1:31:08	Lagtime [578]
H	0.239	0.314	0.521	0.402	0.391	0.416	0.405	0.334	0.208	0.155	-0.141	0.068	Max V [578]
	0.997	0.975	0.997	0.997	0.998	0.998	0.999	0.994	0.986	0.933	0.603	0.955	R-Squared [578]
	10:01:11	6:01:09	4:01:08	3:01:08	3:01:08	3:01:08	5:01:09	4:01:08	5:01:09	3:01:08	2:01:07	4:01:08	t at Max V [578]
	4:03:23	1:37:58	0:22:46	0:53:47	1:13:22	0:55:23	2:05:33	1:55:58	3:29:03	4:39:08	?????	7:54:59	Lagtime [578]



Software Version	3.12.08



Experiment File Path:	C:\Users\Sarela\Documents\Rita Pires\Exp44_RP_2plates_part2_02072024_Exp45_RP_2plates_part1_03072024.xpt
Protocol File Path:	C:\Users\Public\Documents\Protocols\New_96well_578_24H.prt



Plate Number	Plate 3
Date	7/3/2024
Time	1:21:13 PM
Reader Type:	Epoch 2
Reader Serial Number:	2202232E
Reading Type	Reader

Procedure Details

Plate Type	96 WELL PLATE
Discontinuous Kinetics	Runtime 2:00:00 (D:HH:MM), Interval 0:01:00, 49 Reads
Eject plate on completion	
Set Temperature	Setpoint 37°C, Gradient 0 °C
Shake	Double Orbital: 0:01:01 (HH:MM:SS)
	Frequency: 282 cpm (3 mm)
Read	Absorbance Endpoint
	Full Plate
	Wavelengths:  578
	Read Speed: Normal,  Delay: 100 msec,  Measurements/Data Point: 8

578

Time	T° 578	A1	A2	A3	A4	A5	A6	A7	A8	A9	A10	A11	A12	B1	B2	B3	B4	B5	B6	B7	B8	B9	B10	B11	B12	C1	C2	C3	C4	C5	C6	C7	C8	C9	C10	C11	C12	D1	D2	D3	D4	D5	D6	D7	D8	D9	D10	D11	D12	E1	E2	E3	E4	E5	E6	E7	E8	E9	E10	E11	E12	F1	F2	F3	F4	F5	F6	F7	F8	F9	F10	F11	F12	G1	G2	G3	G4	G5	G6	G7	G8	G9	G10	G11	G12	H1	H2	H3	H4	H5	H6	H7	H8	H9	H10	H11	H12
0:01:05	37.1	0.107	0.100	0.109	0.103	0.099	0.104	0.105	0.101	0.105	0.100	0.103	0.107	0.113	0.107	0.105	0.104	0.103	0.109	0.111	0.104	0.103	0.106	0.103	0.119	0.107	0.110	0.100	0.102	0.106	0.105	0.107	0.109	0.102	0.100	0.114	0.104	0.108	0.106	0.111	0.104	0.108	0.105	0.105	0.098	0.106	0.110	0.102	0.105	0.103	0.113	0.112	0.106	0.115	0.109	0.104	0.109	0.105	0.103	0.104	0.110	0.103	0.115	0.112	0.107	0.107	0.100	0.103	0.103	0.103	0.102	0.110	0.104	0.106	0.098	0.101	0.110	0.100	0.121	0.100	0.100	0.107	0.100	0.103	0.110	0.098	0.099	0.104	0.099	0.104	0.117	0.100	0.097	0.102	0.106	0.107	0.106
1:01:06	37.0	0.107	0.099	0.108	0.103	0.099	0.104	0.106	0.101	0.105	0.100	0.102	0.106	0.113	0.107	0.105	0.104	0.103	0.109	0.110	0.104	0.102	0.105	0.103	0.118	0.111	0.113	0.103	0.106	0.108	0.108	0.110	0.112	0.105	0.103	0.116	0.107	0.109	0.105	0.111	0.103	0.107	0.105	0.104	0.098	0.106	0.109	0.102	0.105	0.102	0.112	0.111	0.105	0.114	0.108	0.104	0.109	0.105	0.103	0.103	0.109	0.103	0.115	0.112	0.106	0.108	0.100	0.103	0.103	0.103	0.102	0.115	0.104	0.106	0.097	0.101	0.110	0.102	0.113	0.100	0.099	0.109	0.100	0.102	0.108	0.099	0.100	0.105	0.100	0.105	0.118	0.101	0.098	0.103	0.107	0.108	0.107
2:01:07	37.1	0.108	0.100	0.109	0.105	0.100	0.105	0.106	0.102	0.106	0.101	0.103	0.106	0.113	0.107	0.105	0.104	0.103	0.109	0.110	0.103	0.102	0.105	0.103	0.118	0.124	0.126	0.116	0.117	0.121	0.120	0.123	0.126	0.116	0.114	0.126	0.115	0.110	0.105	0.110	0.104	0.107	0.106	0.105	0.098	0.106	0.110	0.103	0.105	0.102	0.112	0.111	0.105	0.114	0.108	0.104	0.109	0.105	0.103	0.103	0.109	0.104	0.116	0.113	0.106	0.109	0.102	0.105	0.105	0.105	0.104	0.119	0.105	0.106	0.098	0.102	0.110	0.101	0.119	0.100	0.100	0.113	0.102	0.103	0.109	0.105	0.105	0.110	0.105	0.110	0.122	0.106	0.103	0.108	0.111	0.111	0.109
3:01:08	37.1	0.111	0.103	0.112	0.108	0.103	0.108	0.109	0.105	0.109	0.104	0.106	0.108	0.112	0.106	0.105	0.104	0.103	0.108	0.110	0.104	0.102	0.105	0.102	0.118	0.173	0.173	0.164	0.161	0.171	0.169	0.173	0.178	0.158	0.156	0.154	0.142	0.112	0.106	0.111	0.105	0.108	0.107	0.107	0.099	0.107	0.111	0.104	0.106	0.102	0.112	0.111	0.105	0.114	0.108	0.104	0.109	0.105	0.103	0.103	0.109	0.109	0.118	0.117	0.110	0.114	0.107	0.110	0.110	0.110	0.108	0.120	0.108	0.107	0.098	0.101	0.109	0.102	0.113	0.100	0.099	0.106	0.101	0.102	0.111	0.133	0.138	0.136	0.133	0.138	0.145	0.129	0.129	0.130	0.129	0.119	0.117
4:01:08	37.1	0.121	0.113	0.124	0.119	0.113	0.119	0.119	0.115	0.118	0.113	0.114	0.114	0.112	0.106	0.105	0.104	0.103	0.108	0.110	0.104	0.102	0.105	0.102	0.117	0.335	0.328	0.307	0.298	0.318	0.308	0.309	0.311	0.265	0.254	0.209	0.182	0.115	0.109	0.114	0.108	0.111	0.109	0.109	0.102	0.110	0.114	0.107	0.107	0.102	0.112	0.111	0.105	0.114	0.108	0.104	0.108	0.105	0.103	0.103	0.109	0.124	0.141	0.130	0.131	0.128	0.121	0.127	0.125	0.124	0.121	0.123	0.115	0.107	0.099	0.103	0.110	0.102	0.107	0.100	0.101	0.108	0.101	0.102	0.110	0.220	0.220	0.209	0.216	0.214	0.219	0.204	0.210	0.202	0.184	0.146	0.138
5:01:08	37.1	0.153	0.143	0.154	0.148	0.142	0.149	0.149	0.144	0.145	0.138	0.133	0.127	0.112	0.107	0.105	0.104	0.103	0.108	0.110	0.103	0.102	0.105	0.102	0.117	0.629	0.611	0.581	0.563	0.598	0.576	0.576	0.568	0.436	0.415	0.279	0.228	0.125	0.115	0.121	0.116	0.117	0.116	0.116	0.108	0.117	0.120	0.112	0.110	0.102	0.112	0.111	0.105	0.114	0.108	0.104	0.108	0.105	0.103	0.103	0.109	0.181	0.173	0.175	0.171	0.175	0.170	0.182	0.172	0.170	0.161	0.141	0.133	0.107	0.098	0.102	0.112	0.102	0.108	0.100	0.100	0.108	0.101	0.103	0.110	0.446	0.433	0.413	0.432	0.413	0.419	0.397	0.412	0.381	0.307	0.188	0.164
6:01:09	37.1	0.236	0.220	0.234	0.229	0.219	0.226	0.232	0.227	0.216	0.205	0.169	0.150	0.112	0.106	0.105	0.104	0.103	0.108	0.110	0.103	0.102	0.105	0.102	0.117	0.802	0.812	0.788	0.765	0.789	0.780	0.767	0.761	0.586	0.543	0.349	0.278	0.161	0.131	0.140	0.139	0.136	0.133	0.134	0.122	0.134	0.136	0.126	0.115	0.102	0.112	0.111	0.105	0.113	0.108	0.104	0.108	0.105	0.103	0.103	0.109	0.342	0.312	0.306	0.315	0.309	0.304	0.334	0.306	0.292	0.251	0.178	0.160	0.107	0.099	0.102	0.112	0.103	0.108	0.101	0.102	0.107	0.101	0.102	0.110	0.679	0.689	0.664	0.696	0.662	0.671	0.642	0.669	0.617	0.483	0.243	0.198
7:01:09	37.1	0.392	0.358	0.385	0.384	0.355	0.363	0.372	0.369	0.336	0.307	0.205	0.175	0.112	0.106	0.105	0.104	0.103	0.108	0.110	0.103	0.102	0.105	0.102	0.117	0.811	0.834	0.819	0.781	0.823	0.812	0.798	0.809	0.657	0.603	0.417	0.324	0.258	0.172	0.196	0.210	0.188	0.178	0.189	0.157	0.177	0.172	0.159	0.126	0.102	0.112	0.111	0.105	0.113	0.108	0.104	0.108	0.105	0.103	0.103	0.109	0.578	0.545	0.544	0.532	0.537	0.537	0.576	0.517	0.474	0.400	0.239	0.194	0.107	0.099	0.101	0.111	0.104	0.111	0.101	0.102	0.111	0.101	0.103	0.111	0.741	0.777	0.760	0.788	0.760	0.775	0.747	0.765	0.729	0.598	0.301	0.237
8:01:09	37.0	0.576	0.561	0.588	0.593	0.529	0.535	0.572	0.567	0.461	0.420	0.257	0.206	0.112	0.106	0.105	0.104	0.103	0.108	0.110	0.104	0.102	0.105	0.102	0.115	0.792	0.803	0.784	0.759	0.795	0.799	0.784	0.770	0.663	0.625	0.481	0.363	0.425	0.282	0.342	0.379	0.314	0.291	0.326	0.246	0.282	0.249	0.331	0.149	0.102	0.112	0.111	0.105	0.113	0.108	0.104	0.108	0.105	0.103	0.103	0.109	0.723	0.722	0.727	0.665	0.720	0.718	0.767	0.690	0.630	0.530	0.312	0.235	0.108	0.099	0.101	0.111	0.103	0.109	0.101	0.102	0.109	0.101	0.102	0.111	0.737	0.779	0.755	0.781	0.753	0.774	0.741	0.789	0.885	0.693	0.363	0.280
9:01:09	37.1	0.784	1.125	1.074	1.072	0.906	0.829	0.974	0.919	0.707	0.519	0.305	0.240	0.112	0.106	0.105	0.104	0.103	0.108	0.110	0.104	0.102	0.105	0.102	0.115	0.757	0.768	0.753	0.718	0.760	0.742	0.737	0.758	0.746	0.651	0.496	0.385	0.610	0.386	0.503	0.563	0.477	0.433	0.491	0.369	0.410	0.349	0.617	0.199	0.102	0.112	0.111	0.105	0.113	0.108	0.104	0.108	0.105	0.103	0.103	0.109	0.744	0.769	0.768	0.701	0.753	0.761	0.799	0.744	0.700	0.611	0.385	0.277	0.108	0.099	0.105	0.111	0.103	0.107	0.102	0.103	0.107	0.101	0.103	0.110	0.736	0.785	0.779	0.816	0.761	0.825	0.811	0.919	1.063	0.911	0.406	0.315
10:01:10	37.0	1.218	1.419	1.400	1.389	1.316	1.271	1.372	1.353	1.216	0.661	0.343	0.273	0.112	0.106	0.105	0.104	0.102	0.108	0.110	0.103	0.102	0.105	0.102	0.115	0.743	0.744	0.721	0.692	0.732	0.716	0.708	0.755	0.763	0.673	0.503	0.408	0.749	0.478	0.622	0.701	0.597	0.555	0.643	0.495	0.529	0.450	0.923	0.443	0.102	0.112	0.111	0.105	0.113	0.108	0.104	0.108	0.105	0.103	0.103	0.108	0.749	0.770	0.764	0.710	0.763	0.765	0.805	0.748	0.703	0.655	0.441	0.314	0.108	0.099	0.102	0.110	0.104	0.107	0.102	0.102	0.110	0.101	0.102	0.110	0.728	0.834	0.847	0.876	0.843	0.903	0.887	1.011	1.126	0.944	0.450	0.349
11:01:11	37.0	1.342	1.461	1.446	1.446	1.405	1.369	1.432	1.427	1.350	0.935	0.375	0.304	0.112	0.106	0.105	0.104	0.103	0.108	0.110	0.103	0.102	0.105	0.102	0.115	0.724	0.720	0.703	0.673	0.710	0.699	0.689	0.775	0.753	0.633	0.508	0.413	0.796	0.511	0.651	0.724	0.631	0.617	0.720	0.596	0.617	0.537	1.073	0.763	0.102	0.112	0.111	0.105	0.113	0.108	0.104	0.108	0.105	0.103	0.103	0.109	0.758	0.783	0.776	0.711	0.763	0.772	0.800	0.750	0.779	0.698	0.486	0.350	0.108	0.098	0.104	0.111	0.105	0.107	0.102	0.102	0.110	0.103	0.103	0.110	0.716	0.879	0.895	0.921	0.887	0.955	0.927	1.051	1.150	0.911	0.462	0.362
12:01:12	37.0	1.391	1.478	1.466	1.458	1.431	1.395	1.450	1.447	1.387	1.047	0.385	0.327	0.112	0.106	0.105	0.104	0.103	0.108	0.110	0.104	0.102	0.105	0.102	0.115	0.713	0.706	0.688	0.665	0.700	0.687	0.684	0.802	0.727	0.620	0.504	0.406	0.821	0.517	0.654	0.721	0.634	0.640	0.736	0.641	0.655	0.608	1.163	0.903	0.102	0.112	0.111	0.105	0.113	0.108	0.104	0.108	0.105	0.103	0.103	0.109	0.765	0.790	0.785	0.716	0.758	0.775	0.803	0.781	0.865	0.748	0.529	0.389	0.107	0.102	0.102	0.110	0.104	0.110	0.103	0.103	0.112	0.102	0.103	0.111	0.703	0.907	0.925	0.940	0.915	0.973	0.949	1.075	1.164	0.895	0.468	0.372
0:00:00																																																																																																	
0:00:00																																																																																																	
0:00:00																																																																																																	
0:00:00																																																																																																	
0:00:00																																																																																																	
0:00:00																																																																																																	
0:00:00																																																																																																	
0:00:00																																																																																																	
0:00:00																																																																																																	
0:00:00																																																																																																	
0:00:00																																																																																																	
0:00:00																																																																																																	
0:00:00																																																																																																	
0:00:00																																																																																																	
0:00:00																																																																																																	
0:00:00																																																																																																	
0:00:00																																																																																																	
0:00:00																																																																																																	
0:00:00																																																																																																	
0:00:00																																																																																																	
0:00:00																																																																																																	
0:00:00																																																																																																	
0:00:00																																																																																																	
0:00:00																																																																																																	
0:00:00																																																																																																	
0:00:00																																																																																																	
0:00:00																																																																																																	
0:00:00																																																																																																	
0:00:00																																																																																																	
0:00:00																																																																																																	
0:00:00																																																																																																	
0:00:00																																																																																																	
0:00:00																																																																																																	
0:00:00																																																																																																	
0:00:00																																																																																																	
0:00:00																																																																																																	

Results
	1	2	3	4	5	6	7	8	9	10	11	12
A	4.235	5.273	5.037	5.016	4.812	4.577	4.867	4.837	4.640	2.782	0.745	0.539	Max V [578]
	0.970	0.947	0.958	0.962	0.966	0.967	0.961	0.965	0.952	0.972	0.997	1.000	R-Squared [578]
	9:01:10	8:01:10	8:01:10	8:01:10	9:01:10	9:01:10	9:01:10	9:01:10	9:01:10	10:01:11	8:01:10	9:01:10	t at Max V [578]
	6:02:46	6:00:21	5:56:41	5:55:35	6:14:10	6:13:02	6:08:50	6:10:26	6:28:25	6:19:25	4:35:40	4:54:07	Lagtime [578]
B	-0.001	-0.002	-0.002	-0.001	-0.002	-0.003	-0.002	-0.001	-0.001	-0.003	-0.001	-0.010	Max V [578]
	0.920	0.893	0.818	0.817	0.658	0.753	0.750	0.721	0.800	0.753	0.920	0.936	R-Squared [578]
	2:01:07	2:01:07	2:01:07	2:01:07	2:01:07	2:01:07	2:01:07	5:01:09	2:01:07	2:01:07	2:01:07	8:01:10	t at Max V [578]
	?????	?????	?????	?????	?????	?????	?????	?????	?????	?????	?????	2:13:08	Lagtime [578]
C	3.022	3.016	2.986	2.847	2.957	2.931	2.844	2.853	2.197	1.972	1.137	0.768	Max V [578]
	0.951	0.948	0.954	0.946	0.952	0.955	0.953	0.963	0.985	0.981	1.000	0.999	R-Squared [578]
	4:01:08	4:01:08	5:01:09	5:01:09	5:01:09	5:01:09	5:01:09	5:01:09	5:01:09	5:01:09	6:01:09	5:01:09	t at Max V [578]
	2:20:06	2:21:46	2:36:35	2:36:33	2:34:27	2:36:33	2:34:21	2:35:17	2:36:20	2:31:55	2:35:32	2:16:42	Lagtime [578]
D	2.545	1.510	2.118	2.462	2.017	1.904	2.299	1.880	1.879	1.551	4.034	3.452	Max V [578]
	0.991	0.984	0.981	0.984	0.977	0.986	0.988	0.997	0.997	0.998	0.988	0.957	R-Squared [578]
	8:01:10	8:01:10	8:01:10	8:01:10	8:01:10	9:01:10	9:01:10	9:01:10	9:01:10	9:01:10	9:01:10	10:01:11	t at Max V [578]
	5:50:22	5:59:06	6:03:26	6:01:25	6:05:06	6:18:34	6:20:35	6:34:53	6:23:03	6:24:57	6:52:44	8:09:22	Lagtime [578]
E	-0.001	-0.003	-0.002	-0.002	-0.004	-0.003	-0.001	-0.002	-0.001	-0.001	-0.002	-0.004	Max V [578]
	0.481	0.920	0.880	0.790	0.903	0.781	0.692	0.750	0.533	0.640	0.818	0.949	R-Squared [578]
	2:01:07	2:01:07	2:01:07	2:01:07	2:01:07	2:01:07	4:01:08	2:01:07	2:01:07	5:01:09	2:01:07	2:01:07	t at Max V [578]
	?????	?????	?????	?????	?????	?????	?????	?????	?????	1:16:08	?????	?????	Lagtime [578]
F	2.657	2.672	2.678	2.383	2.614	2.659	2.790	2.544	2.328	1.964	1.120	0.654	Max V [578]
	0.967	0.966	0.962	0.960	0.960	0.964	0.959	0.972	0.983	0.990	0.998	0.999	R-Squared [578]
	6:01:09	7:01:09	7:01:09	6:01:09	7:01:09	7:01:09	6:01:09	7:01:09	7:01:09	7:01:09	8:01:10	9:01:10	t at Max V [578]
	4:13:12	4:35:21	4:34:37	4:13:40	4:31:28	4:31:27	4:15:45	4:30:34	4:30:36	4:34:14	5:01:37	4:40:30	Lagtime [578]
G	0.005	0.011	0.011	0.013	0.009	-0.050	0.006	0.009	0.017	0.008	-0.002	0.007	Max V [578]
	0.921	0.366	0.361	0.875	0.898	0.681	0.968	0.715	0.589	0.580	0.305	0.433	R-Squared [578]
	7:01:09	10:01:11	9:01:10	4:01:08	5:01:09	2:01:07	10:01:11	5:01:09	5:01:09	9:01:10	2:01:07	3:01:07	t at Max V [578]
	2:46:08	8:39:25	5:44:07	2:46:19	0:19:40	?????	5:30:20	3:54:28	3:41:08	6:17:57	?????	4:01:08	Lagtime [578]
H	2.791	2.912	2.838	2.983	2.821	2.854	2.790	2.885	2.857	2.362	0.928	0.638	Max V [578]
	0.966	0.970	0.970	0.970	0.972	0.972	0.973	0.972	0.987	0.981	0.997	0.998	R-Squared [578]
	5:01:09	5:01:09	5:01:09	5:01:09	5:01:09	5:01:09	5:01:09	5:01:09	6:01:09	7:01:09	7:01:09	7:01:09	t at Max V [578]
	2:57:26	3:00:19	3:04:13	3:02:32	3:02:54	3:06:02	3:04:54	3:03:08	3:20:03	3:32:32	3:32:42	3:33:50	Lagtime [578]



Software Version	3.12.08



Experiment File Path:	C:\Users\Sarela\Documents\Rita Pires\Exp44_RP_2plates_part2_02072024_Exp45_RP_2plates_part1_03072024.xpt
Protocol File Path:	C:\Users\Public\Documents\Protocols\New_96well_578_24H.prt



Plate Number	Plate 4
Date	7/3/2024
Time	1:23:37 PM
Reader Type:	Epoch 2
Reader Serial Number:	2202232E
Reading Type	Reader

Procedure Details

Plate Type	96 WELL PLATE
Discontinuous Kinetics	Runtime 2:00:00 (D:HH:MM), Interval 0:01:00, 49 Reads
Eject plate on completion	
Set Temperature	Setpoint 37°C, Gradient 0 °C
Shake	Double Orbital: 0:01:01 (HH:MM:SS)
	Frequency: 282 cpm (3 mm)
Read	Absorbance Endpoint
	Full Plate
	Wavelengths:  578
	Read Speed: Normal,  Delay: 100 msec,  Measurements/Data Point: 8

578

Time	T° 578	A1	A2	A3	A4	A5	A6	A7	A8	A9	A10	A11	A12	B1	B2	B3	B4	B5	B6	B7	B8	B9	B10	B11	B12	C1	C2	C3	C4	C5	C6	C7	C8	C9	C10	C11	C12	D1	D2	D3	D4	D5	D6	D7	D8	D9	D10	D11	D12	E1	E2	E3	E4	E5	E6	E7	E8	E9	E10	E11	E12	F1	F2	F3	F4	F5	F6	F7	F8	F9	F10	F11	F12	G1	G2	G3	G4	G5	G6	G7	G8	G9	G10	G11	G12	H1	H2	H3	H4	H5	H6	H7	H8	H9	H10	H11	H12
0:01:05	37.1	0.104	0.097	0.105	0.117	0.109	0.130	0.103	0.109	0.102	0.114	0.102	0.103	0.103	0.101	0.109	0.106	0.110	0.113	0.106	0.105	0.102	0.103	0.114	0.104	0.101	0.099	0.100	0.102	0.107	0.104	0.107	0.111	0.102	0.126	0.103	0.101	0.102	0.111	0.105	0.103	0.102	0.104	0.105	0.116	0.103	0.105	0.105	0.099	0.103	0.109	0.114	0.110	0.114	0.107	0.102	0.112	0.120	0.106	0.120	0.110	0.103	0.104	0.106	0.108	0.108	0.109	0.110	0.103	0.109	0.100	0.107	0.106	0.103	0.112	0.107	0.119	0.106	0.105	0.110	0.108	0.111	0.109	0.104	0.108	0.114	0.100	0.106	0.100	0.103	0.102	0.099	0.101	0.102	0.108	0.115	0.107
1:01:05	37.0	0.103	0.096	0.105	0.118	0.108	0.131	0.103	0.109	0.102	0.113	0.102	0.103	0.103	0.101	0.109	0.105	0.110	0.113	0.106	0.104	0.102	0.103	0.113	0.104	0.104	0.102	0.103	0.105	0.110	0.107	0.110	0.114	0.105	0.124	0.105	0.104	0.102	0.110	0.105	0.104	0.103	0.104	0.104	0.114	0.103	0.105	0.105	0.099	0.103	0.109	0.113	0.110	0.114	0.106	0.102	0.111	0.120	0.106	0.119	0.110	0.103	0.104	0.107	0.108	0.109	0.110	0.110	0.103	0.108	0.101	0.107	0.106	0.102	0.112	0.107	0.118	0.106	0.105	0.110	0.107	0.111	0.109	0.104	0.109	0.111	0.101	0.107	0.102	0.104	0.103	0.101	0.103	0.104	0.108	0.115	0.108
2:01:06	37.1	0.104	0.098	0.105	0.115	0.109	0.123	0.102	0.109	0.103	0.113	0.103	0.104	0.102	0.101	0.109	0.105	0.110	0.112	0.106	0.104	0.102	0.103	0.113	0.104	0.119	0.116	0.116	0.117	0.123	0.121	0.123	0.127	0.119	0.132	0.116	0.112	0.103	0.111	0.105	0.104	0.103	0.104	0.105	0.114	0.104	0.105	0.105	0.100	0.103	0.109	0.113	0.109	0.114	0.106	0.102	0.111	0.119	0.106	0.119	0.110	0.105	0.106	0.108	0.110	0.111	0.111	0.111	0.105	0.110	0.102	0.108	0.107	0.103	0.111	0.107	0.118	0.106	0.105	0.110	0.107	0.111	0.108	0.104	0.108	0.115	0.106	0.112	0.107	0.110	0.109	0.106	0.108	0.113	0.113	0.119	0.111
3:01:07	37.1	0.108	0.101	0.109	0.118	0.112	0.135	0.107	0.112	0.106	0.116	0.105	0.106	0.102	0.101	0.109	0.105	0.110	0.112	0.106	0.104	0.102	0.103	0.113	0.104	0.175	0.166	0.166	0.166	0.173	0.173	0.173	0.180	0.162	0.175	0.147	0.139	0.105	0.111	0.107	0.105	0.105	0.106	0.106	0.115	0.105	0.106	0.106	0.101	0.103	0.108	0.113	0.109	0.113	0.106	0.102	0.111	0.119	0.106	0.118	0.110	0.110	0.111	0.113	0.114	0.116	0.116	0.116	0.111	0.116	0.107	0.112	0.110	0.102	0.111	0.107	0.118	0.106	0.104	0.110	0.107	0.111	0.108	0.104	0.108	0.150	0.139	0.146	0.138	0.143	0.134	0.137	0.138	0.131	0.132	0.128	0.119
4:01:08	37.1	0.120	0.113	0.121	0.130	0.124	0.136	0.119	0.123	0.118	0.126	0.117	0.113	0.102	0.101	0.108	0.105	0.110	0.112	0.106	0.104	0.102	0.103	0.113	0.104	0.353	0.328	0.328	0.325	0.332	0.329	0.320	0.326	0.277	0.279	0.200	0.179	0.110	0.114	0.109	0.108	0.107	0.108	0.109	0.118	0.108	0.110	0.108	0.102	0.103	0.108	0.113	0.109	0.113	0.106	0.102	0.111	0.119	0.106	0.118	0.110	0.128	0.127	0.129	0.128	0.132	0.132	0.135	0.130	0.134	0.123	0.121	0.118	0.102	0.111	0.107	0.118	0.106	0.105	0.110	0.107	0.111	0.108	0.104	0.108	0.244	0.229	0.232	0.222	0.226	0.218	0.207	0.214	0.213	0.190	0.159	0.140
5:01:08	37.1	0.155	0.145	0.157	0.163	0.158	0.153	0.150	0.154	0.147	0.153	0.134	0.128	0.102	0.101	0.108	0.105	0.110	0.112	0.106	0.104	0.102	0.102	0.112	0.104	0.640	0.620	0.617	0.593	0.606	0.605	0.577	0.573	0.444	0.431	0.269	0.218	0.123	0.120	0.115	0.116	0.114	0.115	0.116	0.124	0.116	0.116	0.114	0.104	0.103	0.108	0.113	0.109	0.113	0.106	0.102	0.111	0.119	0.106	0.118	0.110	0.185	0.184	0.181	0.178	0.182	0.183	0.178	0.189	0.192	0.161	0.144	0.135	0.102	0.111	0.107	0.118	0.106	0.104	0.110	0.107	0.111	0.108	0.104	0.108	0.481	0.452	0.457	0.442	0.440	0.427	0.403	0.419	0.402	0.319	0.202	0.168
6:01:08	37.1	0.256	0.236	0.245	0.253	0.246	0.236	0.234	0.236	0.226	0.221	0.175	0.153	0.102	0.101	0.108	0.105	0.110	0.112	0.106	0.104	0.101	0.102	0.112	0.104	0.820	0.787	0.795	0.777	0.794	0.776	0.753	0.750	0.594	0.544	0.335	0.265	0.160	0.137	0.135	0.137	0.129	0.134	0.134	0.142	0.136	0.132	0.127	0.110	0.103	0.108	0.113	0.109	0.113	0.106	0.102	0.111	0.119	0.106	0.118	0.110	0.358	0.345	0.337	0.322	0.324	0.335	0.315	0.351	0.338	0.262	0.189	0.163	0.102	0.111	0.107	0.118	0.106	0.104	0.110	0.107	0.111	0.108	0.104	0.108	0.701	0.693	0.706	0.695	0.686	0.665	0.647	0.662	0.637	0.492	0.250	0.197
7:01:09	37.1	0.435	0.401	0.407	0.409	0.402	0.389	0.385	0.388	0.364	0.327	0.219	0.182	0.102	0.101	0.108	0.105	0.110	0.112	0.106	0.104	0.101	0.102	0.112	0.104	0.809	0.811	0.807	0.811	0.828	0.826	0.808	0.811	0.649	0.617	0.420	0.313	0.267	0.189	0.172	0.202	0.177	0.188	0.176	0.189	0.195	0.166	0.162	0.122	0.103	0.108	0.113	0.109	0.113	0.106	0.102	0.111	0.119	0.106	0.118	0.110	0.607	0.576	0.584	0.558	0.553	0.569	0.532	0.594	0.547	0.408	0.248	0.196	0.102	0.111	0.107	0.118	0.106	0.104	0.110	0.107	0.111	0.108	0.104	0.108	0.761	0.783	0.790	0.787	0.773	0.767	0.737	0.760	0.746	0.601	0.306	0.236
8:01:09	37.1	0.646	0.619	0.608	0.616	0.600	0.578	0.573	0.575	0.517	0.442	0.275	0.214	0.102	0.101	0.108	0.105	0.110	0.112	0.106	0.104	0.102	0.103	0.112	0.104	0.787	0.784	0.777	0.774	0.789	0.790	0.769	0.765	0.675	0.632	0.452	0.352	0.446	0.305	0.266	0.325	0.258	0.330	0.267	0.300	0.293	0.247	0.320	0.148	0.103	0.108	0.113	0.109	0.113	0.106	0.102	0.111	0.118	0.106	0.118	0.110	0.760	0.697	0.755	0.721	0.713	0.752	0.700	0.768	0.699	0.537	0.311	0.234	0.102	0.111	0.107	0.117	0.106	0.104	0.110	0.107	0.111	0.108	0.104	0.108	0.756	0.784	0.791	0.784	0.777	0.764	0.742	0.787	0.932	0.750	0.367	0.274
9:01:09	37.1	0.869	1.188	1.096	1.061	0.978	0.958	0.958	0.994	0.742	0.534	0.327	0.254	0.102	0.101	0.108	0.105	0.110	0.112	0.106	0.104	0.102	0.102	0.112	0.104	0.764	0.752	0.751	0.741	0.757	0.751	0.730	0.756	0.710	0.678	0.475	0.378	0.645	0.455	0.391	0.452	0.355	0.501	0.373	0.419	0.419	0.358	0.624	0.237	0.103	0.108	0.113	0.109	0.113	0.106	0.102	0.111	0.118	0.106	0.118	0.110	0.770	0.742	0.798	0.758	0.754	0.787	0.732	0.818	0.767	0.624	0.378	0.280	0.102	0.111	0.107	0.117	0.105	0.104	0.110	0.107	0.111	0.108	0.104	0.108	0.748	0.808	0.834	0.832	0.817	0.811	0.825	0.937	1.086	0.936	0.429	0.311
10:01:10	37.0	1.249	1.455	1.395	1.405	1.367	1.332	1.329	1.397	1.230	0.653	0.378	0.291	0.102	0.101	0.108	0.105	0.110	0.112	0.106	0.104	0.102	0.103	0.112	0.104	0.746	0.729	0.719	0.717	0.730	0.731	0.706	0.764	0.739	0.683	0.480	0.397	0.769	0.559	0.478	0.548	0.431	0.647	0.466	0.527	0.542	0.466	0.878	0.449	0.103	0.108	0.113	0.109	0.113	0.106	0.102	0.111	0.118	0.106	0.118	0.110	0.772	0.750	0.799	0.757	0.753	0.786	0.735	0.818	0.772	0.660	0.438	0.322	0.102	0.111	0.107	0.117	0.106	0.104	0.110	0.107	0.111	0.108	0.104	0.108	0.744	0.856	0.893	0.884	0.872	0.877	0.888	1.020	1.143	0.964	0.458	0.343
11:01:11	37.0	1.359	1.493	1.453	1.450	1.436	1.390	1.396	1.449	1.350	0.946	0.413	0.323	0.102	0.101	0.108	0.105	0.110	0.112	0.106	0.104	0.101	0.103	0.112	0.104	0.731	0.707	0.701	0.694	0.714	0.712	0.692	0.792	0.733	0.668	0.496	0.399	0.810	0.599	0.510	0.564	0.458	0.715	0.529	0.593	0.629	0.556	1.045	0.734	0.103	0.108	0.113	0.109	0.113	0.106	0.102	0.111	0.118	0.106	0.118	0.110	0.779	0.755	0.808	0.767	0.760	0.798	0.749	0.830	0.853	0.740	0.486	0.361	0.102	0.111	0.107	0.117	0.106	0.104	0.110	0.107	0.111	0.108	0.104	0.108	0.731	0.890	0.934	0.924	0.916	0.924	0.937	1.064	1.166	0.944	0.463	0.368
12:01:11	37.0	1.405	1.501	1.471	1.471	1.456	1.413	1.418	1.465	1.377	1.062	0.427	0.346	0.102	0.101	0.108	0.105	0.110	0.112	0.106	0.104	0.101	0.102	0.112	0.104	0.719	0.693	0.688	0.679	0.703	0.701	0.689	0.815	0.723	0.653	0.495	0.396	0.834	0.609	0.520	0.565	0.464	0.733	0.547	0.619	0.669	0.620	1.143	0.879	0.103	0.108	0.113	0.109	0.113	0.106	0.102	0.111	0.118	0.106	0.118	0.110	0.787	0.771	0.820	0.772	0.769	0.809	0.758	0.876	0.915	0.791	0.520	0.392	0.102	0.111	0.107	0.117	0.105	0.104	0.110	0.107	0.110	0.108	0.104	0.108	0.718	0.915	0.961	0.944	0.945	0.955	0.968	1.087	1.181	0.925	0.475	0.373
0:00:00																																																																																																	
0:00:00																																																																																																	
0:00:00																																																																																																	
0:00:00																																																																																																	
0:00:00																																																																																																	
0:00:00																																																																																																	
0:00:00																																																																																																	
0:00:00																																																																																																	
0:00:00																																																																																																	
0:00:00																																																																																																	
0:00:00																																																																																																	
0:00:00																																																																																																	
0:00:00																																																																																																	
0:00:00																																																																																																	
0:00:00																																																																																																	
0:00:00																																																																																																	
0:00:00																																																																																																	
0:00:00																																																																																																	
0:00:00																																																																																																	
0:00:00																																																																																																	
0:00:00																																																																																																	
0:00:00																																																																																																	
0:00:00																																																																																																	
0:00:00																																																																																																	
0:00:00																																																																																																	
0:00:00																																																																																																	
0:00:00																																																																																																	
0:00:00																																																																																																	
0:00:00																																																																																																	
0:00:00																																																																																																	
0:00:00																																																																																																	
0:00:00																																																																																																	
0:00:00																																																																																																	
0:00:00																																																																																																	
0:00:00																																																																																																	
0:00:00																																																																																																	

Results
	1	2	3	4	5	6	7	8	9	10	11	12
A	4.084	5.375	4.980	4.927	4.724	4.601	4.628	4.906	4.474	2.752	0.858	0.595	Max V [578]
	0.979	0.956	0.962	0.963	0.964	0.961	0.963	0.956	0.958	0.961	0.999	0.998	R-Squared [578]
	9:01:10	8:01:09	8:01:09	8:01:09	9:01:10	8:01:09	9:01:10	9:01:10	9:01:10	10:01:10	8:01:09	9:01:10	t at Max V [578]
	5:43:27	5:54:01	5:51:29	5:52:56	6:01:44	5:57:40	6:02:57	6:07:43	6:16:07	6:18:03	4:40:16	4:49:40	Lagtime [578]
B	-0.001	-0.001	-0.004	-0.002	-0.002	-0.003	-0.001	-0.001	-0.001	0.001	-0.004	-0.001	Max V [578]
	0.817	0.481	0.992	0.924	0.864	0.941	0.696	0.920	0.750	0.721	0.880	0.721	R-Squared [578]
	2:01:07	5:01:08	4:01:07	2:01:07	2:01:07	3:01:07	2:01:07	2:01:07	4:01:07	8:01:09	2:01:07	4:01:07	t at Max V [578]
	0:35:22	0:13:05	0:44:44	?????	?????	0:08:34	?????	?????	?????	?????	?????	?????	Lagtime [578]
C	3.109	2.996	3.012	2.911	2.957	2.921	2.840	2.811	2.149	1.914	1.136	0.735	Max V [578]
	0.959	0.952	0.952	0.954	0.954	0.957	0.965	0.969	0.979	0.988	0.994	0.999	R-Squared [578]
	4:01:07	4:01:07	4:01:07	4:01:07	4:01:07	5:01:08	5:01:08	5:01:08	5:01:08	5:01:08	5:01:08	6:01:09	t at Max V [578]
	2:18:07	2:19:20	2:20:09	2:20:15	2:20:05	2:31:22	2:33:28	2:32:39	2:30:55	2:33:00	2:30:27	2:17:37	Lagtime [578]
D	2.660	1.851	1.509	1.787	1.304	2.284	1.507	1.727	1.864	1.663	3.872	3.265	Max V [578]
	0.991	0.979	0.974	0.990	0.989	0.983	0.993	0.991	0.996	0.998	0.989	0.975	R-Squared [578]
	8:01:09	8:01:09	8:01:09	8:01:09	8:01:09	9:01:10	9:01:10	9:01:10	9:01:10	9:01:10	9:01:10	10:01:10	t at Max V [578]
	5:47:40	6:03:13	5:59:30	5:52:52	5:52:28	6:18:18	6:10:16	6:13:04	6:13:36	6:28:43	6:51:56	8:01:48	Lagtime [578]
E	-0.002	-0.002	-0.002	-0.002	-0.003	-0.001	-0.001	-0.003	-0.005	-0.002	-0.006	-0.000	Max V [578]
	0.893	0.781	0.917	0.781	0.831	0.810	0.696	0.877	0.911	0.837	0.912	0.450	R-Squared [578]
	2:01:07	2:01:07	4:01:07	4:01:07	2:01:07	4:01:07	4:01:07	2:01:07	2:01:07	4:01:07	2:01:07	2:01:07	t at Max V [578]
	?????	0:13:05	0:01:05	?????	?????	?????	?????	?????	?????	0:21:05	?????	2:01:06	Lagtime [578]
F	2.812	2.552	2.758	2.610	2.555	2.711	2.486	2.803	2.519	2.001	1.045	0.696	Max V [578]
	0.967	0.969	0.960	0.959	0.961	0.960	0.959	0.965	0.976	0.994	1.000	0.999	R-Squared [578]
	6:01:09	6:01:09	6:01:09	6:01:09	7:01:09	6:01:09	7:01:09	6:01:09	7:01:09	7:01:09	8:01:09	9:01:10	t at Max V [578]
	4:12:48	4:10:42	4:15:32	4:16:24	4:25:53	4:15:47	4:27:37	4:12:52	4:22:15	4:32:11	4:43:47	4:53:00	Lagtime [578]
G	-0.001	-0.003	-0.002	-0.005	-0.001	-0.001	-0.002	-0.003	-0.002	-0.002	-0.002	-0.002	Max V [578]
	0.920	0.820	0.942	0.858	0.889	0.721	0.880	0.941	0.797	0.860	0.917	0.893	R-Squared [578]
	4:01:07	2:01:07	4:01:07	2:01:07	4:01:07	3:01:07	3:01:07	2:01:07	2:01:07	3:01:07	4:01:07	3:01:07	t at Max V [578]
	2:01:06	?????	0:35:23	?????	0:46:06	0:26:48	0:14:55	?????	?????	?????	0:44:44	1:25:06	Lagtime [578]
H	2.797	2.919	2.937	2.950	2.864	2.856	2.736	2.818	2.971	2.490	0.951	0.611	Max V [578]
	0.967	0.974	0.971	0.972	0.971	0.976	0.969	0.973	0.990	0.993	0.997	0.999	R-Squared [578]
	5:01:08	5:01:08	5:01:08	5:01:08	5:01:08	5:01:08	5:01:08	5:01:08	6:01:09	7:01:09	7:01:09	8:01:09	t at Max V [578]
	2:54:57	2:58:01	2:58:20	3:00:17	2:58:51	3:01:53	3:01:30	3:01:22	3:18:23	3:35:29	3:34:41	3:31:35	Lagtime [578]

