

Software Version	3.12.08



Experiment File Path:	C:\Users\Sarela\Documents\Ons\Exp32_RP_Part3_2Plates_Exp43_OB_3Plates_Part2_17042024.xpt
Protocol File Path:	C:\Users\Public\Documents\Protocols\New_96well_578_24H.prt



Plate Number	Plate 1
Date	4/17/2024
Time	7:16:52 PM
Reader Type:	Epoch 2
Reader Serial Number:	2202232E
Reading Type	Reader

Procedure Details

Plate Type	96 WELL PLATE
Discontinuous Kinetics	Runtime 2:00:00 (D:HH:MM). Interval 0:01:00. 49 Reads
Eject plate on completion	
Set Temperature	Setpoint 37°C. Gradient 0 °C
Shake	Double Orbital: 0:01:01 (HH:MM:SS)
	Frequency: 282 cpm (3 mm)
Read	Absorbance Endpoint
	Full Plate
	Wavelengths:  578
	Read Speed: Normal.  Delay: 100 msec.  Measurements/Data Point: 8

578

Time	T° 578	A1	A2	A3	A4	A5	A6	A7	A8	A9	A10	A11	A12	B1	B2	B3	B4	B5	B6	B7	B8	B9	B10	B11	B12	C1	C2	C3	C4	C5	C6	C7	C8	C9	C10	C11	C12	D1	D2	D3	D4	D5	D6	D7	D8	D9	D10	D11	D12	E1	E2	E3	E4	E5	E6	E7	E8	E9	E10	E11	E12	F1	F2	F3	F4	F5	F6	F7	F8	F9	F10	F11	F12	G1	G2	G3	G4	G5	G6	G7	G8	G9	G10	G11	G12	H1	H2	H3	H4	H5	H6	H7	H8	H9	H10	H11	H12
0:01:05	39.4	0.151	0.143	0.136	0.137	0.134	0.138	0.133	0.137	0.125	0.123	0.132	0.133	0.131	0.128	0.120	0.124	0.120	0.127	0.125	0.124	0.139	0.127	0.127	0.125	0.123	0.121	0.120	0.147	0.127	0.117	0.137	0.130	0.124	0.136	0.125	0.116	0.121	0.121	0.125	0.128	0.126	0.118	0.124	0.125	0.121	0.129	0.119	0.120	0.121	0.122	0.121	0.124	0.130	0.124	0.130	0.124	0.119	0.127	0.122	0.117	0.096	0.100	0.095	0.150	0.116	0.098	0.105	0.105	0.105	0.102	0.115	0.102	0.112	0.107	0.113	0.107	0.114	0.113	0.112	0.111	0.110	0.107	0.115	0.112	0.115	0.113	0.110	0.104	0.109	0.114	0.112	0.109	0.116	0.113	0.114	0.114
1:01:05	38.6	0.275	0.212	0.219	0.213	0.217	0.214	0.183	0.211	0.196	0.168	0.169	0.162	0.194	0.188	0.182	0.177	0.165	0.195	0.184	0.170	0.191	0.175	0.154	0.151	0.186	0.182	0.166	0.212	0.169	0.160	0.193	0.170	0.171	0.179	0.152	0.142	0.179	0.183	0.182	0.183	0.171	0.172	0.164	0.161	0.157	0.185	0.154	0.143	0.184	0.168	0.172	0.173	0.186	0.176	0.175	0.173	0.166	0.168	0.161	0.142	0.096	0.099	0.095	0.148	0.115	0.097	0.105	0.104	0.105	0.105	0.114	0.101	0.112	0.107	0.113	0.107	0.114	0.113	0.112	0.111	0.110	0.106	0.113	0.112	0.116	0.114	0.110	0.104	0.109	0.115	0.112	0.109	0.117	0.113	0.114	0.114
2:01:05	38.6	0.525	0.391	0.419	0.390	0.438	0.394	0.336	0.393	0.369	0.307	0.403	0.225	0.346	0.327	0.343	0.328	0.309	0.384	0.327	0.331	0.360	0.274	0.267	0.206	0.341	0.317	0.297	0.376	0.305	0.293	0.342	0.294	0.316	0.308	0.374	0.191	0.345	0.335	0.341	0.338	0.286	0.308	0.294	0.287	0.274	0.297	0.238	0.187	0.339	0.312	0.329	0.307	0.350	0.346	0.324	0.296	0.292	0.277	0.285	0.208	0.097	0.099	0.095	0.147	0.115	0.097	0.105	0.104	0.104	0.105	0.114	0.101	0.112	0.107	0.113	0.107	0.114	0.113	0.111	0.111	0.110	0.106	0.113	0.112	0.116	0.114	0.110	0.104	0.109	0.115	0.112	0.109	0.116	0.113	0.114	0.114
3:01:06	39.2	0.785	0.594	0.653	0.584	0.674	0.598	0.514	0.597	0.572	0.515	0.649	0.293	0.535	0.518	0.567	0.552	0.528	0.613	0.535	0.555	0.569	0.578	0.482	0.275	0.529	0.500	0.489	0.609	0.498	0.489	0.562	0.468	0.556	0.644	0.692	0.251	0.532	0.529	0.570	0.565	0.490	0.500	0.487	0.461	0.452	0.496	0.439	0.242	0.555	0.502	0.566	0.530	0.581	0.583	0.552	0.515	0.497	0.585	0.649	0.295	0.097	0.099	0.095	0.147	0.116	0.097	0.105	0.104	0.105	0.105	0.114	0.104	0.112	0.107	0.113	0.107	0.114	0.113	0.111	0.111	0.109	0.106	0.113	0.112	0.116	0.113	0.110	0.104	0.109	0.114	0.112	0.109	0.116	0.113	0.114	0.114
4:01:07	38.8	0.816	0.628	0.728	0.680	0.757	0.691	0.614	0.706	0.724	0.821	0.750	0.365	0.608	0.585	0.695	0.673	0.656	0.745	0.673	0.720	0.848	0.817	0.586	0.337	0.588	0.559	0.599	0.733	0.602	0.593	0.692	0.640	0.817	0.889	0.820	0.314	0.580	0.612	0.659	0.684	0.607	0.649	0.607	0.600	0.651	0.745	0.605	0.297	0.653	0.584	0.722	0.702	0.735	0.757	0.749	0.745	0.794	0.911	0.821	0.365	0.097	0.099	0.095	0.146	0.115	0.097	0.105	0.104	0.105	0.105	0.114	0.104	0.112	0.107	0.113	0.106	0.114	0.113	0.111	0.111	0.109	0.107	0.113	0.111	0.116	0.114	0.110	0.104	0.109	0.114	0.112	0.109	0.116	0.113	0.114	0.114
5:01:07	38.8	0.823	0.639	0.757	0.702	0.778	0.727	0.679	0.805	0.894	1.007	0.824	0.411	0.612	0.586	0.759	0.732	0.723	0.815	0.770	0.853	1.079	0.929	0.668	0.392	0.599	0.569	0.675	0.814	0.662	0.701	0.827	0.792	1.018	1.034	0.911	0.364	0.594	0.608	0.707	0.706	0.666	0.773	0.732	0.803	0.882	0.985	0.700	0.353	0.665	0.595	0.776	0.782	0.791	0.839	0.870	0.867	0.993	1.070	0.921	0.429	0.097	0.099	0.095	0.146	0.115	0.097	0.105	0.104	0.105	0.106	0.114	0.101	0.112	0.107	0.113	0.106	0.113	0.113	0.111	0.111	0.109	0.106	0.113	0.111	0.115	0.114	0.110	0.104	0.109	0.114	0.112	0.109	0.116	0.113	0.114	0.114
6:01:07	39.1	0.833	0.646	0.826	0.743	0.805	0.786	0.741	0.912	1.041	1.044	0.870	0.450	0.618	0.595	0.830	0.802	0.785	0.892	0.884	0.973	1.173	1.005	0.719	0.436	0.617	0.587	0.773	0.884	0.754	0.775	0.949	0.949	1.116	1.086	0.996	0.407	0.609	0.621	0.770	0.788	0.743	0.890	0.881	0.939	0.994	1.081	0.759	0.388	0.683	0.611	0.833	0.854	0.845	0.912	0.969	0.974	1.081	1.117	0.984	0.462	0.097	0.099	0.095	0.146	0.115	0.097	0.105	0.104	0.104	0.106	0.114	0.101	0.112	0.107	0.113	0.106	0.113	0.112	0.111	0.111	0.109	0.106	0.113	0.111	0.115	0.113	0.110	0.104	0.109	0.114	0.111	0.109	0.116	0.113	0.114	0.114
7:01:09	39.2	0.843	0.661	0.916	0.793	0.872	0.862	0.817	1.012	1.113	1.028	0.907	0.478	0.632	0.614	0.899	0.900	0.863	0.957	0.964	1.047	1.211	1.024	0.768	0.462	0.636	0.619	0.846	0.929	0.854	0.870	1.006	1.045	1.185	1.094	1.064	0.438	0.628	0.637	0.871	0.864	0.828	0.987	1.004	1.014	1.069	1.123	0.848	0.419	0.704	0.635	0.892	0.919	0.892	1.003	1.035	1.052	1.132	1.117	1.074	0.495	0.097	0.100	0.095	0.146	0.116	0.097	0.105	0.103	0.105	0.106	0.114	0.101	0.112	0.107	0.113	0.106	0.113	0.112	0.111	0.110	0.109	0.106	0.114	0.111	0.115	0.113	0.110	0.104	0.109	0.114	0.111	0.109	0.115	0.113	0.114	0.114
8:01:09	39.1	0.859	0.678	1.010	0.862	0.941	0.931	0.899	1.085	1.166	1.023	0.965	0.481	0.648	0.633	0.964	0.978	0.932	1.040	1.029	1.097	1.249	1.019	0.863	0.476	0.666	0.674	0.931	0.987	0.919	0.956	1.061	1.115	1.238	1.117	1.097	0.461	0.647	0.669	0.965	0.925	0.915	1.050	1.084	1.075	1.127	1.139	0.886	0.428	0.719	0.649	0.942	0.987	0.967	1.075	1.082	1.088	1.165	1.106	1.105	0.515	0.097	0.100	0.095	0.145	0.115	0.097	0.104	0.103	0.104	0.106	0.114	0.101	0.112	0.107	0.113	0.106	0.113	0.112	0.111	0.110	0.109	0.106	0.114	0.111	0.115	0.113	0.110	0.104	0.109	0.114	0.111	0.109	0.115	0.113	0.114	0.114
9:01:10	39.0	0.878	0.721	1.089	0.928	0.998	0.991	0.963	1.135	1.203	1.025	0.986	0.490	0.656	0.664	1.031	1.041	0.990	1.099	1.092	1.141	1.256	1.022	0.914	0.476	0.727	0.795	1.000	1.050	0.990	1.015	1.118	1.152	1.244	1.114	1.104	0.466	0.690	0.710	1.029	0.990	0.986	1.102	1.132	1.118	1.162	1.148	0.902	0.442	0.735	0.679	0.998	1.028	1.006	1.128	1.123	1.121	1.189	1.102	1.125	0.534	0.097	0.099	0.095	0.145	0.115	0.097	0.104	0.104	0.104	0.106	0.114	0.101	0.112	0.107	0.113	0.106	0.113	0.112	0.111	0.110	0.109	0.106	0.113	0.111	0.115	0.113	0.110	0.104	0.109	0.114	0.111	0.109	0.116	0.113	0.113	0.114
10:01:10	38.8	0.900	0.760	1.135	0.978	1.046	1.049	1.023	1.165	1.225	1.022	1.014	0.502	0.685	0.721	1.081	1.096	1.044	1.135	1.123	1.172	1.282	1.030	0.938	0.474	0.817	0.890	1.056	1.102	1.060	1.085	1.161	1.184	1.260	1.117	1.110	0.497	0.728	0.782	1.079	1.042	1.029	1.140	1.170	1.138	1.194	1.173	0.910	0.448	0.795	0.738	1.042	1.078	1.032	1.155	1.151	1.145	1.220	1.101	1.135	0.581	0.097	0.099	0.095	0.144	0.115	0.097	0.104	0.103	0.104	0.106	0.114	0.101	0.111	0.107	0.113	0.106	0.113	0.112	0.111	0.110	0.109	0.106	0.113	0.111	0.115	0.113	0.110	0.104	0.109	0.114	0.111	0.108	0.115	0.113	0.113	0.114
11:01:11	38.7	0.934	0.827	1.171	1.016	1.082	1.095	1.067	1.201	1.245	1.024	1.030	0.533	0.734	0.812	1.118	1.132	1.083	1.169	1.154	1.188	1.276	1.018	0.968	0.486	0.908	0.974	1.116	1.144	1.090	1.120	1.202	1.210	1.272	1.115	1.119	0.516	0.795	0.853	1.116	1.075	1.061	1.173	1.194	1.160	1.222	1.173	0.920	0.448	0.848	0.798	1.066	1.108	1.081	1.180	1.181	1.173	1.232	1.107	1.152	0.612	0.098	0.100	0.095	0.144	0.115	0.097	0.105	0.103	0.104	0.106	0.114	0.101	0.111	0.107	0.113	0.106	0.113	0.112	0.112	0.110	0.109	0.106	0.113	0.111	0.115	0.113	0.110	0.104	0.109	0.114	0.111	0.109	0.115	0.112	0.113	0.114
12:01:11	38.9	0.989	0.895	1.188	1.057	1.111	1.125	1.092	1.218	1.263	1.025	1.041	0.586	0.829	0.881	1.150	1.153	1.110	1.190	1.172	1.214	1.285	1.020	0.985	0.511	0.980	1.044	1.133	1.184	1.127	1.140	1.220	1.230	1.284	1.115	1.130	0.543	0.869	0.940	1.141	1.108	1.082	1.196	1.216	1.172	1.234	1.175	0.929	0.457	0.889	0.844	1.101	1.137	1.105	1.196	1.202	1.197	1.247	1.117	1.168	0.653	0.098	0.100	0.095	0.144	0.115	0.097	0.104	0.103	0.104	0.106	0.114	0.101	0.111	0.107	0.113	0.106	0.113	0.112	0.112	0.110	0.109	0.106	0.113	0.111	0.115	0.113	0.110	0.104	0.109	0.114	0.111	0.108	0.115	0.113	0.113	0.113
13:01:12	38.8	1.034	0.943	1.209	1.079	1.125	1.153	1.120	1.237	1.272	1.027	1.054	0.611	0.880	0.937	1.174	1.178	1.134	1.216	1.200	1.227	1.291	1.026	1.013	0.533	1.025	1.075	1.169	1.207	1.166	1.176	1.249	1.253	1.301	1.126	1.147	0.564	0.940	1.006	1.170	1.130	1.111	1.214	1.238	1.195	1.256	1.190	0.943	0.480	0.932	0.894	1.117	1.156	1.121	1.215	1.224	1.218	1.260	1.126	1.182	0.701	0.098	0.100	0.095	0.144	0.115	0.097	0.105	0.103	0.104	0.106	0.114	0.101	0.111	0.107	0.113	0.106	0.113	0.112	0.112	0.110	0.109	0.106	0.113	0.111	0.115	0.113	0.110	0.104	0.109	0.114	0.111	0.109	0.115	0.113	0.113	0.113
14:01:13	38.7	1.064	0.976	1.220	1.104	1.136	1.161	1.133	1.248	1.281	1.030	1.061	0.617	0.922	0.979	1.187	1.197	1.142	1.234	1.217	1.244	1.297	1.034	1.029	0.561	1.054	1.111	1.181	1.220	1.177	1.199	1.269	1.272	1.318	1.129	1.158	0.584	0.978	1.045	1.183	1.151	1.129	1.230	1.258	1.204	1.272	1.188	0.938	0.494	0.962	0.935	1.133	1.177	1.137	1.229	1.241	1.236	1.274	1.132	1.188	0.717	0.098	0.100	0.096	0.143	0.116	0.097	0.105	0.104	0.104	0.106	0.114	0.101	0.111	0.107	0.113	0.106	0.113	0.112	0.112	0.110	0.109	0.106	0.113	0.111	0.115	0.113	0.110	0.104	0.109	0.114	0.111	0.109	0.115	0.113	0.113	0.114
15:01:13	37.8	1.090	1.005	1.233	1.127	1.157	1.185	1.164	1.263	1.289	1.033	1.069	0.634	0.960	1.007	1.198	1.210	1.169	1.251	1.233	1.270	1.310	1.037	1.051	0.600	1.082	1.136	1.192	1.233	1.197	1.210	1.282	1.294	1.334	1.138	1.181	0.605	1.020	1.080	1.201	1.168	1.149	1.255	1.271	1.223	1.280	1.194	0.942	0.503	0.998	0.971	1.148	1.189	1.147	1.236	1.248	1.248	1.289	1.148	1.202	0.750	0.098	0.100	0.095	0.143	0.115	0.097	0.105	0.103	0.104	0.106	0.114	0.101	0.111	0.107	0.113	0.106	0.113	0.112	0.112	0.110	0.109	0.106	0.113	0.111	0.115	0.113	0.110	0.104	0.109	0.114	0.111	0.109	0.115	0.113	0.113	0.114
16:01:13	37.8	1.110	1.025	1.239	1.138	1.167	1.204	1.180	1.279	1.300	1.039	1.064	0.659	0.986	1.034	1.207	1.222	1.177	1.262	1.239	1.284	1.317	1.056	1.068	0.638	1.104	1.150	1.201	1.244	1.208	1.220	1.298	1.309	1.351	1.150	1.188	0.626	1.052	1.104	1.209	1.178	1.163	1.262	1.289	1.232	1.292	1.201	0.952	0.514	1.030	1.004	1.155	1.199	1.157	1.243	1.254	1.256	1.300	1.149	1.213	0.771	0.098	0.100	0.096	0.142	0.116	0.097	0.105	0.103	0.104	0.106	0.114	0.101	0.111	0.107	0.114	0.106	0.113	0.112	0.112	0.110	0.109	0.106	0.113	0.111	0.115	0.113	0.110	0.104	0.109	0.114	0.111	0.109	0.115	0.113	0.113	0.114
0:00:00																																																																																																	
0:00:00																																																																																																	
0:00:00																																																																																																	
0:00:00																																																																																																	
0:00:00																																																																																																	
0:00:00																																																																																																	
0:00:00																																																																																																	
0:00:00																																																																																																	
0:00:00																																																																																																	
0:00:00																																																																																																	
0:00:00																																																																																																	
0:00:00																																																																																																	
0:00:00																																																																																																	
0:00:00																																																																																																	
0:00:00																																																																																																	
0:00:00																																																																																																	
0:00:00																																																																																																	
0:00:00																																																																																																	
0:00:00																																																																																																	
0:00:00																																																																																																	
0:00:00																																																																																																	
0:00:00																																																																																																	
0:00:00																																																																																																	
0:00:00																																																																																																	
0:00:00																																																																																																	
0:00:00																																																																																																	
0:00:00																																																																																																	
0:00:00																																																																																																	
0:00:00																																																																																																	
0:00:00																																																																																																	
0:00:00																																																																																																	
0:00:00																																																																																																	

Results
	1	2	3	4	5	6	7	8	9	10	11	12
A	3.064	2.255	2.696	2.427	2.836	2.482	2.153	2.540	2.919	3.654	2.858	1.064	Max V [578]
	0.957	0.958	0.971	0.981	0.972	0.978	0.974	0.980	0.998	0.986	0.957	0.996	R-Squared [578]
	2:01:06	2:01:06	2:01:06	2:01:06	2:01:06	2:01:06	2:01:06	2:01:06	3:01:06	3:01:06	2:01:06	3:01:06	t at Max V [578]
	0:04:00	0:09:51	0:11:45	0:12:31	0:11:49	0:12:43	0:17:34	0:14:01	0:35:06	1:00:37	0:20:17	0:31:41	Lagtime [578]
B	2.162	2.071	2.556	2.455	2.436	2.757	2.527	2.926	3.775	3.419	2.245	1.020	Max V [578]
	0.973	0.970	0.972	0.966	0.970	0.976	0.986	0.993	0.993	0.973	0.973	0.999	R-Squared [578]
	2:01:06	2:01:06	2:01:06	2:01:06	3:01:06	2:01:06	3:01:06	3:01:06	3:01:06	3:01:06	3:01:06	3:01:06	t at Max V [578]
	0:13:41	0:14:22	0:18:56	0:20:41	0:35:05	0:17:21	0:33:43	0:43:44	0:56:23	0:56:01	0:45:35	0:36:28	Lagtime [578]
C	2.120	1.990	2.200	2.615	2.138	2.302	2.696	2.722	3.659	3.819	3.273	0.943	Max V [578]
	0.969	0.970	0.977	0.972	0.966	0.986	0.991	0.999	0.992	0.980	0.953	0.998	R-Squared [578]
	2:01:06	2:01:06	3:01:06	2:01:06	3:01:06	3:01:06	3:01:06	4:01:06	3:01:06	3:01:06	3:01:06	3:01:06	t at Max V [578]
	0:12:29	0:13:13	0:33:23	0:18:31	0:31:17	0:37:52	0:37:50	0:57:52	0:57:43	0:56:50	0:39:02	0:36:40	Lagtime [578]
D	2.117	2.214	2.425	2.490	2.184	2.569	2.418	2.740	3.115	3.427	2.433	0.884	Max V [578]
	0.963	0.974	0.965	0.968	0.969	0.995	0.993	0.997	0.991	0.983	0.983	0.998	R-Squared [578]
	2:01:06	2:01:06	2:01:06	2:01:06	3:01:06	3:01:06	3:01:06	4:01:06	4:01:06	4:01:06	3:01:06	3:01:06	t at Max V [578]
	0:12:09	0:14:45	0:17:56	0:19:57	0:35:30	0:40:00	0:43:34	1:01:22	1:11:01	1:08:25	0:54:37	0:40:51	Lagtime [578]
E	2.391	2.095	2.664	2.687	2.675	2.891	3.024	3.058	3.594	4.065	3.427	1.218	Max V [578]
	0.972	0.967	0.964	0.981	0.968	0.978	0.991	0.988	0.984	0.976	0.959	0.997	R-Squared [578]
	2:01:06	2:01:06	3:01:06	3:01:06	2:01:06	3:01:06	3:01:06	3:01:06	3:01:06	3:01:06	3:01:06	3:01:06	t at Max V [578]
	0:16:58	0:18:20	0:33:49	0:41:41	0:21:24	0:36:59	0:47:32	0:51:48	1:01:41	1:04:15	0:51:13	0:40:33	Lagtime [578]
F	0.004	0.003	0.002	-0.013	0.003	-0.003	0.002	-0.003	-0.002	0.011	-0.003	-0.016	Max V [578]
	0.994	0.903	0.766	0.922	0.491	0.571	0.402	0.885	0.860	0.478	0.785	0.810	R-Squared [578]
	10:01:10	14:01:12	14:01:12	2:01:06	12:01:12	2:01:06	13:01:12	2:01:06	9:01:10	2:01:06	2:01:06	5:01:08	t at Max V [578]
	6:10:22	12:15:19	12:11:12	?????	?????	?????	10:42:43	?????	6:44:00	?????	?????	5:50:24	Lagtime [578]
G	-0.002	-0.002	-0.002	-0.001	-0.002	-0.003	0.007	-0.004	-0.001	-0.002	-0.006	-0.003	Max V [578]
	0.845	0.796	0.857	0.942	0.758	0.753	0.680	0.949	0.880	0.917	0.439	0.877	R-Squared [578]
	8:01:09	7:01:09	4:01:06	8:01:09	3:01:06	9:01:10	11:01:11	8:01:09	4:01:06	10:01:10	2:01:06	5:01:08	t at Max V [578]
	2:35:22	4:39:18	3:21:06	3:09:40	0:37:04	4:38:37	11:12:05	3:10:19	2:27:46	6:01:08	?????	1:01:05	Lagtime [578]
H	-0.002	-0.002	0.002	-0.001	-0.001	-0.002	-0.001	-0.001	-0.003	-0.002	-0.004	-0.002	Max V [578]
	0.907	0.571	0.797	0.721	0.696	0.864	0.942	0.941	0.800	0.796	0.941	0.945	R-Squared [578]
	5:01:08	6:01:08	13:01:12	2:01:06	2:01:06	3:01:06	5:01:08	3:01:06	6:01:08	3:01:06	9:01:10	4:01:06	t at Max V [578]
	4:53:07	6:33:52	13:28:54	0:18:13	?????	3:55:39	1:35:22	4:31:07	2:16:06	3:22:55	5:51:08	3:17:28	Lagtime [578]



Software Version	3.12.08



Experiment File Path:	C:\Users\Sarela\Documents\Ons\Exp32_RP_Part3_2Plates_Exp43_OB_3Plates_Part2_17042024.xpt
Protocol File Path:	C:\Users\Public\Documents\Protocols\New_96well_578_24H.prt



Plate Number	Plate 2
Date	4/17/2024
Time	7:19:16 PM
Reader Type:	Epoch 2
Reader Serial Number:	2202232E
Reading Type	Reader

Procedure Details

Plate Type	96 WELL PLATE
Discontinuous Kinetics	Runtime 2:00:00 (D:HH:MM). Interval 0:01:00. 49 Reads
Eject plate on completion	
Set Temperature	Setpoint 37°C. Gradient 0 °C
Shake	Double Orbital: 0:01:01 (HH:MM:SS)
	Frequency: 282 cpm (3 mm)
Read	Absorbance Endpoint
	Full Plate
	Wavelengths:  578
	Read Speed: Normal.  Delay: 100 msec.  Measurements/Data Point: 8

578

Time	T° 578	A1	A2	A3	A4	A5	A6	A7	A8	A9	A10	A11	A12	B1	B2	B3	B4	B5	B6	B7	B8	B9	B10	B11	B12	C1	C2	C3	C4	C5	C6	C7	C8	C9	C10	C11	C12	D1	D2	D3	D4	D5	D6	D7	D8	D9	D10	D11	D12	E1	E2	E3	E4	E5	E6	E7	E8	E9	E10	E11	E12	F1	F2	F3	F4	F5	F6	F7	F8	F9	F10	F11	F12	G1	G2	G3	G4	G5	G6	G7	G8	G9	G10	G11	G12	H1	H2	H3	H4	H5	H6	H7	H8	H9	H10	H11	H12
0:01:05	39.2	0.141	0.125	0.127	0.126	0.128	0.130	0.126	0.127	0.126	0.125	0.117	0.120	0.136	0.121	0.121	0.119	0.130	0.130	0.123	0.127	0.121	0.126	0.119	0.121	0.129	0.126	0.117	0.124	0.132	0.125	0.137	0.137	0.138	0.130	0.130	0.117	0.119	0.115	0.115	0.123	0.125	0.124	0.123	0.123	0.127	0.129	0.129	0.128	0.123	0.118	0.116	0.131	0.124	0.132	0.127	0.131	0.130	0.132	0.129	0.131	0.100	0.102	0.102	0.103	0.108	0.103	0.115	0.105	0.107	0.105	0.109	0.107	0.100	0.104	0.101	0.105	0.104	0.103	0.106	0.102	0.106	0.111	0.103	0.110	0.101	0.104	0.101	0.107	0.104	0.109	0.101	0.105	0.108	0.110	0.120	0.108
1:01:05	38.6	0.208	0.194	0.191	0.202	0.192	0.197	0.189	0.196	0.194	0.177	0.156	0.152	0.201	0.178	0.175	0.177	0.176	0.174	0.167	0.183	0.181	0.169	0.158	0.155	0.187	0.181	0.162	0.167	0.180	0.170	0.190	0.182	0.186	0.178	0.166	0.147	0.177	0.157	0.152	0.165	0.177	0.166	0.168	0.161	0.181	0.172	0.167	0.160	0.174	0.159	0.155	0.177	0.157	0.174	0.180	0.180	0.181	0.181	0.165	0.173	0.100	0.102	0.102	0.103	0.108	0.102	0.115	0.105	0.107	0.104	0.108	0.106	0.100	0.104	0.101	0.104	0.104	0.103	0.106	0.102	0.105	0.110	0.103	0.110	0.101	0.103	0.101	0.107	0.104	0.109	0.101	0.105	0.107	0.110	0.119	0.108
2:01:05	38.6	0.347	0.363	0.347	0.385	0.365	0.356	0.365	0.396	0.358	0.318	0.298	0.209	0.358	0.315	0.327	0.321	0.340	0.328	0.300	0.322	0.297	0.293	0.278	0.210	0.325	0.344	0.295	0.297	0.315	0.309	0.358	0.311	0.324	0.290	0.294	0.203	0.316	0.273	0.271	0.294	0.317	0.288	0.281	0.279	0.289	0.289	0.258	0.213	0.322	0.278	0.280	0.320	0.270	0.314	0.299	0.290	0.293	0.292	0.263	0.239	0.100	0.102	0.102	0.103	0.108	0.103	0.115	0.105	0.107	0.104	0.108	0.106	0.101	0.104	0.101	0.104	0.104	0.103	0.106	0.102	0.105	0.110	0.103	0.110	0.101	0.103	0.101	0.107	0.104	0.109	0.101	0.105	0.107	0.110	0.119	0.108
3:01:06	39.0	0.510	0.567	0.545	0.619	0.569	0.556	0.574	0.607	0.551	0.539	0.481	0.271	0.574	0.500	0.548	0.529	0.569	0.540	0.498	0.538	0.493	0.528	0.454	0.276	0.515	0.540	0.500	0.489	0.518	0.530	0.570	0.511	0.529	0.533	0.493	0.269	0.513	0.424	0.454	0.493	0.535	0.498	0.467	0.481	0.477	0.485	0.424	0.277	0.539	0.444	0.480	0.544	0.474	0.550	0.547	0.508	0.498	0.587	0.403	0.316	0.100	0.102	0.102	0.103	0.108	0.103	0.115	0.105	0.107	0.104	0.108	0.107	0.100	0.104	0.101	0.104	0.104	0.103	0.106	0.102	0.105	0.110	0.103	0.110	0.101	0.103	0.101	0.107	0.104	0.109	0.101	0.105	0.106	0.110	0.119	0.108
4:01:07	38.7	0.568	0.629	0.631	0.707	0.669	0.658	0.676	0.712	0.707	0.823	0.574	0.340	0.676	0.584	0.672	0.659	0.691	0.675	0.619	0.708	0.712	0.718	0.553	0.338	0.623	0.640	0.655	0.631	0.637	0.672	0.711	0.705	0.762	0.798	0.610	0.330	0.599	0.511	0.592	0.632	0.670	0.649	0.612	0.679	0.610	0.771	0.519	0.335	0.675	0.565	0.657	0.733	0.642	0.750	0.758	0.707	0.720	0.869	0.499	0.384	0.100	0.102	0.101	0.103	0.108	0.102	0.114	0.105	0.107	0.104	0.108	0.106	0.100	0.103	0.101	0.104	0.104	0.103	0.106	0.101	0.105	0.109	0.103	0.109	0.101	0.103	0.101	0.106	0.104	0.108	0.100	0.105	0.106	0.109	0.119	0.108
5:01:07	38.8	0.579	0.639	0.677	0.752	0.684	0.675	0.705	0.765	0.860	1.000	0.647	0.387	0.698	0.604	0.729	0.737	0.744	0.713	0.671	0.834	0.989	0.837	0.625	0.398	0.629	0.657	0.695	0.691	0.704	0.731	0.767	0.889	0.982	0.924	0.703	0.384	0.618	0.523	0.655	0.677	0.686	0.722	0.677	0.826	0.752	1.012	0.599	0.387	0.690	0.579	0.710	0.776	0.688	0.817	0.882	0.851	0.918	1.000	0.582	0.442	0.100	0.102	0.102	0.103	0.108	0.102	0.114	0.105	0.107	0.104	0.108	0.106	0.100	0.104	0.101	0.104	0.104	0.103	0.106	0.102	0.105	0.110	0.103	0.109	0.101	0.103	0.101	0.106	0.104	0.109	0.101	0.105	0.106	0.109	0.119	0.108
6:01:07	39.0	0.592	0.651	0.737	0.812	0.714	0.723	0.767	0.877	0.998	1.047	0.687	0.430	0.716	0.620	0.803	0.808	0.791	0.797	0.771	0.986	1.102	0.900	0.672	0.447	0.653	0.671	0.776	0.811	0.782	0.819	0.898	1.030	1.083	0.983	0.777	0.436	0.628	0.539	0.718	0.773	0.734	0.855	0.834	0.948	0.900	1.096	0.650	0.431	0.714	0.608	0.745	0.826	0.714	0.886	0.955	0.958	1.018	1.054	0.628	0.487	0.101	0.102	0.102	0.103	0.108	0.103	0.114	0.105	0.107	0.104	0.108	0.106	0.100	0.104	0.101	0.105	0.104	0.103	0.106	0.102	0.105	0.110	0.103	0.110	0.101	0.103	0.101	0.107	0.104	0.109	0.101	0.105	0.106	0.110	0.119	0.108
7:01:08	39.0	0.605	0.666	0.812	0.897	0.781	0.794	0.869	0.969	1.070	1.044	0.704	0.451	0.732	0.638	0.882	0.891	0.850	0.902	0.887	1.073	1.132	0.937	0.698	0.475	0.678	0.694	0.885	0.892	0.865	0.929	0.980	1.105	1.125	1.007	0.831	0.483	0.653	0.563	0.806	0.899	0.820	0.951	0.941	1.033	0.983	1.102	0.675	0.462	0.739	0.629	0.804	0.878	0.764	0.984	1.037	1.043	1.072	1.074	0.674	0.516	0.100	0.102	0.102	0.103	0.108	0.103	0.114	0.105	0.107	0.104	0.108	0.106	0.100	0.104	0.101	0.104	0.104	0.103	0.106	0.102	0.105	0.110	0.103	0.109	0.101	0.103	0.101	0.106	0.104	0.108	0.101	0.105	0.105	0.109	0.119	0.108
8:01:09	38.9	0.629	0.687	0.903	0.974	0.871	0.866	0.963	1.045	1.127	1.034	0.696	0.465	0.760	0.661	0.965	0.972	0.910	0.978	0.983	1.125	1.147	0.946	0.691	0.487	0.735	0.742	0.962	0.978	0.957	0.992	1.048	1.166	1.154	1.004	0.891	0.510	0.698	0.596	0.901	0.968	0.892	1.046	1.025	1.098	1.028	1.101	0.730	0.481	0.755	0.650	0.867	0.950	0.822	1.053	1.100	1.088	1.107	1.076	0.763	0.537	0.100	0.102	0.101	0.103	0.108	0.102	0.114	0.105	0.107	0.104	0.108	0.106	0.100	0.104	0.101	0.104	0.104	0.103	0.106	0.102	0.105	0.110	0.103	0.109	0.101	0.103	0.101	0.106	0.104	0.108	0.101	0.105	0.105	0.109	0.118	0.108
9:01:10	38.8	0.662	0.720	0.969	1.032	0.943	0.931	1.042	1.091	1.170	1.028	0.703	0.465	0.830	0.713	1.017	1.032	0.974	1.038	1.038	1.159	1.143	0.946	0.720	0.493	0.824	0.841	1.035	1.048	1.035	1.064	1.105	1.202	1.167	1.000	0.928	0.527	0.765	0.675	0.971	1.024	0.961	1.093	1.075	1.131	1.074	1.101	0.767	0.484	0.779	0.683	0.934	1.032	0.913	1.115	1.165	1.123	1.137	1.063	0.827	0.551	0.100	0.102	0.102	0.103	0.108	0.103	0.114	0.105	0.107	0.104	0.108	0.106	0.100	0.103	0.101	0.104	0.104	0.103	0.106	0.102	0.105	0.109	0.103	0.109	0.101	0.103	0.101	0.106	0.104	0.108	0.101	0.105	0.105	0.109	0.118	0.107
10:01:10	38.8	0.717	0.778	1.027	1.076	1.001	0.983	1.098	1.133	1.191	1.023	0.727	0.462	0.905	0.790	1.068	1.085	1.027	1.087	1.092	1.193	1.150	0.944	0.748	0.504	0.913	0.929	1.096	1.105	1.099	1.115	1.151	1.228	1.161	0.996	0.945	0.540	0.836	0.764	1.017	1.070	1.006	1.143	1.110	1.179	1.103	1.108	0.783	0.487	0.851	0.755	0.996	1.084	0.981	1.151	1.199	1.153	1.161	1.060	0.865	0.566	0.100	0.102	0.102	0.103	0.108	0.103	0.114	0.105	0.107	0.104	0.108	0.106	0.101	0.104	0.101	0.104	0.104	0.103	0.106	0.102	0.105	0.109	0.103	0.109	0.101	0.103	0.101	0.106	0.104	0.108	0.101	0.105	0.105	0.109	0.118	0.108
11:01:11	38.7	0.779	0.843	1.076	1.110	1.048	1.025	1.140	1.162	1.216	1.022	0.749	0.471	0.986	0.886	1.108	1.117	1.079	1.125	1.125	1.212	1.161	0.942	0.779	0.500	0.995	1.007	1.145	1.153	1.139	1.155	1.187	1.253	1.169	1.003	0.962	0.563	0.907	0.832	1.059	1.099	1.050	1.179	1.136	1.206	1.128	1.115	0.793	0.489	0.898	0.816	1.055	1.132	1.033	1.180	1.226	1.186	1.179	1.062	0.896	0.572	0.100	0.102	0.101	0.103	0.108	0.102	0.114	0.105	0.107	0.104	0.108	0.106	0.100	0.103	0.101	0.104	0.104	0.103	0.106	0.102	0.105	0.109	0.103	0.109	0.101	0.103	0.101	0.106	0.104	0.108	0.101	0.105	0.105	0.109	0.118	0.108
12:01:11	38.9	0.861	0.917	1.104	1.130	1.081	1.049	1.167	1.176	1.229	1.020	0.767	0.484	1.044	0.958	1.139	1.147	1.107	1.154	1.159	1.231	1.170	0.941	0.797	0.508	1.043	1.074	1.176	1.187	1.165	1.182	1.213	1.273	1.195	1.002	0.979	0.583	0.968	0.903	1.091	1.123	1.074	1.200	1.156	1.232	1.143	1.120	0.807	0.490	0.946	0.860	1.083	1.159	1.067	1.199	1.245	1.214	1.187	1.065	0.930	0.587	0.100	0.102	0.101	0.103	0.108	0.102	0.113	0.105	0.107	0.104	0.108	0.106	0.100	0.104	0.100	0.104	0.104	0.103	0.106	0.101	0.105	0.109	0.103	0.109	0.101	0.103	0.101	0.105	0.104	0.107	0.101	0.104	0.105	0.109	0.118	0.107
13:01:12	38.8	0.909	0.965	1.126	1.149	1.110	1.071	1.186	1.195	1.243	1.023	0.783	0.508	1.081	1.008	1.163	1.166	1.132	1.178	1.178	1.253	1.178	0.950	0.811	0.519	1.079	1.105	1.200	1.207	1.187	1.212	1.239	1.293	1.195	1.007	0.996	0.600	1.014	0.956	1.121	1.142	1.107	1.220	1.172	1.263	1.164	1.126	0.802	0.491	0.986	0.904	1.102	1.176	1.081	1.213	1.258	1.233	1.209	1.077	0.959	0.611	0.100	0.102	0.101	0.102	0.108	0.102	0.113	0.105	0.106	0.104	0.107	0.106	0.100	0.103	0.100	0.104	0.104	0.103	0.106	0.101	0.105	0.109	0.102	0.109	0.101	0.103	0.101	0.105	0.104	0.107	0.100	0.104	0.105	0.109	0.118	0.107
14:01:12	38.5	0.949	1.002	1.149	1.168	1.131	1.090	1.207	1.216	1.252	1.027	0.792	0.523	1.114	1.051	1.183	1.185	1.155	1.197	1.194	1.276	1.186	0.949	0.838	0.563	1.114	1.136	1.212	1.229	1.203	1.228	1.254	1.315	1.205	1.004	1.014	0.620	1.047	1.003	1.159	1.160	1.133	1.236	1.192	1.282	1.177	1.137	0.800	0.493	1.022	0.949	1.124	1.189	1.105	1.226	1.267	1.248	1.234	1.084	0.986	0.633	0.100	0.102	0.101	0.103	0.108	0.102	0.114	0.105	0.106	0.104	0.108	0.106	0.100	0.104	0.100	0.104	0.104	0.103	0.106	0.101	0.105	0.109	0.102	0.109	0.101	0.103	0.101	0.105	0.104	0.108	0.101	0.105	0.105	0.109	0.118	0.107
15:01:13	37.7	0.982	1.036	1.163	1.182	1.159	1.114	1.224	1.236	1.271	1.026	0.805	0.552	1.139	1.079	1.198	1.195	1.172	1.208	1.205	1.295	1.203	0.958	0.862	0.619	1.130	1.158	1.227	1.240	1.215	1.235	1.263	1.332	1.222	1.008	1.042	0.640	1.076	1.032	1.170	1.172	1.149	1.244	1.204	1.299	1.183	1.140	0.824	0.502	1.058	0.987	1.139	1.207	1.121	1.234	1.278	1.257	1.256	1.088	1.010	0.657	0.100	0.102	0.102	0.103	0.108	0.102	0.114	0.105	0.107	0.104	0.108	0.106	0.100	0.103	0.101	0.104	0.104	0.103	0.106	0.101	0.105	0.109	0.103	0.109	0.101	0.103	0.101	0.105	0.104	0.108	0.101	0.105	0.104	0.109	0.118	0.108
16:01:13	37.7	1.007	1.053	1.176	1.198	1.169	1.126	1.238	1.246	1.280	1.032	0.824	0.589	1.158	1.103	1.204	1.198	1.177	1.221	1.210	1.303	1.205	0.959	0.865	0.677	1.157	1.181	1.228	1.249	1.220	1.249	1.266	1.342	1.232	1.018	1.054	0.664	1.102	1.061	1.183	1.183	1.157	1.256	1.213	1.314	1.192	1.139	0.821	0.507	1.087	1.024	1.151	1.217	1.138	1.244	1.285	1.267	1.274	1.092	1.031	0.696	0.100	0.102	0.101	0.102	0.108	0.103	0.113	0.105	0.106	0.104	0.107	0.106	0.100	0.103	0.100	0.104	0.104	0.103	0.106	0.101	0.105	0.109	0.103	0.109	0.101	0.103	0.101	0.105	0.104	0.107	0.101	0.105	0.104	0.109	0.118	0.107
0:00:00																																																																																																	
0:00:00																																																																																																	
0:00:00																																																																																																	
0:00:00																																																																																																	
0:00:00																																																																																																	
0:00:00																																																																																																	
0:00:00																																																																																																	
0:00:00																																																																																																	
0:00:00																																																																																																	
0:00:00																																																																																																	
0:00:00																																																																																																	
0:00:00																																																																																																	
0:00:00																																																																																																	
0:00:00																																																																																																	
0:00:00																																																																																																	
0:00:00																																																																																																	
0:00:00																																																																																																	
0:00:00																																																																																																	
0:00:00																																																																																																	
0:00:00																																																																																																	
0:00:00																																																																																																	
0:00:00																																																																																																	
0:00:00																																																																																																	
0:00:00																																																																																																	
0:00:00																																																																																																	
0:00:00																																																																																																	
0:00:00																																																																																																	
0:00:00																																																																																																	
0:00:00																																																																																																	
0:00:00																																																																																																	
0:00:00																																																																																																	
0:00:00																																																																																																	

Results
	1	2	3	4	5	6	7	8	9	10	11	12
A	1.928	2.301	2.269	2.633	2.432	2.356	2.477	2.632	2.801	3.587	2.097	1.001	Max V [578]
	0.977	0.969	0.974	0.973	0.975	0.977	0.975	0.976	0.998	0.989	0.972	0.997	R-Squared [578]
	2:01:06	2:01:06	2:01:06	2:01:06	2:01:06	2:01:06	2:01:06	2:01:06	3:01:06	3:01:06	3:01:06	3:01:06	t at Max V [578]
	0:09:56	0:12:12	0:14:57	0:13:53	0:15:39	0:15:29	0:15:57	0:14:36	0:35:18	0:56:35	0:31:28	0:29:30	Lagtime [578]
B	2.421	2.080	2.458	2.433	2.526	2.428	2.214	2.815	3.509	2.934	2.014	1.024	Max V [578]
	0.973	0.973	0.968	0.977	0.964	0.965	0.966	0.993	0.988	0.988	0.978	0.999	R-Squared [578]
	2:01:06	2:01:06	2:01:06	3:01:06	2:01:06	2:01:06	3:01:06	3:01:06	4:01:06	3:01:06	3:01:06	3:01:06	t at Max V [578]
	0:16:35	0:16:03	0:20:17	0:30:45	0:21:35	0:22:15	0:33:00	0:42:45	1:10:49	0:50:31	0:34:48	0:29:49	Lagtime [578]
C	2.193	2.311	2.378	2.305	2.282	2.475	2.546	3.029	3.384	3.334	2.317	1.002	Max V [578]
	0.975	0.973	0.964	0.976	0.972	0.969	0.971	0.996	0.992	0.982	0.984	0.999	R-Squared [578]
	2:01:06	2:01:06	3:01:06	3:01:06	3:01:06	3:01:06	2:01:06	4:01:06	3:01:06	3:01:06	3:01:06	3:01:06	t at Max V [578]
	0:17:39	0:17:05	0:36:05	0:37:35	0:32:47	0:36:43	0:20:22	0:58:56	0:57:24	0:56:41	0:41:38	0:31:50	Lagtime [578]
D	2.161	1.762	2.211	2.270	2.414	2.454	2.247	2.885	2.493	3.605	1.874	0.959	Max V [578]
	0.971	0.973	0.979	0.966	0.966	0.979	0.980	0.993	0.997	0.979	0.984	0.999	R-Squared [578]
	2:01:06	2:01:06	3:01:06	3:01:06	2:01:06	3:01:06	3:01:06	3:01:06	4:01:06	3:01:06	3:01:06	3:01:06	t at Max V [578]
	0:16:35	0:18:34	0:40:57	0:36:01	0:21:42	0:42:19	0:39:30	0:55:33	0:49:12	1:05:26	0:39:56	0:28:22	Lagtime [578]
E	2.449	1.965	2.478	2.685	2.394	2.865	3.104	2.929	3.165	3.692	1.783	1.138	Max V [578]
	0.967	0.968	0.974	0.966	0.969	0.975	0.986	0.991	0.989	0.977	0.992	0.998	R-Squared [578]
	2:01:06	2:01:06	3:01:06	3:01:06	3:01:06	3:01:06	3:01:06	3:01:06	3:01:06	3:01:06	3:01:06	3:01:06	t at Max V [578]
	0:21:27	0:21:54	0:43:33	0:39:55	0:46:35	0:45:16	0:50:10	0:52:34	0:57:15	0:58:06	0:39:00	0:22:54	Lagtime [578]
F	0.001	-0.001	-0.002	-0.002	-0.002	-0.001	-0.003	-0.002	-0.002	-0.002	-0.002	-0.001	Max V [578]
	0.481	0.750	0.818	0.758	0.488	0.800	0.976	0.750	0.768	0.758	0.750	0.533	R-Squared [578]
	5:01:07	7:01:09	2:01:06	2:01:06	2:01:06	12:01:11	3:01:06	2:01:06	3:01:06	2:01:06	5:01:07	5:01:07	t at Max V [578]
	5:49:07	4:34:26	?????	?????	?????	2:01:06	0:21:04	?????	3:01:06	?????	0:21:06	1:35:23	Lagtime [578]
G	-0.001	-0.002	-0.001	-0.001	-0.001	-0.001	-0.001	-0.002	-0.002	-0.004	-0.002	-0.002	Max V [578]
	0.529	0.605	0.800	0.696	0.333	0.692	0.557	0.658	0.766	0.858	0.766	0.721	R-Squared [578]
	11:01:11	2:01:06	10:01:10	2:01:06	2:01:06	11:01:11	2:01:06	2:01:06	2:01:06	2:01:06	2:01:06	2:01:06	t at Max V [578]
	9:41:10	?????	2:31:06	?????	?????	6:41:08	?????	?????	?????	?????	?????	?????	Lagtime [578]
H	-0.001	-0.002	-0.001	-0.003	-0.001	-0.004	-0.001	-0.002	-0.007	-0.002	-0.004	-0.002	Max V [578]
	0.571	0.945	0.721	0.942	0.533	0.894	0.593	0.899	0.979	0.864	0.931	0.864	R-Squared [578]
	14:01:12	11:01:11	11:01:11	8:01:09	2:01:06	8:01:09	2:01:06	11:01:11	2:01:06	2:01:06	2:01:06	2:01:06	t at Max V [578]
	7:01:09	6:39:20	7:01:09	4:18:15	?????	4:16:45	?????	6:14:59	?????	0:11:59	?????	0:11:59	Lagtime [578]



Software Version	3.12.08



Experiment File Path:	C:\Users\Sarela\Documents\Ons\Exp32_RP_Part3_2Plates_Exp43_OB_3Plates_Part2_17042024.xpt
Protocol File Path:	C:\Users\Public\Documents\Protocols\New_96well_578_24H.prt



Plate Number	Plate 3
Date	4/17/2024
Time	7:21:39 PM
Reader Type:	Epoch 2
Reader Serial Number:	2202232E
Reading Type	Reader

Procedure Details

Plate Type	96 WELL PLATE
Discontinuous Kinetics	Runtime 2:00:00 (D:HH:MM). Interval 0:01:00. 49 Reads
Eject plate on completion	
Set Temperature	Setpoint 37°C. Gradient 0 °C
Shake	Double Orbital: 0:01:01 (HH:MM:SS)
	Frequency: 282 cpm (3 mm)
Read	Absorbance Endpoint
	Full Plate
	Wavelengths:  578
	Read Speed: Normal.  Delay: 100 msec.  Measurements/Data Point: 8

578

Time	T° 578	A1	A2	A3	A4	A5	A6	A7	A8	A9	A10	A11	A12	B1	B2	B3	B4	B5	B6	B7	B8	B9	B10	B11	B12	C1	C2	C3	C4	C5	C6	C7	C8	C9	C10	C11	C12	D1	D2	D3	D4	D5	D6	D7	D8	D9	D10	D11	D12	E1	E2	E3	E4	E5	E6	E7	E8	E9	E10	E11	E12	F1	F2	F3	F4	F5	F6	F7	F8	F9	F10	F11	F12	G1	G2	G3	G4	G5	G6	G7	G8	G9	G10	G11	G12	H1	H2	H3	H4	H5	H6	H7	H8	H9	H10	H11	H12
0:01:05	39.0	0.121	0.158	0.139	0.121	0.127	0.190	0.117	0.117	0.128	0.199	0.129	0.122	0.126	0.118	0.119	0.126	0.126	0.158	0.120	0.124	0.135	0.128	0.122	0.122	0.128	0.128	0.138	0.130	0.133	0.127	0.120	0.126	0.120	0.125	0.128	0.122	0.121	0.138	0.118	0.120	0.122	0.128	0.124	0.130	0.127	0.126	0.120	0.122	0.095	0.100	0.095	0.096	0.106	0.100	0.105	0.123	0.098	0.095	0.099	0.098	0.102	0.100	0.094	0.098	0.101	0.108	0.098	0.108	0.099	0.099	0.096	0.098	0.098	0.112	0.094	0.099	0.102	0.106	0.103	0.099	0.095	0.092	0.112	0.112	0.111	0.117	0.129	0.123	0.128	0.122	0.096	0.094	0.097	0.099	0.096	0.097
1:01:05	38.6	0.134	0.151	0.147	0.134	0.141	0.176	0.126	0.125	0.137	0.219	0.141	0.139	0.136	0.132	0.125	0.138	0.138	0.161	0.128	0.133	0.138	0.135	0.130	0.130	0.139	0.133	0.133	0.129	0.143	0.136	0.126	0.130	0.126	0.134	0.138	0.132	0.128	0.149	0.121	0.128	0.130	0.135	0.128	0.133	0.149	0.130	0.124	0.127	0.095	0.100	0.095	0.096	0.106	0.100	0.108	0.138	0.100	0.095	0.100	0.098	0.102	0.109	0.094	0.098	0.101	0.108	0.098	0.107	0.099	0.099	0.096	0.098	0.099	0.123	0.094	0.100	0.102	0.106	0.103	0.099	0.095	0.092	0.112	0.114	0.117	0.126	0.135	0.141	0.146	0.141	0.096	0.094	0.098	0.099	0.097	0.097
2:01:05	38.6	0.170	0.183	0.170	0.165	0.177	0.215	0.146	0.142	0.157	0.257	0.177	0.173	0.162	0.167	0.138	0.163	0.165	0.186	0.152	0.155	0.166	0.155	0.146	0.143	0.163	0.156	0.144	0.160	0.182	0.170	0.135	0.140	0.136	0.152	0.166	0.154	0.140	0.160	0.128	0.152	0.153	0.152	0.136	0.140	0.136	0.137	0.130	0.136	0.095	0.100	0.095	0.096	0.106	0.099	0.106	0.130	0.098	0.095	0.100	0.098	0.102	0.105	0.094	0.098	0.101	0.107	0.098	0.103	0.098	0.098	0.096	0.097	0.098	0.121	0.094	0.099	0.102	0.106	0.102	0.099	0.095	0.092	0.111	0.112	0.130	0.141	0.150	0.173	0.193	0.189	0.096	0.093	0.097	0.099	0.137	0.097
3:01:06	38.8	0.215	0.249	0.257	0.309	0.332	0.358	0.251	0.248	0.266	0.372	0.319	0.297	0.231	0.232	0.198	0.306	0.319	0.337	0.220	0.227	0.234	0.278	0.197	0.175	0.210	0.229	0.196	0.283	0.315	0.288	0.155	0.154	0.156	0.233	0.264	0.243	0.170	0.177	0.155	0.235	0.239	0.201	0.158	0.151	0.166	0.157	0.145	0.157	0.101	0.100	0.095	0.096	0.106	0.099	0.104	0.131	0.099	0.095	0.100	0.099	0.102	0.104	0.094	0.098	0.101	0.107	0.098	0.102	0.098	0.098	0.096	0.097	0.098	0.106	0.094	0.099	0.102	0.106	0.102	0.099	0.096	0.092	0.111	0.112	0.161	0.199	0.183	0.276	0.316	0.325	0.097	0.093	0.098	0.099	0.097	0.097
4:01:07	38.7	0.290	0.314	0.343	0.442	0.497	0.503	0.331	0.348	0.348	0.489	0.468	0.450	0.288	0.276	0.300	0.432	0.454	0.456	0.293	0.314	0.326	0.366	0.308	0.271	0.271	0.303	0.296	0.363	0.421	0.384	0.224	0.206	0.219	0.350	0.374	0.362	0.200	0.199	0.197	0.306	0.332	0.288	0.200	0.174	0.222	0.206	0.183	0.199	0.095	0.100	0.095	0.096	0.106	0.099	0.105	0.133	0.100	0.096	0.100	0.099	0.101	0.105	0.094	0.098	0.101	0.105	0.098	0.101	0.098	0.098	0.096	0.097	0.098	0.116	0.094	0.099	0.101	0.106	0.102	0.099	0.096	0.092	0.111	0.112	0.242	0.286	0.266	0.412	0.429	0.470	0.097	0.093	0.097	0.099	0.096	0.097
5:01:07	38.8	0.368	0.400	0.418	0.567	0.634	0.636	0.381	0.406	0.403	0.608	0.627	0.621	0.330	0.301	0.341	0.563	0.598	0.617	0.357	0.390	0.409	0.432	0.387	0.355	0.336	0.360	0.356	0.450	0.503	0.462	0.291	0.312	0.313	0.434	0.464	0.462	0.222	0.223	0.230	0.369	0.414	0.346	0.246	0.224	0.260	0.251	0.230	0.241	0.095	0.100	0.096	0.096	0.106	0.099	0.106	0.122	0.100	0.096	0.100	0.100	0.102	0.108	0.095	0.098	0.101	0.105	0.098	0.105	0.099	0.097	0.096	0.098	0.098	0.121	0.094	0.099	0.101	0.106	0.102	0.099	0.095	0.092	0.111	0.113	0.290	0.361	0.341	0.547	0.589	0.654	0.097	0.093	0.097	0.099	0.096	0.097
6:01:07	38.7	0.434	0.457	0.482	0.696	0.773	0.779	0.417	0.455	0.441	0.745	0.765	0.765	0.388	0.352	0.381	0.725	0.767	0.748	0.411	0.452	0.469	0.500	0.439	0.400	0.395	0.416	0.406	0.508	0.569	0.528	0.345	0.371	0.385	0.502	0.552	0.559	0.239	0.243	0.248	0.416	0.474	0.401	0.283	0.278	0.289	0.288	0.269	0.276	0.095	0.100	0.096	0.096	0.106	0.099	0.107	0.125	0.102	0.098	0.102	0.104	0.102	0.106	0.095	0.098	0.101	0.105	0.098	0.102	0.099	0.096	0.096	0.098	0.098	0.109	0.094	0.099	0.100	0.106	0.102	0.098	0.095	0.092	0.111	0.113	0.358	0.435	0.418	0.712	0.759	0.814	0.097	0.093	0.097	0.099	0.096	0.097
7:01:09	39.0	0.505	0.540	0.544	0.841	0.923	0.940	0.484	0.499	0.496	0.920	0.944	0.940	0.427	0.406	0.429	0.900	0.938	0.933	0.467	0.495	0.529	0.573	0.497	0.464	0.443	0.469	0.455	0.569	0.633	0.578	0.387	0.429	0.438	0.557	0.631	0.652	0.256	0.259	0.266	0.463	0.504	0.442	0.310	0.317	0.322	0.323	0.313	0.316	0.095	0.100	0.096	0.096	0.106	0.100	0.109	0.127	0.105	0.101	0.105	0.107	0.103	0.108	0.096	0.099	0.102	0.105	0.099	0.102	0.099	0.097	0.096	0.098	0.098	0.114	0.094	0.099	0.100	0.106	0.102	0.098	0.095	0.092	0.111	0.114	0.413	0.506	0.496	0.894	0.989	1.009	0.096	0.093	0.097	0.099	0.096	0.097
8:01:09	38.8	0.578	0.596	0.625	0.986	1.062	1.092	0.540	0.571	0.552	1.085	1.114	1.100	0.485	0.443	0.472	1.049	1.077	1.078	0.527	0.557	0.587	0.629	0.566	0.524	0.484	0.520	0.495	0.614	0.684	0.636	0.443	0.484	0.486	0.617	0.701	0.729	0.280	0.279	0.292	0.462	0.548	0.500	0.350	0.361	0.379	0.370	0.363	0.369	0.095	0.100	0.097	0.096	0.107	0.100	0.112	0.139	0.108	0.106	0.109	0.115	0.107	0.115	0.098	0.100	0.103	0.106	0.100	0.102	0.100	0.097	0.097	0.100	0.098	0.110	0.095	0.099	0.099	0.106	0.102	0.098	0.095	0.092	0.112	0.115	0.467	0.552	0.554	1.043	1.123	1.141	0.097	0.093	0.097	0.099	0.097	0.098
9:01:10	38.8	0.652	0.688	0.668	1.123	1.190	1.218	0.593	0.637	0.619	1.202	1.218	1.213	0.552	0.491	0.529	1.177	1.188	1.193	0.587	0.626	0.658	0.670	0.626	0.584	0.523	0.574	0.536	0.663	0.751	0.695	0.490	0.524	0.553	0.676	0.743	0.791	0.311	0.305	0.336	0.517	0.608	0.554	0.401	0.414	0.448	0.424	0.425	0.443	0.096	0.100	0.099	0.096	0.107	0.100	0.130	0.160	0.119	0.127	0.138	0.147	0.123	0.122	0.105	0.103	0.107	0.109	0.101	0.106	0.101	0.098	0.098	0.102	0.098	0.116	0.095	0.099	0.099	0.106	0.102	0.098	0.096	0.092	0.114	0.117	0.528	0.632	0.600	1.181	1.241	1.255	0.097	0.093	0.097	0.099	0.097	0.098
10:01:10	38.8	0.720	0.698	0.718	1.252	1.287	1.307	0.653	0.692	0.675	1.295	1.313	1.315	0.625	0.564	0.593	1.281	1.272	1.291	0.643	0.691	0.741	0.714	0.692	0.647	0.563	0.624	0.574	0.683	0.782	0.730	0.546	0.586	0.608	0.747	0.809	0.851	0.349	0.335	0.383	0.578	0.668	0.608	0.462	0.485	0.520	0.489	0.497	0.514	0.095	0.100	0.103	0.097	0.109	0.101	0.189	0.221	0.176	0.224	0.234	0.219	0.152	0.150	0.123	0.119	0.121	0.118	0.103	0.109	0.104	0.100	0.100	0.107	0.099	0.114	0.096	0.099	0.099	0.106	0.102	0.099	0.096	0.093	0.117	0.120	0.576	0.685	0.650	1.276	1.311	1.323	0.097	0.093	0.097	0.100	0.097	0.098
11:01:11	38.7	0.774	0.742	0.757	1.331	1.348	1.367	0.696	0.743	0.715	1.363	1.372	1.375	0.688	0.620	0.666	1.347	1.335	1.354	0.702	0.755	0.805	0.747	0.752	0.704	0.600	0.670	0.621	0.727	0.835	0.768	0.615	0.650	0.672	0.798	0.853	0.901	0.393	0.369	0.429	0.641	0.737	0.682	0.536	0.555	0.592	0.552	0.570	0.594	0.096	0.100	0.121	0.098	0.117	0.104	0.240	0.276	0.259	0.304	0.322	0.314	0.189	0.184	0.158	0.167	0.149	0.154	0.114	0.149	0.123	0.104	0.103	0.125	0.099	0.113	0.098	0.099	0.099	0.106	0.102	0.099	0.096	0.095	0.120	0.124	0.638	0.729	0.709	1.348	1.364	1.376	0.097	0.093	0.098	0.100	0.097	0.099
12:01:12	38.9	0.830	0.772	0.788	1.375	1.384	1.404	0.733	0.780	0.766	1.407	1.412	1.414	0.764	0.689	0.723	1.391	1.377	1.388	0.751	0.822	0.852	0.780	0.817	0.770	0.636	0.713	0.665	0.771	0.871	0.814	0.679	0.723	0.733	0.855	0.910	0.967	0.448	0.417	0.486	0.715	0.819	0.767	0.606	0.631	0.648	0.623	0.643	0.664	0.096	0.100	0.138	0.102	0.141	0.114	0.291	0.334	0.320	0.383	0.403	0.401	0.236	0.228	0.208	0.235	0.189	0.204	0.150	0.204	0.167	0.124	0.124	0.167	0.099	0.124	0.100	0.099	0.099	0.106	0.102	0.100	0.097	0.097	0.124	0.127	0.712	0.784	0.759	1.401	1.402	1.415	0.098	0.093	0.098	0.101	0.098	0.105
13:01:12	38.9	0.886	0.816	0.854	1.405	1.413	1.431	0.790	0.847	0.821	1.441	1.442	1.445	0.822	0.736	0.772	1.420	1.415	1.428	0.795	0.873	0.916	0.841	0.854	0.813	0.665	0.746	0.696	0.822	0.929	0.873	0.724	0.784	0.789	0.904	0.963	1.018	0.524	0.482	0.557	0.766	0.865	0.826	0.686	0.712	0.714	0.711	0.717	0.730	0.097	0.100	0.161	0.128	0.198	0.133	0.344	0.392	0.371	0.460	0.480	0.479	0.288	0.293	0.264	0.296	0.232	0.254	0.218	0.250	0.243	0.179	0.189	0.232	0.101	0.125	0.103	0.099	0.100	0.107	0.102	0.101	0.098	0.101	0.127	0.137	0.770	0.814	0.785	1.430	1.441	1.450	0.100	0.093	0.098	0.103	0.100	0.118
14:01:13	38.5	0.942	0.864	0.905	1.429	1.431	1.447	0.825	0.893	0.869	1.466	1.466	1.471	0.861	0.788	0.799	1.442	1.439	1.445	0.829	0.910	0.946	0.910	0.882	0.852	0.699	0.772	0.723	0.858	0.968	0.918	0.768	0.816	0.827	0.942	1.010	1.074	0.602	0.553	0.631	0.811	0.922	0.882	0.761	0.770	0.770	0.767	0.773	0.784	0.099	0.101	0.174	0.170	0.234	0.162	0.392	0.437	0.430	0.535	0.557	0.567	0.338	0.371	0.332	0.348	0.273	0.299	0.271	0.302	0.307	0.265	0.270	0.279	0.104	0.125	0.108	0.099	0.102	0.107	0.101	0.103	0.099	0.104	0.149	0.162	0.821	0.849	0.842	1.452	1.463	1.475	0.108	0.094	0.099	0.107	0.106	0.137
15:01:13	37.7	1.023	0.948	0.982	1.425	1.430	1.448	0.881	0.946	0.930	1.482	1.486	1.488	0.916	0.825	0.859	1.452	1.446	1.453	0.886	0.955	0.990	0.953	0.926	0.893	0.722	0.798	0.749	0.917	1.019	0.974	0.813	0.849	0.866	0.990	1.056	1.121	0.682	0.614	0.694	0.845	0.956	0.921	0.831	0.836	0.825	0.818	0.821	0.847	0.102	0.103	0.211	0.228	0.288	0.223	0.430	0.471	0.479	0.600	0.619	0.621	0.401	0.435	0.404	0.413	0.309	0.348	0.280	0.320	0.321	0.321	0.321	0.300	0.112	0.121	0.124	0.099	0.105	0.107	0.101	0.106	0.101	0.113	0.209	0.217	0.848	0.873	0.873	1.456	1.466	1.475	0.132	0.095	0.102	0.113	0.116	0.165
16:01:13	37.7	1.057	0.986	1.045	1.423	1.425	1.444	0.926	0.991	0.974	1.491	1.496	1.494	0.922	0.840	0.865	1.448	1.441	1.450	0.912	0.985	1.030	0.995	0.951	0.911	0.743	0.810	0.764	0.946	1.062	1.018	0.831	0.873	0.884	1.022	1.104	1.167	0.741	0.678	0.762	0.877	1.001	0.952	0.873	0.875	0.864	0.865	0.863	0.893	0.107	0.106	0.228	0.285	0.330	0.290	0.466	0.527	0.526	0.658	0.683	0.683	0.454	0.500	0.467	0.464	0.345	0.406	0.290	0.334	0.341	0.343	0.345	0.331	0.122	0.130	0.165	0.100	0.108	0.108	0.101	0.109	0.103	0.137	0.276	0.281	0.882	0.897	0.889	1.453	1.464	1.474	0.175	0.100	0.109	0.122	0.139	0.200
0:00:00																																																																																																	
0:00:00																																																																																																	
0:00:00																																																																																																	
0:00:00																																																																																																	
0:00:00																																																																																																	
0:00:00																																																																																																	
0:00:00																																																																																																	
0:00:00																																																																																																	
0:00:00																																																																																																	
0:00:00																																																																																																	
0:00:00																																																																																																	
0:00:00																																																																																																	
0:00:00																																																																																																	
0:00:00																																																																																																	
0:00:00																																																																																																	
0:00:00																																																																																																	
0:00:00																																																																																																	
0:00:00																																																																																																	
0:00:00																																																																																																	
0:00:00																																																																																																	
0:00:00																																																																																																	
0:00:00																																																																																																	
0:00:00																																																																																																	
0:00:00																																																																																																	
0:00:00																																																																																																	
0:00:00																																																																																																	
0:00:00																																																																																																	
0:00:00																																																																																																	
0:00:00																																																																																																	
0:00:00																																																																																																	
0:00:00																																																																																																	
0:00:00																																																																																																	

Results
	1	2	3	4	5	6	7	8	9	10	11	12
A	1.207	1.211	1.309	2.335	2.491	2.471	1.159	1.306	1.203	2.545	2.681	2.701	Max V [578]
	0.999	0.997	0.996	1.000	0.999	0.999	0.969	0.971	0.970	0.996	0.998	0.999	R-Squared [578]
	5:01:08	5:01:08	4:01:06	7:01:09	4:01:06	6:01:08	3:01:06	4:01:06	3:01:06	7:01:09	6:01:08	6:01:08	t at Max V [578]
	1:41:03	1:47:32	1:32:14	1:52:20	1:38:14	1:58:17	1:08:55	1:26:07	1:09:35	2:21:07	1:56:57	1:59:14	Lagtime [578]
B	1.158	1.034	1.062	2.619	2.642	2.599	1.090	1.262	1.302	1.407	1.293	1.178	Max V [578]
	0.999	0.997	0.998	0.998	0.999	0.998	0.997	0.997	0.996	0.982	0.985	0.981	R-Squared [578]
	10:01:11	10:01:11	10:01:11	6:01:08	6:01:08	6:01:08	4:01:06	4:01:06	4:01:06	4:01:06	4:01:06	5:01:08	t at Max V [578]
	2:52:12	2:52:07	2:31:22	2:08:58	1:58:25	2:07:10	1:27:59	1:35:59	1:38:12	1:26:05	1:47:17	2:02:26	Lagtime [578]
C	0.985	1.085	1.138	1.437	1.601	1.486	1.003	1.191	1.217	1.501	1.623	1.714	Max V [578]
	0.997	0.995	0.985	0.984	0.981	0.987	0.996	0.987	0.992	0.992	0.998	0.998	R-Squared [578]
	5:01:08	4:01:06	4:01:06	4:01:06	4:01:06	4:01:06	11:01:11	5:01:08	5:01:08	4:01:06	4:01:06	4:01:06	t at Max V [578]
	1:35:26	1:29:07	1:56:31	1:26:17	1:15:39	1:20:16	2:52:20	2:39:54	2:31:29	1:42:06	1:35:34	1:44:45	Lagtime [578]
D	1.241	1.090	1.151	1.103	1.364	1.171	1.249	1.236	1.136	1.191	1.215	1.235	Max V [578]
	0.997	1.000	0.999	0.989	0.994	0.995	1.000	0.999	0.998	0.996	1.000	1.000	R-Squared [578]
	14:01:13	14:01:13	14:01:13	4:01:06	4:01:06	11:01:11	12:01:12	11:01:11	10:01:11	12:01:12	11:01:11	10:01:11	t at Max V [578]
	7:35:58	7:44:08	6:39:30	1:21:41	1:33:59	3:03:31	5:31:43	5:13:22	4:17:25	4:59:47	4:50:41	4:41:28	Lagtime [578]
E	0.044	0.026	0.384	0.778	0.779	0.739	0.881	0.963	1.081	1.374	1.420	1.435	Max V [578]
	0.914	0.862	0.982	0.978	0.996	0.942	0.999	1.000	0.994	0.998	0.998	0.999	R-Squared [578]
	14:01:13	14:01:13	14:01:13	14:01:13	14:01:13	14:01:13	11:01:11	11:01:11	11:01:11	11:01:11	11:01:11	12:01:12	t at Max V [578]
	12:14:20	12:25:03	10:13:35	12:09:15	11:11:32	12:06:27	8:30:08	8:21:50	8:41:25	8:32:20	8:29:00	8:33:29	Lagtime [578]
F	0.915	1.145	1.094	1.009	0.673	0.830	0.755	0.814	0.891	0.967	0.967	0.771	Max V [578]
	0.999	0.999	0.998	0.998	0.999	0.998	0.958	0.998	0.964	0.969	0.972	0.977	R-Squared [578]
	14:01:13	14:01:13	14:01:13	13:01:12	13:01:12	14:01:13	13:01:12	12:01:12	13:01:12	14:01:13	13:01:12	13:01:12	t at Max V [578]
	9:37:47	10:09:17	10:21:05	9:49:06	9:49:23	10:07:21	10:37:56	10:04:44	10:31:00	11:28:30	11:12:36	10:21:58	Lagtime [578]
G	0.094	0.056	0.251	0.003	0.035	0.006	-0.003	0.039	0.027	0.153	0.641	0.643	Max V [578]
	0.914	0.759	0.794	0.836	0.966	0.986	0.881	0.976	0.980	0.812	0.880	0.914	R-Squared [578]
	14:01:13	12:01:12	14:01:13	14:01:13	14:01:13	14:01:13	5:01:08	14:01:13	14:01:13	14:01:13	14:01:13	14:01:13	t at Max V [578]
	12:21:04	9:40:06	12:16:48	14:13:51	13:46:55	9:29:25	2:11:40	11:47:18	11:29:42	12:03:41	12:19:44	12:08:53	Lagtime [578]
H	1.037	1.273	1.295	2.680	2.981	2.851	0.310	0.025	0.046	0.085	0.166	0.393	Max V [578]
	0.996	0.998	1.000	0.998	0.995	0.998	0.831	0.704	0.817	0.929	0.860	0.962	R-Squared [578]
	12:01:12	5:01:08	5:01:08	6:01:08	6:01:08	5:01:08	14:01:13	14:01:13	14:01:13	14:01:13	14:01:13	14:01:13	t at Max V [578]
	2:30:34	1:52:32	2:17:20	2:17:47	2:22:59	1:54:31	12:35:57	13:34:32	12:38:02	12:00:01	12:26:58	11:58:24	Lagtime [578]



Software Version	3.12.08



Experiment File Path:	C:\Users\Sarela\Documents\Ons\Exp32_RP_Part3_2Plates_Exp43_OB_3Plates_Part2_17042024.xpt
Protocol File Path:	C:\Users\Public\Documents\Protocols\New_96well_578_24H.prt



Plate Number	Plate 4
Date	4/17/2024
Time	7:24:03 PM
Reader Type:	Epoch 2
Reader Serial Number:	2202232E
Reading Type	Reader

Procedure Details

Plate Type	96 WELL PLATE
Discontinuous Kinetics	Runtime 2:00:00 (D:HH:MM). Interval 0:01:00. 49 Reads
Eject plate on completion	
Set Temperature	Setpoint 37°C. Gradient 0 °C
Shake	Double Orbital: 0:01:01 (HH:MM:SS)
	Frequency: 282 cpm (3 mm)
Read	Absorbance Endpoint
	Full Plate
	Wavelengths:  578
	Read Speed: Normal.  Delay: 100 msec.  Measurements/Data Point: 8

578

Time	T° 578	A1	A2	A3	A4	A5	A6	A7	A8	A9	A10	A11	A12	B1	B2	B3	B4	B5	B6	B7	B8	B9	B10	B11	B12	C1	C2	C3	C4	C5	C6	C7	C8	C9	C10	C11	C12	D1	D2	D3	D4	D5	D6	D7	D8	D9	D10	D11	D12	E1	E2	E3	E4	E5	E6	E7	E8	E9	E10	E11	E12	F1	F2	F3	F4	F5	F6	F7	F8	F9	F10	F11	F12	G1	G2	G3	G4	G5	G6	G7	G8	G9	G10	G11	G12	H1	H2	H3	H4	H5	H6	H7	H8	H9	H10	H11	H12
0:01:05	38.9	0.131	0.150	0.153	0.161	0.152	0.158	0.128	0.118	0.113	0.132	0.129	0.139	0.181	0.192	0.193	0.191	0.184	0.135	0.134	0.147	0.108	0.135	0.131	0.141	0.102	0.106	0.106	0.101	0.108	0.104	0.104	0.112	0.105	0.109	0.123	0.110	0.101	0.102	0.106	0.109	0.110	0.110	0.108	0.106	0.107	0.106	0.104	0.115	0.103	0.106	0.102	0.102	0.103	0.104	0.108	0.112	0.103	0.111	0.120	0.112	0.101	0.104	0.104	0.110	0.114	0.104	0.111	0.107	0.103	0.101	0.108	0.114	0.102	0.107	0.102	0.115	0.105	0.108	0.117	0.106	0.109	0.104	0.106	0.107	0.104	0.109	0.101	0.120	0.102	0.115	0.111	0.105	0.107	0.110	0.107	0.112
1:01:05	38.7	0.095	0.091	0.094	0.101	0.099	0.103	0.102	0.107	0.098	0.101	0.103	0.100	0.124	0.124	0.131	0.132	0.132	0.132	0.111	0.123	0.096	0.111	0.098	0.107	0.102	0.106	0.106	0.101	0.108	0.104	0.104	0.112	0.105	0.109	0.124	0.109	0.101	0.102	0.105	0.109	0.109	0.110	0.108	0.106	0.107	0.106	0.104	0.115	0.103	0.106	0.102	0.102	0.103	0.104	0.108	0.112	0.103	0.110	0.119	0.112	0.101	0.104	0.104	0.110	0.114	0.104	0.111	0.107	0.103	0.101	0.107	0.114	0.102	0.107	0.102	0.114	0.105	0.108	0.117	0.106	0.109	0.104	0.106	0.107	0.104	0.109	0.101	0.120	0.101	0.115	0.111	0.105	0.107	0.110	0.107	0.112
2:01:05	38.6	0.095	0.091	0.094	0.100	0.099	0.103	0.101	0.108	0.098	0.100	0.102	0.100	0.142	0.141	0.144	0.158	0.157	0.158	0.111	0.121	0.097	0.110	0.098	0.107	0.101	0.106	0.106	0.101	0.108	0.104	0.104	0.112	0.105	0.108	0.106	0.108	0.101	0.102	0.106	0.109	0.109	0.109	0.108	0.106	0.106	0.106	0.104	0.115	0.103	0.106	0.102	0.102	0.103	0.104	0.108	0.112	0.103	0.110	0.119	0.112	0.101	0.104	0.104	0.110	0.113	0.104	0.111	0.107	0.103	0.101	0.107	0.114	0.102	0.107	0.102	0.114	0.105	0.108	0.116	0.106	0.109	0.103	0.106	0.107	0.104	0.109	0.101	0.120	0.101	0.115	0.111	0.105	0.107	0.110	0.106	0.111
3:01:06	38.7	0.094	0.091	0.094	0.101	0.099	0.103	0.102	0.106	0.098	0.100	0.105	0.100	0.198	0.205	0.185	0.247	0.251	0.269	0.112	0.121	0.097	0.110	0.098	0.107	0.102	0.106	0.106	0.101	0.108	0.104	0.104	0.111	0.105	0.108	0.105	0.109	0.101	0.102	0.106	0.109	0.109	0.109	0.108	0.106	0.106	0.106	0.104	0.115	0.103	0.106	0.102	0.102	0.103	0.104	0.108	0.112	0.103	0.110	0.119	0.111	0.101	0.104	0.104	0.110	0.113	0.104	0.111	0.107	0.103	0.101	0.107	0.114	0.102	0.107	0.102	0.114	0.105	0.108	0.116	0.106	0.109	0.103	0.106	0.107	0.104	0.109	0.101	0.120	0.102	0.115	0.111	0.105	0.107	0.110	0.106	0.112
4:01:07	38.7	0.094	0.091	0.094	0.100	0.099	0.103	0.105	0.107	0.097	0.098	0.105	0.100	0.243	0.277	0.276	0.369	0.374	0.381	0.112	0.121	0.096	0.110	0.098	0.107	0.101	0.106	0.106	0.101	0.108	0.104	0.104	0.111	0.105	0.108	0.129	0.108	0.101	0.102	0.106	0.109	0.109	0.109	0.108	0.106	0.106	0.105	0.104	0.115	0.103	0.106	0.102	0.102	0.103	0.104	0.107	0.111	0.103	0.110	0.119	0.112	0.101	0.104	0.104	0.110	0.113	0.103	0.111	0.107	0.103	0.101	0.107	0.113	0.102	0.106	0.102	0.114	0.104	0.108	0.116	0.105	0.109	0.103	0.106	0.106	0.104	0.109	0.101	0.120	0.101	0.115	0.111	0.105	0.107	0.109	0.106	0.111
5:01:07	38.8	0.094	0.090	0.094	0.100	0.099	0.103	0.104	0.106	0.097	0.098	0.106	0.100	0.289	0.332	0.350	0.474	0.449	0.494	0.109	0.120	0.096	0.110	0.098	0.107	0.101	0.106	0.106	0.101	0.108	0.104	0.104	0.111	0.105	0.108	0.105	0.108	0.101	0.102	0.105	0.109	0.109	0.109	0.108	0.105	0.106	0.105	0.104	0.114	0.103	0.106	0.102	0.102	0.103	0.104	0.108	0.111	0.103	0.110	0.119	0.111	0.101	0.104	0.104	0.110	0.113	0.103	0.111	0.106	0.103	0.101	0.106	0.113	0.102	0.106	0.101	0.114	0.104	0.108	0.115	0.105	0.109	0.103	0.106	0.106	0.104	0.109	0.101	0.120	0.101	0.115	0.111	0.105	0.106	0.109	0.106	0.111
6:01:07	38.7	0.094	0.090	0.094	0.100	0.099	0.103	0.103	0.107	0.097	0.097	0.105	0.100	0.323	0.380	0.401	0.572	0.523	0.575	0.112	0.121	0.097	0.111	0.098	0.108	0.101	0.106	0.106	0.101	0.108	0.104	0.104	0.111	0.104	0.108	0.105	0.108	0.101	0.102	0.105	0.109	0.109	0.109	0.108	0.106	0.106	0.105	0.104	0.114	0.103	0.106	0.102	0.102	0.103	0.104	0.107	0.111	0.103	0.110	0.119	0.111	0.101	0.104	0.104	0.110	0.113	0.103	0.111	0.106	0.103	0.101	0.106	0.113	0.102	0.106	0.102	0.114	0.104	0.108	0.115	0.105	0.109	0.103	0.106	0.106	0.103	0.109	0.101	0.120	0.101	0.115	0.111	0.105	0.106	0.109	0.106	0.111
7:01:08	38.9	0.094	0.090	0.094	0.100	0.100	0.103	0.102	0.106	0.098	0.097	0.105	0.101	0.360	0.428	0.455	0.675	0.609	0.695	0.113	0.121	0.099	0.112	0.100	0.109	0.101	0.106	0.106	0.101	0.108	0.104	0.104	0.111	0.104	0.108	0.105	0.108	0.101	0.102	0.105	0.109	0.109	0.109	0.108	0.105	0.106	0.105	0.104	0.114	0.103	0.106	0.102	0.102	0.103	0.104	0.107	0.111	0.103	0.110	0.119	0.111	0.101	0.104	0.104	0.110	0.113	0.103	0.110	0.106	0.103	0.101	0.106	0.113	0.102	0.106	0.101	0.114	0.104	0.108	0.115	0.105	0.109	0.103	0.106	0.107	0.104	0.109	0.101	0.119	0.101	0.115	0.111	0.105	0.106	0.109	0.106	0.111
8:01:09	38.9	0.094	0.090	0.094	0.100	0.101	0.104	0.104	0.107	0.099	0.097	0.106	0.102	0.404	0.478	0.514	0.799	0.707	0.826	0.115	0.123	0.101	0.115	0.102	0.110	0.101	0.106	0.106	0.101	0.108	0.104	0.104	0.111	0.104	0.108	0.105	0.108	0.100	0.102	0.105	0.109	0.109	0.109	0.108	0.105	0.106	0.105	0.104	0.114	0.103	0.106	0.102	0.102	0.103	0.104	0.107	0.111	0.102	0.110	0.119	0.111	0.101	0.104	0.104	0.110	0.113	0.103	0.110	0.106	0.103	0.100	0.106	0.113	0.102	0.106	0.102	0.114	0.104	0.108	0.114	0.105	0.109	0.103	0.106	0.106	0.103	0.109	0.101	0.119	0.101	0.115	0.111	0.105	0.106	0.109	0.106	0.111
9:01:10	38.8	0.094	0.090	0.094	0.100	0.103	0.104	0.104	0.106	0.101	0.097	0.108	0.103	0.455	0.527	0.560	0.898	0.762	0.949	0.119	0.127	0.106	0.122	0.107	0.112	0.101	0.106	0.106	0.101	0.108	0.104	0.104	0.111	0.104	0.108	0.112	0.108	0.100	0.102	0.105	0.109	0.108	0.107	0.108	0.105	0.106	0.105	0.104	0.114	0.103	0.106	0.102	0.102	0.103	0.104	0.107	0.111	0.103	0.110	0.119	0.111	0.101	0.104	0.104	0.110	0.113	0.103	0.111	0.106	0.103	0.100	0.106	0.113	0.102	0.106	0.102	0.114	0.104	0.108	0.114	0.105	0.109	0.103	0.106	0.106	0.103	0.109	0.101	0.119	0.101	0.115	0.111	0.105	0.106	0.109	0.106	0.111
10:01:10	38.8	0.094	0.090	0.094	0.099	0.108	0.105	0.103	0.107	0.102	0.098	0.110	0.105	0.510	0.575	0.612	0.992	0.830	1.076	0.131	0.136	0.116	0.144	0.117	0.118	0.101	0.106	0.106	0.101	0.107	0.104	0.104	0.111	0.104	0.108	0.109	0.108	0.100	0.101	0.105	0.109	0.108	0.107	0.107	0.105	0.106	0.105	0.104	0.114	0.103	0.106	0.101	0.102	0.103	0.104	0.107	0.110	0.102	0.110	0.118	0.111	0.101	0.104	0.103	0.110	0.113	0.103	0.110	0.106	0.103	0.100	0.106	0.113	0.101	0.106	0.101	0.114	0.104	0.108	0.114	0.105	0.109	0.103	0.106	0.106	0.103	0.109	0.101	0.119	0.101	0.114	0.110	0.105	0.106	0.109	0.106	0.111
11:01:11	38.7	0.094	0.090	0.094	0.099	0.124	0.107	0.108	0.107	0.105	0.099	0.112	0.108	0.570	0.621	0.666	1.092	0.883	1.201	0.154	0.161	0.136	0.192	0.141	0.137	0.101	0.106	0.106	0.101	0.107	0.104	0.104	0.111	0.104	0.108	0.124	0.108	0.100	0.102	0.105	0.109	0.108	0.107	0.107	0.105	0.106	0.105	0.104	0.114	0.103	0.106	0.101	0.102	0.103	0.104	0.107	0.110	0.103	0.110	0.118	0.111	0.101	0.104	0.104	0.110	0.113	0.103	0.110	0.106	0.103	0.100	0.106	0.113	0.101	0.106	0.101	0.114	0.104	0.108	0.114	0.105	0.109	0.103	0.106	0.106	0.103	0.109	0.101	0.119	0.101	0.115	0.111	0.105	0.106	0.109	0.106	0.111
12:01:11	38.9	0.094	0.090	0.094	0.100	0.147	0.118	0.105	0.109	0.109	0.100	0.116	0.112	0.622	0.666	0.706	1.193	0.963	1.298	0.196	0.219	0.171	0.248	0.182	0.175	0.101	0.106	0.106	0.101	0.107	0.103	0.104	0.111	0.104	0.108	0.124	0.108	0.100	0.102	0.105	0.108	0.108	0.107	0.108	0.105	0.106	0.105	0.104	0.114	0.103	0.106	0.101	0.102	0.103	0.104	0.107	0.110	0.103	0.109	0.119	0.111	0.101	0.104	0.103	0.110	0.113	0.103	0.110	0.106	0.103	0.100	0.106	0.113	0.101	0.106	0.101	0.114	0.104	0.108	0.114	0.105	0.109	0.103	0.105	0.106	0.103	0.109	0.101	0.119	0.101	0.114	0.110	0.105	0.106	0.109	0.106	0.110
13:01:12	38.8	0.094	0.090	0.094	0.100	0.173	0.132	0.107	0.108	0.114	0.102	0.116	0.115	0.665	0.710	0.742	1.286	1.034	1.368	0.246	0.285	0.208	0.299	0.237	0.236	0.101	0.106	0.106	0.101	0.107	0.103	0.104	0.111	0.104	0.108	0.124	0.108	0.100	0.102	0.105	0.108	0.108	0.107	0.107	0.105	0.106	0.105	0.103	0.114	0.102	0.107	0.101	0.102	0.103	0.104	0.107	0.110	0.103	0.109	0.118	0.111	0.101	0.104	0.103	0.110	0.113	0.103	0.110	0.106	0.103	0.100	0.106	0.113	0.102	0.106	0.101	0.114	0.104	0.108	0.114	0.105	0.109	0.103	0.106	0.106	0.103	0.109	0.101	0.119	0.101	0.114	0.111	0.105	0.106	0.109	0.106	0.110
14:01:13	38.4	0.094	0.090	0.094	0.101	0.187	0.149	0.108	0.109	0.134	0.105	0.126	0.129	0.702	0.745	0.773	1.359	1.098	1.432	0.321	0.359	0.256	0.342	0.326	0.343	0.101	0.106	0.106	0.101	0.107	0.103	0.104	0.111	0.104	0.108	0.124	0.108	0.100	0.102	0.105	0.108	0.108	0.107	0.108	0.105	0.106	0.105	0.104	0.114	0.102	0.107	0.101	0.102	0.103	0.104	0.107	0.110	0.103	0.109	0.118	0.111	0.101	0.104	0.103	0.110	0.113	0.103	0.110	0.106	0.103	0.100	0.106	0.113	0.102	0.106	0.101	0.114	0.104	0.108	0.114	0.105	0.109	0.103	0.105	0.106	0.103	0.109	0.101	0.119	0.101	0.115	0.111	0.104	0.106	0.109	0.106	0.110
15:01:13	37.6	0.094	0.090	0.094	0.111	0.218	0.156	0.109	0.111	0.189	0.106	0.156	0.157	0.732	0.784	0.804	1.423	1.186	1.471	0.382	0.414	0.301	0.422	0.410	0.448	0.101	0.106	0.106	0.101	0.107	0.103	0.104	0.111	0.104	0.108	0.124	0.108	0.100	0.102	0.105	0.108	0.108	0.106	0.108	0.105	0.106	0.105	0.104	0.114	0.103	0.107	0.102	0.102	0.103	0.104	0.107	0.110	0.103	0.109	0.118	0.111	0.101	0.104	0.103	0.110	0.113	0.103	0.110	0.106	0.103	0.100	0.106	0.113	0.102	0.106	0.101	0.114	0.104	0.108	0.114	0.105	0.109	0.103	0.105	0.106	0.103	0.109	0.101	0.119	0.101	0.114	0.111	0.105	0.106	0.109	0.106	0.110
16:01:13	37.7	0.094	0.090	0.094	0.114	0.246	0.161	0.115	0.111	0.261	0.117	0.207	0.200	0.761	0.802	0.824	1.461	1.260	1.497	0.433	0.459	0.352	0.486	0.472	0.504	0.101	0.106	0.106	0.101	0.107	0.103	0.104	0.111	0.104	0.108	0.124	0.108	0.100	0.102	0.105	0.108	0.108	0.106	0.108	0.105	0.106	0.105	0.103	0.114	0.103	0.107	0.101	0.102	0.103	0.104	0.107	0.109	0.103	0.109	0.118	0.111	0.101	0.104	0.103	0.110	0.113	0.103	0.110	0.106	0.103	0.100	0.106	0.113	0.102	0.106	0.101	0.114	0.104	0.108	0.114	0.105	0.109	0.103	0.106	0.106	0.103	0.109	0.101	0.119	0.101	0.115	0.111	0.105	0.106	0.109	0.106	0.110
0:00:00																																																																																																	
0:00:00																																																																																																	
0:00:00																																																																																																	
0:00:00																																																																																																	
0:00:00																																																																																																	
0:00:00																																																																																																	
0:00:00																																																																																																	
0:00:00																																																																																																	
0:00:00																																																																																																	
0:00:00																																																																																																	
0:00:00																																																																																																	
0:00:00																																																																																																	
0:00:00																																																																																																	
0:00:00																																																																																																	
0:00:00																																																																																																	
0:00:00																																																																																																	
0:00:00																																																																																																	
0:00:00																																																																																																	
0:00:00																																																																																																	
0:00:00																																																																																																	
0:00:00																																																																																																	
0:00:00																																																																																																	
0:00:00																																																																																																	
0:00:00																																																																																																	
0:00:00																																																																																																	
0:00:00																																																																																																	
0:00:00																																																																																																	
0:00:00																																																																																																	
0:00:00																																																																																																	
0:00:00																																																																																																	
0:00:00																																																																																																	
0:00:00																																																																																																	

Results
	1	2	3	4	5	6	7	8	9	10	11	12
A	-0.123	-0.199	-0.196	-0.203	0.407	0.215	-0.076	-0.039	0.631	-0.112	0.371	0.363	Max V [578]
	0.507	0.500	0.502	0.507	0.988	0.987	0.395	0.569	0.874	0.563	0.822	0.880	R-Squared [578]
	2:01:06	2:01:06	2:01:06	2:01:06	14:01:12	13:01:12	2:01:06	2:01:06	14:01:12	2:01:06	14:01:12	14:01:12	t at Max V [578]
	?????	?????	?????	?????	12:17:15	14:57:30	?????	?????	12:44:50	?????	13:21:55	13:52:30	Lagtime [578]
B	0.918	1.005	1.130	1.791	1.551	2.103	1.018	1.079	0.760	1.001	1.255	1.451	Max V [578]
	0.999	0.994	0.988	0.998	0.990	1.000	0.996	0.998	0.997	0.989	0.994	0.988	R-Squared [578]
	10:01:10	4:01:06	4:01:06	7:01:09	4:01:06	9:01:10	14:01:12	13:01:12	14:01:12	14:01:12	14:01:12	14:01:12	t at Max V [578]
	4:00:24	2:46:09	2:52:11	2:26:09	2:13:45	2:33:58	11:02:55	10:51:08	10:43:51	10:16:22	11:26:25	11:43:20	Lagtime [578]
C	-0.001	-0.002	-0.001	-0.001	-0.002	-0.001	0.001	-0.003	-0.002	-0.002	0.084	-0.007	Max V [578]
	0.810	0.947	0.533	0.893	0.818	0.781	0.900	0.930	0.942	0.926	0.824	0.619	R-Squared [578]
	2:01:06	3:01:06	5:01:07	5:01:07	5:01:07	3:01:06	14:01:12	3:01:06	6:01:08	3:01:06	10:01:10	2:01:06	t at Max V [578]
	?????	1:51:05	2:43:58	4:37:07	1:33:49	1:49:05	?????	2:04:15	3:43:58	0:13:04	11:41:25	?????	Lagtime [578]
D	-0.001	-0.001	-0.001	-0.002	-0.003	-0.007	-0.001	-0.002	-0.001	-0.001	-0.001	-0.002	Max V [578]
	0.880	0.920	0.880	0.947	0.985	0.840	0.533	0.845	0.750	0.817	0.942	0.942	R-Squared [578]
	8:01:09	8:01:09	5:01:07	4:01:06	4:01:06	9:01:10	2:01:06	6:01:08	5:01:07	5:01:07	5:01:07	2:01:06	t at Max V [578]
	4:14:26	6:01:07	1:14:26	1:11:05	0:16:05	4:29:06	?????	2:56:29	1:21:05	0:43:57	2:43:58	?????	Lagtime [578]
E	-0.001	0.005	-0.001	-0.001	-0.001	-0.001	-0.002	-0.004	0.004	-0.002	-0.003	-0.001	Max V [578]
	0.941	0.812	0.781	0.800	0.750	0.942	0.857	0.959	0.770	0.576	0.745	0.696	R-Squared [578]
	4:01:06	13:01:12	5:01:07	4:01:06	5:01:07	5:01:07	2:01:06	5:01:07	12:01:12	2:01:06	2:01:06	4:01:06	t at Max V [578]
	1:16:05	11:05:11	2:13:06	1:31:05	3:41:07	2:43:58	0:31:05	?????	11:31:11	?????	?????	1:01:05	Lagtime [578]
F	-0.001	-0.001	-0.001	-0.001	-0.002	-0.003	-0.001	-0.002	-0.001	-0.001	-0.006	-0.002	Max V [578]
	0.490	0.880	0.500	0.817	0.899	0.914	0.942	0.864	0.500	0.920	0.621	0.970	R-Squared [578]
	5:01:07	5:01:07	11:01:11	6:01:08	3:01:06	5:01:07	5:01:07	4:01:06	4:01:06	8:01:09	2:01:06	5:01:07	t at Max V [578]
	5:01:07	1:14:26	7:01:08	3:09:41	2:05:42	3:46:07	4:09:41	1:17:27	1:21:05	2:41:04	?????	0:45:05	Lagtime [578]
G	-0.001	-0.002	-0.001	-0.001	-0.001	-0.001	-0.007	-0.002	-0.001	-0.001	-0.001	-0.001	Max V [578]
	0.942	0.899	0.533	0.800	0.817	0.893	0.926	0.781	0.481	0.920	0.727	0.880	R-Squared [578]
	8:01:09	3:01:06	2:01:06	6:01:08	10:01:10	4:01:06	5:01:07	4:01:06	8:01:09	2:01:06	10:01:10	3:01:06	t at Max V [578]
	6:01:07	2:51:52	?????	1:01:05	4:18:16	1:37:05	1:43:46	3:13:06	6:49:08	?????	2:16:06	1:14:25	Lagtime [578]
H	-0.001	0.002	0.001	-0.003	-0.001	-0.001	-0.001	-0.002	-0.001	-0.002	-0.001	-0.004	Max V [578]
	0.692	0.655	0.750	0.931	0.692	0.817	0.692	0.818	0.800	0.983	0.810	0.945	R-Squared [578]
	14:01:12	7:01:09	13:01:12	3:01:06	4:01:06	3:01:06	5:01:07	3:01:06	2:01:06	4:01:06	2:01:06	12:01:12	t at Max V [578]
	8:21:09	6:11:08	?????	0:21:04	1:21:05	1:35:22	0:41:05	1:22:54	?????	1:14:56	?????	6:17:29	Lagtime [578]



Software Version	3.12.08



Experiment File Path:	C:\Users\Sarela\Documents\Ons\Exp32_RP_Part3_2Plates_Exp43_OB_3Plates_Part2_17042024.xpt
Protocol File Path:	C:\Users\Public\Documents\Protocols\New_96well_578_24H.prt



Plate Number	Plate 5
Date	4/17/2024
Time	7:26:27 PM
Reader Type:	Epoch 2
Reader Serial Number:	2202232E
Reading Type	Reader

Procedure Details

Plate Type	96 WELL PLATE
Discontinuous Kinetics	Runtime 2:00:00 (D:HH:MM). Interval 0:01:00. 49 Reads
Eject plate on completion	
Set Temperature	Setpoint 37°C. Gradient 0 °C
Shake	Double Orbital: 0:01:01 (HH:MM:SS)
	Frequency: 282 cpm (3 mm)
Read	Absorbance Endpoint
	Full Plate
	Wavelengths:  578
	Read Speed: Normal.  Delay: 100 msec.  Measurements/Data Point: 8

578

Time	T° 578	A1	A2	A3	A4	A5	A6	A7	A8	A9	A10	A11	A12	B1	B2	B3	B4	B5	B6	B7	B8	B9	B10	B11	B12	C1	C2	C3	C4	C5	C6	C7	C8	C9	C10	C11	C12	D1	D2	D3	D4	D5	D6	D7	D8	D9	D10	D11	D12	E1	E2	E3	E4	E5	E6	E7	E8	E9	E10	E11	E12	F1	F2	F3	F4	F5	F6	F7	F8	F9	F10	F11	F12	G1	G2	G3	G4	G5	G6	G7	G8	G9	G10	G11	G12	H1	H2	H3	H4	H5	H6	H7	H8	H9	H10	H11	H12
0:01:05	38.9	0.117	0.123	0.159	0.121	0.115	0.121	0.132	0.120	0.125	0.123	0.128	0.122	0.128	0.159	0.132	0.128	0.162	0.127	0.130	0.121	0.125	0.121	0.120	0.139	0.128	0.147	0.155	0.129	0.129	0.122	0.130	0.131	0.122	0.118	0.122	0.119	0.117	0.117	0.137	0.123	0.142	0.122	0.121	0.174	0.134	0.144	0.125	0.121	0.096	0.097	0.111	0.103	0.121	0.110	0.102	0.102	0.102	0.102	0.114	0.098	0.098	0.099	0.106	0.100	0.104	0.113	0.115	0.124	0.104	0.102	0.115	0.099	0.112	0.096	0.102	0.102	0.106	0.101	0.102	0.119	0.100	0.102	0.101	0.106	0.096	0.098	0.101	0.103	0.100	0.101	0.103	0.094	0.116	0.103	0.114	0.096
1:01:04	38.6	0.126	0.130	0.186	0.160	0.139	0.163	0.142	0.143	0.143	0.138	0.156	0.135	0.139	0.156	0.140	0.140	0.149	0.142	0.144	0.132	0.138	0.135	0.133	0.148	0.139	0.157	0.187	0.140	0.140	0.133	0.139	0.140	0.135	0.130	0.140	0.130	0.128	0.125	0.166	0.131	0.148	0.133	0.145	0.244	0.166	0.173	0.159	0.140	0.097	0.097	0.113	0.104	0.123	0.128	0.105	0.101	0.101	0.105	0.118	0.104	0.097	0.098	0.105	0.099	0.103	0.112	0.114	0.123	0.103	0.101	0.115	0.099	0.115	0.099	0.103	0.102	0.106	0.103	0.101	0.130	0.099	0.102	0.104	0.105	0.096	0.097	0.100	0.101	0.100	0.100	0.103	0.093	0.118	0.102	0.113	0.095
2:01:04	38.7	0.158	0.198	0.188	0.276	0.276	0.287	0.257	0.271	0.256	0.276	0.254	0.235	0.194	0.188	0.150	0.232	0.184	0.175	0.165	0.149	0.160	0.156	0.169	0.165	0.211	0.202	0.171	0.180	0.179	0.185	0.138	0.138	0.137	0.189	0.190	0.197	0.146	0.135	0.186	0.192	0.177	0.201	0.324	0.366	0.323	0.361	0.336	0.290	0.098	0.098	0.111	0.105	0.121	0.129	0.105	0.101	0.101	0.103	0.113	0.128	0.097	0.098	0.105	0.099	0.103	0.111	0.115	0.121	0.103	0.100	0.111	0.098	0.115	0.101	0.104	0.101	0.105	0.104	0.101	0.145	0.099	0.102	0.103	0.105	0.096	0.103	0.100	0.100	0.099	0.099	0.103	0.092	0.116	0.102	0.113	0.095
3:01:05	38.7	0.272	0.284	0.286	0.356	0.350	0.360	0.302	0.306	0.297	0.394	0.404	0.366	0.315	0.320	0.248	0.345	0.302	0.323	0.287	0.271	0.294	0.272	0.320	0.308	0.255	0.255	0.247	0.283	0.311	0.288	0.149	0.141	0.146	0.313	0.316	0.316	0.177	0.153	0.205	0.278	0.319	0.296	0.454	0.444	0.450	0.460	0.461	0.456	0.099	0.098	0.114	0.105	0.122	0.132	0.105	0.101	0.101	0.108	0.119	0.103	0.097	0.098	0.105	0.099	0.103	0.111	0.115	0.122	0.103	0.100	0.113	0.098	0.116	0.100	0.104	0.101	0.102	0.101	0.101	0.147	0.098	0.102	0.103	0.105	0.096	0.103	0.100	0.101	0.099	0.098	0.103	0.092	0.115	0.102	0.113	0.095
4:01:06	38.8	0.366	0.368	0.376	0.433	0.468	0.484	0.357	0.364	0.351	0.513	0.532	0.462	0.392	0.399	0.362	0.471	0.427	0.469	0.417	0.391	0.413	0.431	0.446	0.456	0.318	0.372	0.332	0.350	0.405	0.384	0.198	0.182	0.197	0.392	0.425	0.435	0.228	0.189	0.243	0.355	0.410	0.381	0.573	0.594	0.574	0.604	0.591	0.612	0.099	0.098	0.113	0.105	0.122	0.133	0.105	0.102	0.101	0.108	0.121	0.101	0.097	0.098	0.104	0.098	0.102	0.110	0.115	0.121	0.103	0.100	0.110	0.098	0.117	0.101	0.104	0.101	0.099	0.102	0.101	0.146	0.098	0.102	0.103	0.107	0.096	0.102	0.100	0.100	0.099	0.097	0.102	0.092	0.114	0.102	0.113	0.095
5:01:06	38.8	0.465	0.477	0.468	0.540	0.581	0.592	0.411	0.424	0.405	0.607	0.615	0.553	0.478	0.452	0.444	0.615	0.613	0.579	0.543	0.533	0.576	0.563	0.583	0.606	0.378	0.458	0.379	0.425	0.486	0.446	0.247	0.240	0.267	0.468	0.486	0.529	0.303	0.235	0.293	0.427	0.474	0.449	0.738	0.734	0.718	0.748	0.728	0.784	0.099	0.099	0.113	0.106	0.125	0.132	0.105	0.103	0.101	0.109	0.121	0.111	0.097	0.098	0.104	0.098	0.102	0.110	0.115	0.120	0.103	0.100	0.111	0.098	0.118	0.101	0.104	0.100	0.105	0.102	0.100	0.127	0.097	0.102	0.103	0.105	0.096	0.102	0.101	0.101	0.099	0.097	0.102	0.091	0.113	0.102	0.112	0.095
6:01:07	38.7	0.531	0.504	0.526	0.684	0.732	0.737	0.468	0.479	0.463	0.749	0.741	0.727	0.463	0.476	0.493	0.735	0.745	0.722	0.680	0.673	0.729	0.712	0.729	0.744	0.422	0.538	0.439	0.485	0.556	0.524	0.289	0.299	0.314	0.517	0.556	0.622	0.362	0.281	0.338	0.472	0.533	0.503	0.878	0.880	0.880	0.913	0.907	0.942	0.099	0.099	0.113	0.108	0.129	0.134	0.106	0.104	0.103	0.110	0.121	0.107	0.097	0.098	0.104	0.098	0.102	0.110	0.116	0.121	0.104	0.100	0.111	0.099	0.118	0.101	0.105	0.100	0.106	0.102	0.100	0.148	0.097	0.101	0.103	0.105	0.096	0.099	0.101	0.101	0.099	0.097	0.102	0.092	0.113	0.102	0.112	0.095
7:01:08	38.9	0.581	0.569	0.600	0.835	0.895	0.892	0.526	0.540	0.527	0.907	0.910	0.909	0.516	0.532	0.519	0.895	0.941	0.890	0.835	0.851	0.901	0.887	0.895	0.914	0.478	0.603	0.496	0.549	0.611	0.594	0.337	0.348	0.370	0.579	0.627	0.701	0.410	0.323	0.382	0.526	0.602	0.570	0.951	0.966	0.995	1.047	1.010	1.058	0.099	0.099	0.116	0.109	0.129	0.135	0.108	0.108	0.107	0.115	0.122	0.112	0.097	0.098	0.104	0.098	0.102	0.110	0.117	0.122	0.105	0.100	0.112	0.099	0.119	0.101	0.105	0.099	0.106	0.103	0.100	0.147	0.097	0.102	0.103	0.105	0.096	0.103	0.101	0.101	0.099	0.097	0.102	0.091	0.112	0.101	0.112	0.095
8:01:08	38.9	0.637	0.630	0.644	0.978	1.046	1.039	0.582	0.608	0.595	1.059	1.063	1.056	0.570	0.594	0.580	1.047	1.085	1.043	0.991	1.010	1.050	1.034	1.040	1.050	0.538	0.657	0.553	0.610	0.668	0.664	0.392	0.392	0.428	0.655	0.713	0.795	0.463	0.362	0.435	0.595	0.686	0.647	1.055	1.028	1.083	1.128	1.120	1.148	0.099	0.100	0.115	0.112	0.133	0.136	0.111	0.129	0.120	0.118	0.117	0.111	0.097	0.098	0.104	0.097	0.102	0.109	0.122	0.126	0.108	0.101	0.111	0.099	0.119	0.101	0.105	0.099	0.105	0.102	0.100	0.122	0.097	0.101	0.103	0.105	0.096	0.102	0.101	0.100	0.099	0.097	0.102	0.091	0.113	0.101	0.112	0.095
9:01:09	38.8	0.694	0.690	0.688	1.116	1.172	1.168	0.664	0.676	0.667	1.180	1.185	1.184	0.641	0.660	0.638	1.169	1.193	1.169	1.079	1.117	1.153	1.139	1.149	1.153	0.598	0.715	0.615	0.686	0.740	0.719	0.425	0.461	0.492	0.741	0.801	0.880	0.526	0.393	0.483	0.650	0.763	0.733	1.117	1.052	1.135	1.180	1.185	1.197	0.099	0.100	0.116	0.118	0.143	0.139	0.137	0.161	0.156	0.128	0.122	0.151	0.097	0.098	0.104	0.097	0.102	0.109	0.150	0.157	0.137	0.102	0.112	0.100	0.118	0.100	0.105	0.099	0.101	0.104	0.099	0.124	0.097	0.101	0.103	0.105	0.096	0.098	0.101	0.102	0.099	0.096	0.102	0.091	0.109	0.101	0.112	0.095
10:01:10	38.8	0.746	0.759	0.757	1.231	1.270	1.277	0.733	0.754	0.740	1.267	1.270	1.282	0.720	0.737	0.718	1.262	1.279	1.268	1.158	1.203	1.224	1.218	1.226	1.233	0.642	0.783	0.664	0.743	0.796	0.775	0.477	0.510	0.563	0.814	0.873	0.953	0.572	0.418	0.517	0.704	0.846	0.821	1.149	1.100	1.193	1.201	1.194	1.231	0.100	0.100	0.117	0.129	0.155	0.145	0.190	0.194	0.194	0.144	0.123	0.127	0.097	0.098	0.104	0.097	0.102	0.109	0.189	0.206	0.193	0.103	0.114	0.101	0.119	0.100	0.104	0.099	0.098	0.103	0.099	0.126	0.097	0.101	0.103	0.105	0.096	0.098	0.101	0.101	0.099	0.096	0.102	0.091	0.109	0.101	0.112	0.095
11:01:10	38.8	0.852	0.851	0.843	1.319	1.339	1.350	0.803	0.824	0.819	1.336	1.332	1.348	0.804	0.817	0.788	1.333	1.339	1.339	1.218	1.262	1.281	1.277	1.280	1.286	0.706	0.833	0.717	0.806	0.877	0.838	0.556	0.593	0.658	0.903	0.951	1.022	0.636	0.459	0.579	0.780	0.928	0.889	1.150	1.091	1.210	1.235	1.180	1.242	0.102	0.103	0.123	0.147	0.170	0.156	0.222	0.240	0.242	0.176	0.127	0.116	0.097	0.098	0.104	0.097	0.102	0.108	0.241	0.256	0.270	0.106	0.118	0.104	0.120	0.100	0.105	0.099	0.103	0.103	0.099	0.126	0.099	0.101	0.103	0.105	0.096	0.098	0.102	0.101	0.099	0.096	0.102	0.091	0.108	0.101	0.112	0.095
12:01:11	38.9	0.936	0.919	0.909	1.379	1.384	1.391	0.872	0.889	0.885	1.385	1.380	1.397	0.921	0.888	0.881	1.372	1.382	1.378	1.272	1.304	1.318	1.317	1.319	1.332	0.773	0.872	0.767	0.874	0.971	0.923	0.641	0.691	0.737	0.968	1.024	1.098	0.699	0.503	0.627	0.893	1.023	0.980	1.181	1.069	1.216	1.225	1.170	1.261	0.107	0.122	0.162	0.182	0.194	0.174	0.277	0.310	0.300	0.221	0.155	0.186	0.097	0.098	0.104	0.097	0.102	0.108	0.327	0.339	0.348	0.113	0.126	0.108	0.119	0.100	0.105	0.099	0.105	0.103	0.099	0.156	0.096	0.101	0.103	0.104	0.096	0.100	0.103	0.101	0.099	0.095	0.102	0.091	0.112	0.101	0.112	0.095
13:01:11	38.9	1.008	0.982	0.970	1.411	1.413	1.423	0.952	0.963	0.961	1.414	1.409	1.426	0.985	0.961	0.953	1.408	1.415	1.411	1.299	1.330	1.344	1.341	1.347	1.355	0.842	0.927	0.836	0.947	1.043	1.000	0.720	0.773	0.814	1.039	1.099	1.170	0.759	0.555	0.698	0.962	1.087	1.048	1.179	1.037	1.195	1.197	1.192	1.223	0.120	0.153	0.198	0.240	0.231	0.206	0.307	0.362	0.351	0.260	0.203	0.189	0.099	0.099	0.105	0.096	0.102	0.108	0.391	0.401	0.412	0.128	0.140	0.119	0.119	0.100	0.105	0.099	0.106	0.103	0.099	0.153	0.096	0.100	0.103	0.105	0.097	0.097	0.104	0.101	0.099	0.095	0.102	0.091	0.112	0.101	0.112	0.095
14:01:12	38.2	1.013	1.018	1.033	1.423	1.433	1.443	0.998	1.025	1.023	1.436	1.438	1.455	1.044	1.016	1.004	1.439	1.440	1.439	1.318	1.353	1.366	1.366	1.369	1.379	0.915	0.972	0.871	0.981	1.076	1.031	0.784	0.824	0.873	1.111	1.160	1.227	0.835	0.604	0.740	1.008	1.147	1.106	1.132	1.009	1.183	1.150	1.178	1.190	0.148	0.174	0.230	0.320	0.280	0.249	0.362	0.412	0.400	0.298	0.227	0.251	0.107	0.103	0.106	0.096	0.102	0.108	0.439	0.457	0.462	0.162	0.168	0.159	0.119	0.100	0.105	0.099	0.102	0.103	0.099	0.135	0.096	0.101	0.103	0.104	0.097	0.098	0.109	0.102	0.099	0.095	0.102	0.091	0.110	0.101	0.112	0.095
15:01:12	37.6	1.144	1.116	1.127	1.443	1.441	1.453	1.056	1.092	1.091	1.456	1.455	1.469	1.106	1.093	1.067	1.460	1.456	1.460	1.325	1.367	1.373	1.371	1.375	1.381	0.953	1.026	0.936	1.021	1.130	1.086	0.867	0.892	0.944	1.176	1.213	1.277	0.892	0.660	0.807	1.083	1.218	1.175	1.153	0.952	1.102	1.135	1.139	1.148	0.174	0.191	0.257	0.418	0.337	0.294	0.416	0.446	0.433	0.382	0.289	0.308	0.118	0.115	0.109	0.096	0.101	0.108	0.471	0.491	0.498	0.218	0.219	0.228	0.119	0.100	0.105	0.100	0.098	0.103	0.099	0.139	0.098	0.101	0.104	0.105	0.098	0.098	0.126	0.102	0.099	0.095	0.102	0.091	0.109	0.101	0.111	0.095
16:01:12	37.7	1.243	1.224	1.222	1.437	1.438	1.449	1.113	1.130	1.138	1.466	1.467	1.481	1.149	1.145	1.120	1.454	1.460	1.459	1.311	1.358	1.365	1.357	1.363	1.371	0.998	1.057	0.973	1.064	1.194	1.164	0.924	0.952	1.001	1.226	1.253	1.316	0.934	0.727	0.865	1.145	1.268	1.238	1.110	0.919	1.113	1.105	1.152	1.085	0.196	0.203	0.283	0.509	0.403	0.353	0.454	0.471	0.462	0.479	0.342	0.338	0.136	0.142	0.116	0.096	0.101	0.108	0.510	0.528	0.534	0.273	0.292	0.311	0.119	0.100	0.105	0.106	0.105	0.105	0.098	0.164	0.096	0.100	0.104	0.105	0.099	0.099	0.156	0.110	0.100	0.095	0.102	0.091	0.108	0.101	0.111	0.095
0:00:00																																																																																																	
0:00:00																																																																																																	
0:00:00																																																																																																	
0:00:00																																																																																																	
0:00:00																																																																																																	
0:00:00																																																																																																	
0:00:00																																																																																																	
0:00:00																																																																																																	
0:00:00																																																																																																	
0:00:00																																																																																																	
0:00:00																																																																																																	
0:00:00																																																																																																	
0:00:00																																																																																																	
0:00:00																																																																																																	
0:00:00																																																																																																	
0:00:00																																																																																																	
0:00:00																																																																																																	
0:00:00																																																																																																	
0:00:00																																																																																																	
0:00:00																																																																																																	
0:00:00																																																																																																	
0:00:00																																																																																																	
0:00:00																																																																																																	
0:00:00																																																																																																	
0:00:00																																																																																																	
0:00:00																																																																																																	
0:00:00																																																																																																	
0:00:00																																																																																																	
0:00:00																																																																																																	
0:00:00																																																																																																	
0:00:00																																																																																																	
0:00:00																																																																																																	

Results
	1	2	3	4	5	6	7	8	9	10	11	12
A	1.564	1.440	1.431	2.410	2.493	2.421	1.198	1.189	1.223	2.425	2.438	2.652	Max V [578]
	0.993	0.993	0.993	1.000	0.998	0.999	0.999	0.999	1.000	0.998	0.997	0.995	R-Squared [578]
	4:01:06	3:01:05	4:01:06	7:01:08	7:01:08	7:01:08	10:01:10	9:01:09	11:01:10	7:01:08	7:01:08	7:01:08	t at Max V [578]
	1:26:42	1:03:58	1:34:39	2:06:51	1:52:14	1:45:37	1:41:05	1:09:59	1:36:56	1:40:41	1:43:17	2:13:05	Lagtime [578]
B	1.480	1.338	1.469	2.385	2.738	2.500	2.399	2.594	2.663	2.548	2.498	2.500	Max V [578]
	0.993	0.969	0.981	0.998	0.997	0.998	0.998	0.998	1.000	0.998	0.999	0.999	R-Squared [578]
	11:01:10	3:01:05	4:01:06	6:01:07	6:01:07	7:01:08	6:01:07	6:01:07	6:01:07	6:01:07	6:01:07	5:01:07	t at Max V [578]
	3:17:37	1:13:30	1:39:43	1:39:26	2:21:47	1:59:53	2:06:30	2:21:12	2:12:33	2:04:00	1:53:24	1:54:27	Lagtime [578]
C	1.137	1.459	1.112	1.253	1.546	1.390	1.296	1.348	1.361	1.465	1.546	1.772	Max V [578]
	0.999	0.990	0.990	0.991	0.984	0.991	0.998	0.990	0.998	0.990	0.982	0.996	R-Squared [578]
	12:01:11	4:01:06	4:01:06	4:01:06	4:01:06	4:01:06	12:01:11	12:01:11	11:01:10	3:01:05	3:01:05	4:01:06	t at Max V [578]
	2:32:07	1:31:41	1:38:53	1:09:17	1:13:59	1:05:42	5:31:32	5:15:20	4:31:33	0:58:04	0:58:32	1:11:17	Lagtime [578]
D	1.081	0.921	0.974	1.351	1.475	1.370	2.389	2.216	2.327	2.472	2.354	2.719	Max V [578]
	0.998	0.996	0.996	0.987	0.970	0.999	0.995	0.992	0.997	0.999	0.995	1.000	R-Squared [578]
	12:01:11	14:01:12	14:01:12	11:01:10	3:01:05	10:01:10	3:01:05	5:01:07	5:01:07	5:01:07	5:01:07	4:01:06	t at Max V [578]
	3:02:13	5:06:39	3:34:39	2:41:50	1:10:06	1:35:52	0:44:50	0:52:59	0:47:37	0:54:05	0:40:04	0:58:59	Lagtime [578]
E	0.384	0.379	0.559	1.390	0.875	0.742	0.788	0.932	0.869	1.063	0.765	0.750	Max V [578]
	0.988	0.990	0.996	0.992	0.989	0.988	0.992	0.996	0.999	0.953	0.984	0.953	R-Squared [578]
	14:01:12	13:01:11	13:01:11	14:01:12	14:01:12	14:01:12	13:01:11	12:01:11	12:01:11	14:01:12	14:01:12	13:01:11	t at Max V [578]
	11:44:29	10:45:01	10:31:58	11:14:55	10:49:17	10:45:13	8:28:57	8:24:51	8:15:56	10:28:41	11:11:43	10:32:07	Lagtime [578]
F	0.158	0.172	0.047	-0.007	-0.008	-0.011	1.082	1.076	1.176	0.682	0.686	0.857	Max V [578]
	0.911	0.805	0.826	0.877	0.919	0.932	0.991	0.995	0.997	0.955	0.921	0.926	R-Squared [578]
	14:01:12	14:01:12	14:01:12	2:01:06	2:01:06	2:01:06	12:01:11	12:01:11	11:01:10	14:01:12	14:01:12	14:01:12	t at Max V [578]
	12:33:07	12:49:20	13:25:11	?????	?????	?????	8:53:57	8:48:19	8:38:20	12:07:41	12:13:13	12:21:04	Lagtime [578]
G	0.022	0.019	0.010	0.027	-0.035	-0.010	-0.005	0.149	-0.009	-0.003	-0.006	-0.007	Max V [578]
	0.900	0.758	0.911	0.616	0.900	0.640	0.907	0.746	0.960	0.847	0.875	0.526	R-Squared [578]
	2:01:06	2:01:06	2:01:06	14:01:12	8:01:09	3:01:05	2:01:06	11:01:10	2:01:06	3:01:05	3:01:05	6:01:07	t at Max V [578]
	?????	?????	?????	15:10:31	6:29:24	5:14:52	?????	8:59:01	?????	1:43:04	9:18:18	4:29:00	Lagtime [578]
H	0.011	0.025	0.216	0.035	0.006	-0.015	-0.003	-0.007	-0.020	-0.004	-0.006	-0.003	Max V [578]
	0.913	0.641	0.824	0.662	0.901	0.979	0.902	0.912	0.696	0.931	0.921	0.902	R-Squared [578]
	14:01:12	2:01:06	14:01:12	14:01:12	14:01:12	2:01:06	2:01:06	2:01:06	8:01:09	2:01:06	2:01:06	2:01:06	t at Max V [578]
	11:31:38	?????	12:32:37	13:44:03	?????	?????	?????	?????	4:23:55	?????	?????	?????	Lagtime [578]

