

Software Version	3.12.08



Experiment File Path:	C:\Users\Sarela\Documents\Rita Pires\Exp31_RP_2plates_part1_04042024.xpt
Protocol File Path:	C:\Users\Public\Documents\Protocols\New_96well_578_24H.prt



Plate Number	Plate 1
Date	4/4/2024
Time	4:27:19 PM
Reader Type:	Epoch 2
Reader Serial Number:	2202232E
Reading Type	Reader

Procedure Details

Plate Type	96 WELL PLATE
Discontinuous Kinetics	Runtime 2:00:00 (D:HH:MM), Interval 0:01:00, 49 Reads
Eject plate on completion	
Set Temperature	Setpoint 37°C, Gradient 0 °C
Shake	Double Orbital: 0:01:01 (HH:MM:SS)
	Frequency: 282 cpm (3 mm)
Read	Absorbance Endpoint
	Full Plate
	Wavelengths:  578
	Read Speed: Normal,  Delay: 100 msec,  Measurements/Data Point: 8

578

Time	T° 578	A1	A2	A3	A4	A5	A6	A7	A8	A9	A10	A11	A12	B1	B2	B3	B4	B5	B6	B7	B8	B9	B10	B11	B12	C1	C2	C3	C4	C5	C6	C7	C8	C9	C10	C11	C12	D1	D2	D3	D4	D5	D6	D7	D8	D9	D10	D11	D12	E1	E2	E3	E4	E5	E6	E7	E8	E9	E10	E11	E12	F1	F2	F3	F4	F5	F6	F7	F8	F9	F10	F11	F12	G1	G2	G3	G4	G5	G6	G7	G8	G9	G10	G11	G12	H1	H2	H3	H4	H5	H6	H7	H8	H9	H10	H11	H12
0:01:05	37.1	0.138	0.119	0.120	0.116	0.130	0.124	0.128	0.115	0.127	0.124	0.134	0.160	0.132	0.120	0.124	0.118	0.123	0.121	0.120	0.119	0.130	0.112	0.116	0.122	0.121	0.131	0.115	0.126	0.116	0.121	0.127	0.122	0.118	0.131	0.128	0.120	0.128	0.128	0.120	0.129	0.127	0.121	0.126	0.124	0.124	0.121	0.126	0.115	0.127	0.120	0.120	0.131	0.128	0.111	0.124	0.137	0.139	0.116	0.124	0.142	0.115	0.129	0.122	0.130	0.118	0.121	0.124	0.125	0.116	0.120	0.113	0.118	0.132	0.133	0.125	0.121	0.123	0.125	0.127	0.121	0.126	0.130	0.123	0.123	0.122	0.125	0.125	0.128	0.123	0.123	0.129	0.122	0.132	0.123	0.136	0.126
1:01:06	37.1	0.131	0.119	0.118	0.117	0.126	0.122	0.124	0.115	0.126	0.119	0.130	0.159	0.128	0.119	0.121	0.116	0.123	0.121	0.121	0.118	0.128	0.113	0.117	0.121	0.122	0.126	0.114	0.125	0.116	0.121	0.123	0.122	0.118	0.125	0.125	0.119	0.125	0.125	0.120	0.124	0.119	0.122	0.122	0.123	0.123	0.120	0.125	0.116	0.125	0.120	0.120	0.132	0.126	0.113	0.124	0.131	0.135	0.117	0.125	0.136	0.112	0.129	0.121	0.125	0.116	0.118	0.121	0.123	0.115	0.118	0.111	0.117	0.130	0.132	0.125	0.120	0.122	0.124	0.126	0.122	0.124	0.128	0.122	0.122	0.122	0.125	0.124	0.127	0.122	0.123	0.128	0.121	0.131	0.123	0.136	0.125
2:01:06	37.1	0.134	0.124	0.121	0.120	0.129	0.123	0.127	0.120	0.130	0.121	0.131	0.162	0.132	0.123	0.123	0.120	0.126	0.124	0.124	0.121	0.129	0.117	0.121	0.124	0.124	0.128	0.117	0.128	0.119	0.124	0.125	0.125	0.119	0.127	0.128	0.121	0.130	0.127	0.124	0.127	0.122	0.124	0.124	0.126	0.127	0.123	0.127	0.119	0.128	0.127	0.125	0.135	0.129	0.116	0.127	0.133	0.136	0.120	0.127	0.136	0.112	0.129	0.120	0.122	0.116	0.122	0.120	0.121	0.115	0.115	0.111	0.117	0.130	0.132	0.124	0.120	0.122	0.124	0.125	0.120	0.123	0.127	0.122	0.122	0.121	0.124	0.123	0.127	0.122	0.122	0.127	0.121	0.130	0.122	0.135	0.125
3:01:06	37.1	0.150	0.140	0.136	0.135	0.143	0.135	0.140	0.131	0.142	0.132	0.141	0.168	0.146	0.139	0.135	0.133	0.138	0.137	0.137	0.133	0.141	0.130	0.130	0.130	0.137	0.139	0.129	0.139	0.131	0.136	0.133	0.135	0.129	0.133	0.134	0.126	0.145	0.142	0.138	0.141	0.133	0.137	0.137	0.137	0.141	0.135	0.137	0.124	0.143	0.139	0.141	0.151	0.144	0.131	0.142	0.147	0.146	0.130	0.135	0.140	0.111	0.130	0.120	0.121	0.116	0.123	0.119	0.121	0.114	0.114	0.111	0.117	0.130	0.132	0.124	0.120	0.122	0.123	0.125	0.120	0.123	0.128	0.122	0.122	0.121	0.124	0.122	0.127	0.122	0.122	0.126	0.121	0.129	0.122	0.135	0.125
4:01:07	37.1	0.202	0.192	0.191	0.187	0.191	0.177	0.188	0.172	0.179	0.161	0.167	0.180	0.196	0.182	0.180	0.175	0.178	0.173	0.178	0.167	0.174	0.156	0.155	0.143	0.179	0.181	0.170	0.178	0.166	0.175	0.164	0.164	0.155	0.155	0.151	0.136	0.196	0.191	0.184	0.190	0.178	0.184	0.182	0.174	0.187	0.164	0.161	0.141	0.193	0.198	0.191	0.203	0.193	0.176	0.184	0.185	0.183	0.154	0.156	0.149	0.111	0.126	0.120	0.119	0.116	0.123	0.118	0.121	0.114	0.113	0.111	0.117	0.130	0.130	0.123	0.120	0.122	0.123	0.125	0.119	0.121	0.127	0.121	0.122	0.121	0.124	0.122	0.127	0.122	0.122	0.126	0.120	0.129	0.122	0.135	0.125
5:01:08	37.1	0.335	0.323	0.345	0.345	0.373	0.350	0.388	0.350	0.262	0.210	0.209	0.199	0.321	0.291	0.324	0.336	0.339	0.345	0.358	0.350	0.293	0.206	0.203	0.162	0.292	0.286	0.306	0.313	0.289	0.307	0.293	0.275	0.226	0.202	0.187	0.153	0.326	0.335	0.335	0.366	0.308	0.367	0.400	0.284	0.328	0.215	0.207	0.166	0.321	0.351	0.347	0.370	0.368	0.350	0.394	0.355	0.346	0.204	0.190	0.166	0.110	0.128	0.119	0.118	0.116	0.121	0.117	0.120	0.114	0.112	0.111	0.116	0.130	0.130	0.123	0.120	0.122	0.123	0.124	0.119	0.121	0.127	0.121	0.122	0.121	0.124	0.122	0.127	0.121	0.121	0.126	0.120	0.128	0.122	0.134	0.125
6:01:08	37.1	0.531	0.525	0.621	0.633	0.761	0.897	1.014	0.860	0.536	0.281	0.259	0.219	0.535	0.500	0.599	0.677	0.908	0.902	1.004	0.920	0.607	0.266	0.259	0.184	0.492	0.490	0.584	0.598	0.568	0.634	0.682	0.732	0.433	0.258	0.225	0.174	0.538	0.561	0.672	0.727	0.666	0.976	0.867	0.636	0.675	0.279	0.258	0.191	0.540	0.602	0.657	0.728	0.679	0.869	0.904	0.966	0.841	0.274	0.235	0.184	0.110	0.127	0.119	0.117	0.116	0.123	0.115	0.120	0.114	0.111	0.111	0.116	0.129	0.130	0.123	0.120	0.122	0.123	0.124	0.118	0.120	0.127	0.121	0.122	0.121	0.124	0.122	0.127	0.121	0.121	0.125	0.121	0.128	0.122	0.134	0.125
7:01:09	37.1	0.662	0.631	1.073	1.229	1.254	1.287	1.300	1.182	0.821	0.386	0.327	0.247	0.682	0.633	1.085	1.279	1.295	1.288	1.299	1.173	0.915	0.342	0.324	0.211	0.662	0.647	0.844	0.878	0.882	1.067	1.011	1.006	0.777	0.341	0.270	0.201	0.691	0.694	0.999	1.104	1.096	1.315	1.240	0.988	0.977	0.348	0.311	0.224	0.682	0.757	0.975	1.041	1.001	1.238	1.209	1.223	1.085	0.414	0.289	0.207	0.110	0.128	0.118	0.117	0.115	0.125	0.114	0.120	0.114	0.111	0.111	0.117	0.129	0.129	0.123	0.120	0.122	0.123	0.124	0.118	0.120	0.126	0.121	0.122	0.121	0.124	0.122	0.127	0.121	0.121	0.125	0.120	0.128	0.122	0.134	0.124
8:01:09	37.1	0.755	0.692	1.408	1.377	1.375	1.374	1.396	1.255	1.008	0.598	0.403	0.273	0.818	0.707	1.396	1.375	1.373	1.375	1.374	1.292	1.131	0.433	0.404	0.241	0.720	0.711	1.146	1.140	1.127	1.270	1.273	1.181	1.021	0.461	0.316	0.231	0.879	0.758	1.234	1.296	1.251	1.409	1.335	1.157	1.155	0.429	0.366	0.261	0.750	0.801	1.169	1.204	1.190	1.376	1.331	1.317	1.216	0.597	0.373	0.234	0.110	0.128	0.117	0.116	0.115	0.125	0.114	0.120	0.114	0.111	0.111	0.116	0.129	0.129	0.123	0.119	0.122	0.123	0.124	0.118	0.120	0.126	0.121	0.122	0.120	0.124	0.121	0.126	0.120	0.121	0.124	0.120	0.127	0.122	0.134	0.124
9:01:10	37.3	0.890	0.816	1.484	1.420	1.413	1.408	1.390	1.300	1.156	0.874	0.631	0.303	0.980	0.875	1.429	1.425	1.396	1.447	1.397	1.361	1.253	0.684	0.604	0.271	0.900	0.857	1.311	1.294	1.265	1.336	1.334	1.289	1.184	0.766	0.351	0.262	1.153	0.962	1.329	1.378	1.330	1.453	1.388	1.209	1.230	0.746	0.399	0.289	0.858	0.830	1.254	1.283	1.267	1.401	1.363	1.349	1.312	0.771	0.508	0.263	0.110	0.127	0.117	0.116	0.114	0.127	0.114	0.119	0.113	0.110	0.110	0.116	0.129	0.129	0.122	0.119	0.121	0.123	0.124	0.118	0.119	0.125	0.121	0.122	0.120	0.124	0.121	0.126	0.120	0.121	0.124	0.120	0.126	0.122	0.134	0.124
10:01:11	37.3	1.031	0.975	1.482	1.459	1.426	1.410	1.409	1.322	1.236	1.051	0.826	0.328	1.119	1.054	1.452	1.444	1.411	1.464	1.405	1.382	1.321	0.945	0.889	0.295	1.057	1.018	1.377	1.362	1.346	1.364	1.371	1.340	1.273	1.044	0.439	0.294	1.341	1.145	1.379	1.416	1.391	1.463	1.415	1.234	1.269	0.988	0.433	0.316	1.011	0.913	1.297	1.319	1.328	1.418	1.362	1.345	1.356	0.934	0.688	0.294	0.110	0.123	0.117	0.116	0.114	0.126	0.113	0.119	0.113	0.110	0.110	0.117	0.129	0.130	0.123	0.119	0.121	0.123	0.124	0.118	0.119	0.125	0.121	0.122	0.120	0.124	0.121	0.126	0.120	0.121	0.123	0.119	0.125	0.122	0.133	0.124
11:01:11	37.3	1.155	1.085	1.495	1.440	1.441	1.424	1.409	1.335	1.273	1.126	0.987	0.349	1.266	1.191	1.474	1.463	1.430	1.472	1.413	1.387	1.340	1.068	1.031	0.326	1.213	1.139	1.416	1.395	1.382	1.400	1.389	1.347	1.302	1.116	0.629	0.323	1.426	1.264	1.410	1.427	1.425	1.479	1.423	1.249	1.302	1.077	0.479	0.339	1.132	1.005	1.326	1.354	1.356	1.419	1.360	1.337	1.374	1.040	0.839	0.333	0.110	0.127	0.117	0.115	0.114	0.125	0.113	0.119	0.113	0.110	0.110	0.116	0.129	0.130	0.122	0.119	0.120	0.123	0.123	0.117	0.118	0.124	0.121	0.122	0.120	0.124	0.121	0.126	0.120	0.121	0.123	0.119	0.125	0.122	0.133	0.124
12:01:12	37.1	1.278	1.167	1.501	1.462	1.453	1.444	1.423	1.343	1.288	1.184	1.048	0.364	1.352	1.278	1.494	1.486	1.444	1.474	1.420	1.390	1.349	1.112	1.093	0.354	1.315	1.259	1.438	1.417	1.402	1.402	1.392	1.356	1.313	1.148	0.745	0.348	1.460	1.334	1.421	1.442	1.433	1.488	1.427	1.267	1.319	1.111	0.534	0.357	1.263	1.080	1.351	1.372	1.381	1.428	1.361	1.337	1.385	1.111	0.924	0.397	0.111	0.122	0.116	0.115	0.115	0.127	0.113	0.117	0.113	0.109	0.110	0.117	0.128	0.129	0.122	0.119	0.120	0.122	0.123	0.117	0.118	0.124	0.120	0.122	0.120	0.123	0.121	0.126	0.120	0.120	0.122	0.119	0.124	0.121	0.133	0.124
13:01:13	37.2	1.338	1.235	1.517	1.475	1.468	1.444	1.440	1.353	1.300	1.202	1.100	0.407	1.403	1.335	1.507	1.498	1.452	1.487	1.424	1.392	1.355	1.131	1.142	0.431	1.383	1.347	1.453	1.435	1.428	1.419	1.401	1.362	1.319	1.166	0.816	0.378	1.463	1.382	1.429	1.453	1.456	1.492	1.434	1.276	1.329	1.132	0.599	0.383	1.345	1.155	1.378	1.395	1.400	1.436	1.378	1.345	1.391	1.147	0.979	0.495	0.110	0.127	0.116	0.115	0.114	0.128	0.113	0.116	0.113	0.109	0.110	0.116	0.128	0.130	0.122	0.119	0.120	0.122	0.123	0.117	0.118	0.124	0.120	0.121	0.120	0.123	0.121	0.126	0.120	0.120	0.122	0.119	0.123	0.121	0.133	0.124
14:01:13	37.2	1.381	1.284	1.525	1.485	1.482	1.462	1.443	1.355	1.313	1.220	1.115	0.451	1.430	1.365	1.518	1.509	1.461	1.491	1.427	1.403	1.363	1.148	1.145	0.487	1.419	1.406	1.462	1.454	1.443	1.424	1.404	1.363	1.322	1.181	0.851	0.406	1.478	1.419	1.441	1.460	1.464	1.504	1.436	1.288	1.340	1.149	0.616	0.417	1.396	1.215	1.392	1.413	1.413	1.442	1.379	1.344	1.393	1.151	1.014	0.574	0.110	0.126	0.116	0.114	0.114	0.127	0.112	0.116	0.113	0.111	0.110	0.115	0.128	0.129	0.122	0.119	0.120	0.122	0.123	0.117	0.117	0.124	0.120	0.122	0.120	0.123	0.121	0.126	0.120	0.120	0.122	0.118	0.122	0.121	0.133	0.124
15:01:13	37.3	1.407	1.325	1.536	1.500	1.495	1.473	1.454	1.359	1.324	1.234	1.141	0.474	1.449	1.394	1.524	1.520	1.472	1.505	1.432	1.410	1.374	1.158	1.159	0.543	1.441	1.423	1.476	1.463	1.459	1.435	1.411	1.368	1.332	1.209	0.909	0.440	1.492	1.444	1.455	1.467	1.475	1.510	1.445	1.299	1.350	1.164	0.635	0.445	1.428	1.263	1.409	1.428	1.430	1.452	1.390	1.355	1.399	1.171	1.050	0.628	0.110	0.126	0.116	0.114	0.114	0.128	0.112	0.117	0.113	0.109	0.109	0.116	0.128	0.130	0.122	0.119	0.120	0.122	0.123	0.117	0.117	0.124	0.120	0.121	0.120	0.123	0.121	0.126	0.119	0.120	0.122	0.118	0.122	0.121	0.133	0.124
16:01:14	37.2	1.427	1.345	1.544	1.508	1.499	1.483	1.461	1.362	1.329	1.230	1.148	0.502	1.460	1.414	1.526	1.528	1.485	1.512	1.437	1.415	1.377	1.169	1.169	0.591	1.455	1.445	1.486	1.472	1.472	1.444	1.416	1.375	1.336	1.210	0.942	0.488	1.491	1.463	1.467	1.476	1.480	1.512	1.449	1.305	1.362	1.171	0.647	0.496	1.447	1.289	1.414	1.439	1.438	1.463	1.394	1.363	1.405	1.174	1.068	0.680	0.110	0.128	0.115	0.113	0.114	0.128	0.112	0.116	0.112	0.109	0.109	0.115	0.128	0.130	0.122	0.119	0.120	0.121	0.123	0.117	0.117	0.124	0.120	0.122	0.120	0.123	0.121	0.126	0.119	0.120	0.122	0.118	0.121	0.121	0.132	0.124
17:01:13	37.2	1.435	1.367	1.548	1.515	1.508	1.489	1.472	1.358	1.341	1.241	1.158	0.522	1.470	1.427	1.529	1.531	1.496	1.520	1.444	1.424	1.383	1.179	1.177	0.614	1.459	1.454	1.491	1.484	1.476	1.454	1.428	1.387	1.340	1.215	0.957	0.526	1.499	1.472	1.476	1.481	1.487	1.516	1.454	1.311	1.368	1.182	0.657	0.527	1.460	1.306	1.421	1.449	1.442	1.470	1.400	1.371	1.411	1.181	1.075	0.721	0.110	0.125	0.115	0.113	0.114	0.124	0.112	0.116	0.112	0.109	0.109	0.115	0.128	0.130	0.122	0.119	0.120	0.121	0.123	0.117	0.117	0.124	0.120	0.121	0.120	0.123	0.121	0.126	0.119	0.119	0.121	0.118	0.120	0.121	0.132	0.124
18:01:14	37.1	1.446	1.383	1.556	1.524	1.517	1.498	1.477	1.364	1.346	1.245	1.163	0.536	1.478	1.442	1.536	1.538	1.503	1.530	1.454	1.432	1.387	1.183	1.181	0.638	1.465	1.464	1.500	1.491	1.490	1.468	1.432	1.393	1.356	1.222	0.987	0.554	1.506	1.480	1.479	1.497	1.500	1.521	1.461	1.322	1.376	1.188	0.665	0.553	1.471	1.325	1.425	1.451	1.448	1.480	1.409	1.375	1.421	1.202	1.088	0.752	0.110	0.124	0.116	0.113	0.114	0.123	0.111	0.116	0.112	0.109	0.109	0.115	0.128	0.130	0.122	0.119	0.120	0.121	0.122	0.117	0.117	0.123	0.120	0.121	0.120	0.123	0.121	0.126	0.119	0.119	0.121	0.118	0.120	0.121	0.132	0.124
19:01:16	37.1	1.454	1.396	1.562	1.530	1.526	1.502	1.483	1.370	1.345	1.250	1.158	0.551	1.484	1.451	1.537	1.538	1.511	1.538	1.460	1.438	1.397	1.173	1.182	0.664	1.468	1.470	1.500	1.489	1.493	1.478	1.438	1.401	1.356	1.224	1.000	0.578	1.510	1.490	1.484	1.504	1.502	1.531	1.472	1.325	1.389	1.200	0.690	0.582	1.478	1.338	1.426	1.454	1.452	1.488	1.417	1.388	1.427	1.211	1.090	0.777	0.110	0.122	0.115	0.113	0.113	0.124	0.111	0.116	0.112	0.110	0.108	0.115	0.127	0.130	0.122	0.119	0.120	0.120	0.122	0.116	0.117	0.123	0.120	0.121	0.119	0.123	0.121	0.126	0.119	0.119	0.121	0.117	0.119	0.121	0.131	0.124
20:01:16	37.1	1.463	1.411	1.567	1.534	1.531	1.512	1.490	1.371	1.349	1.252	1.166	0.559	1.490	1.464	1.541	1.542	1.518	1.546	1.468	1.448	1.400	1.177	1.187	0.687	1.472	1.472	1.498	1.492	1.498	1.487	1.445	1.412	1.361	1.228	1.004	0.598	1.515	1.498	1.487	1.513	1.506	1.537	1.472	1.330	1.392	1.215	0.700	0.615	1.487	1.355	1.429	1.458	1.453	1.492	1.432	1.388	1.438	1.212	1.102	0.803	0.109	0.120	0.114	0.113	0.113	0.124	0.111	0.115	0.112	0.109	0.110	0.115	0.127	0.129	0.121	0.118	0.120	0.121	0.122	0.116	0.116	0.123	0.120	0.121	0.119	0.123	0.121	0.126	0.119	0.119	0.121	0.117	0.119	0.121	0.131	0.123
21:01:17	37.1	1.468	1.425	1.570	1.543	1.538	1.519	1.498	1.374	1.363	1.263	1.175	0.569	1.493	1.472	1.544	1.550	1.522	1.550	1.483	1.466	1.409	1.194	1.196	0.697	1.475	1.478	1.502	1.498	1.500	1.498	1.453	1.425	1.370	1.242	1.005	0.619	1.518	1.504	1.496	1.518	1.514	1.548	1.478	1.343	1.402	1.218	0.694	0.633	1.492	1.367	1.432	1.463	1.459	1.497	1.439	1.400	1.445	1.218	1.104	0.827	0.109	0.122	0.114	0.112	0.113	0.124	0.111	0.115	0.112	0.109	0.109	0.116	0.127	0.129	0.121	0.118	0.119	0.120	0.122	0.116	0.116	0.123	0.120	0.121	0.119	0.123	0.121	0.126	0.119	0.118	0.121	0.117	0.119	0.121	0.130	0.123
22:01:17	37.1	1.476	1.434	1.576	1.548	1.544	1.528	1.506	1.373	1.362	1.256	1.178	0.579	1.502	1.479	1.549	1.552	1.526	1.555	1.494	1.473	1.418	1.197	1.196	0.720	1.477	1.480	1.507	1.501	1.504	1.495	1.466	1.435	1.376	1.244	1.015	0.651	1.521	1.508	1.502	1.522	1.518	1.554	1.486	1.351	1.410	1.223	0.716	0.654	1.499	1.375	1.441	1.467	1.462	1.501	1.454	1.406	1.454	1.221	1.107	0.846	0.109	0.121	0.114	0.112	0.113	0.124	0.111	0.114	0.111	0.109	0.109	0.115	0.127	0.129	0.121	0.118	0.119	0.121	0.121	0.116	0.116	0.122	0.120	0.121	0.119	0.123	0.121	0.126	0.119	0.118	0.121	0.117	0.119	0.121	0.130	0.123
23:01:18	37.1	1.480	1.447	1.579	1.550	1.548	1.539	1.511	1.377	1.363	1.264	1.177	0.594	1.504	1.488	1.550	1.557	1.531	1.559	1.506	1.481	1.423	1.204	1.209	0.727	1.485	1.487	1.506	1.504	1.509	1.504	1.478	1.444	1.379	1.245	1.020	0.672	1.526	1.518	1.506	1.527	1.526	1.564	1.493	1.359	1.422	1.228	0.728	0.674	1.507	1.396	1.445	1.474	1.469	1.505	1.463	1.416	1.464	1.229	1.114	0.860	0.109	0.122	0.114	0.112	0.113	0.125	0.111	0.114	0.112	0.109	0.109	0.115	0.126	0.129	0.121	0.118	0.119	0.120	0.121	0.116	0.116	0.122	0.120	0.121	0.119	0.123	0.121	0.126	0.118	0.118	0.120	0.117	0.119	0.121	0.130	0.123
24:01:19	37.2	1.486	1.456	1.581	1.554	1.551	1.548	1.518	1.376	1.364	1.264	1.183	0.603	1.510	1.493	1.552	1.558	1.535	1.564	1.519	1.485	1.428	1.206	1.226	0.750	1.488	1.490	1.504	1.507	1.512	1.506	1.492	1.454	1.387	1.256	1.033	0.694	1.531	1.523	1.507	1.529	1.532	1.563	1.500	1.370	1.428	1.232	0.752	0.698	1.509	1.399	1.449	1.479	1.473	1.510	1.467	1.426	1.475	1.229	1.118	0.875	0.109	0.122	0.114	0.112	0.113	0.128	0.111	0.114	0.112	0.109	0.108	0.115	0.126	0.129	0.120	0.118	0.119	0.120	0.121	0.116	0.116	0.122	0.120	0.121	0.119	0.123	0.120	0.126	0.118	0.117	0.120	0.117	0.119	0.120	0.130	0.123
25:01:20	37.1	1.492	1.463	1.586	1.559	1.556	1.556	1.532	1.381	1.361	1.270	1.184	0.605	1.513	1.503	1.557	1.561	1.538	1.568	1.526	1.492	1.433	1.192	1.220	0.755	1.489	1.493	1.512	1.506	1.513	1.509	1.502	1.461	1.391	1.252	1.040	0.716	1.533	1.526	1.512	1.536	1.535	1.570	1.509	1.380	1.438	1.238	0.776	0.711	1.514	1.406	1.457	1.480	1.477	1.515	1.473	1.436	1.475	1.234	1.120	0.888	0.109	0.123	0.113	0.112	0.113	0.129	0.112	0.114	0.111	0.109	0.108	0.115	0.125	0.129	0.120	0.118	0.119	0.120	0.120	0.116	0.116	0.122	0.120	0.121	0.119	0.122	0.120	0.125	0.118	0.117	0.120	0.117	0.119	0.121	0.130	0.123
26:01:21	37.1	1.493	1.473	1.589	1.563	1.559	1.562	1.538	1.385	1.367	1.269	1.182	0.622	1.518	1.509	1.561	1.565	1.542	1.572	1.536	1.499	1.445	1.193	1.213	0.768	1.494	1.501	1.512	1.513	1.518	1.512	1.510	1.472	1.399	1.259	1.059	0.744	1.534	1.532	1.520	1.540	1.543	1.578	1.519	1.392	1.449	1.246	0.792	0.725	1.523	1.415	1.461	1.488	1.483	1.518	1.478	1.447	1.489	1.241	1.127	0.901	0.109	0.122	0.112	0.111	0.112	0.128	0.111	0.113	0.111	0.109	0.108	0.116	0.125	0.129	0.120	0.118	0.119	0.120	0.120	0.116	0.116	0.122	0.120	0.121	0.119	0.123	0.120	0.126	0.118	0.117	0.120	0.117	0.118	0.120	0.129	0.123
27:01:22	37.1	1.501	1.479	1.590	1.567	1.563	1.569	1.547	1.390	1.369	1.267	1.185	0.623	1.523	1.515	1.568	1.568	1.544	1.574	1.543	1.505	1.452	1.194	1.212	0.768	1.499	1.505	1.514	1.513	1.526	1.516	1.517	1.476	1.406	1.239	1.064	0.770	1.536	1.538	1.523	1.547	1.546	1.582	1.528	1.406	1.456	1.246	0.818	0.746	1.534	1.427	1.461	1.490	1.489	1.522	1.485	1.455	1.496	1.242	1.129	0.908	0.108	0.122	0.112	0.112	0.112	0.126	0.111	0.113	0.111	0.109	0.109	0.115	0.125	0.129	0.120	0.118	0.119	0.120	0.120	0.116	0.116	0.121	0.120	0.121	0.119	0.122	0.120	0.125	0.117	0.117	0.120	0.117	0.118	0.120	0.129	0.123
28:01:22	37.1	1.505	1.486	1.593	1.568	1.565	1.573	1.555	1.393	1.375	1.277	1.175	0.630	1.528	1.525	1.569	1.572	1.548	1.577	1.547	1.510	1.462	1.217	1.218	0.779	1.503	1.516	1.522	1.516	1.525	1.522	1.520	1.479	1.413	1.244	1.069	0.791	1.538	1.537	1.528	1.548	1.552	1.584	1.538	1.420	1.466	1.258	0.834	0.769	1.543	1.433	1.473	1.495	1.497	1.526	1.490	1.460	1.504	1.248	1.136	0.913	0.109	0.122	0.112	0.111	0.112	0.129	0.111	0.114	0.111	0.109	0.108	0.115	0.124	0.129	0.119	0.118	0.119	0.120	0.120	0.116	0.116	0.121	0.120	0.121	0.119	0.122	0.120	0.125	0.117	0.117	0.120	0.117	0.118	0.120	0.129	0.123
29:01:23	37.1	1.508	1.495	1.597	1.570	1.569	1.578	1.562	1.396	1.370	1.271	1.179	0.634	1.530	1.536	1.573	1.575	1.553	1.581	1.555	1.514	1.464	1.204	1.232	0.782	1.505	1.517	1.529	1.518	1.530	1.519	1.524	1.488	1.420	1.270	1.063	0.814	1.540	1.543	1.530	1.550	1.555	1.587	1.545	1.433	1.475	1.262	0.863	0.783	1.551	1.443	1.479	1.502	1.500	1.530	1.495	1.465	1.512	1.252	1.149	0.923	0.108	0.122	0.112	0.111	0.112	0.130	0.111	0.114	0.111	0.109	0.108	0.114	0.124	0.129	0.119	0.118	0.119	0.120	0.120	0.116	0.116	0.121	0.120	0.121	0.118	0.122	0.120	0.125	0.117	0.117	0.120	0.117	0.118	0.120	0.129	0.123
30:01:23	37.2	1.513	1.502	1.598	1.572	1.569	1.579	1.570	1.401	1.377	1.277	1.172	0.641	1.536	1.539	1.577	1.579	1.555	1.584	1.557	1.523	1.473	1.227	1.214	0.783	1.509	1.521	1.530	1.526	1.533	1.527	1.532	1.494	1.430	1.282	1.076	0.844	1.544	1.548	1.536	1.556	1.561	1.593	1.556	1.450	1.490	1.268	0.886	0.800	1.561	1.457	1.485	1.509	1.504	1.531	1.497	1.470	1.519	1.252	1.160	0.940	0.109	0.122	0.112	0.111	0.112	0.132	0.110	0.113	0.111	0.109	0.108	0.115	0.124	0.129	0.119	0.118	0.119	0.119	0.119	0.116	0.116	0.121	0.120	0.121	0.118	0.122	0.120	0.125	0.117	0.117	0.120	0.117	0.118	0.120	0.129	0.123
31:01:24	37.1	1.520	1.510	1.602	1.574	1.573	1.583	1.575	1.403	1.379	1.262	1.171	0.634	1.538	1.547	1.582	1.584	1.560	1.589	1.564	1.528	1.477	1.219	1.242	0.774	1.512	1.528	1.535	1.534	1.540	1.529	1.533	1.499	1.437	1.286	1.076	0.868	1.544	1.551	1.539	1.556	1.562	1.594	1.558	1.465	1.497	1.271	0.897	0.819	1.570	1.466	1.494	1.511	1.512	1.537	1.502	1.476	1.523	1.256	1.158	0.947	0.108	0.122	0.112	0.110	0.112	0.132	0.110	0.113	0.111	0.109	0.108	0.115	0.123	0.129	0.119	0.118	0.119	0.119	0.119	0.116	0.115	0.121	0.119	0.121	0.118	0.122	0.120	0.125	0.117	0.117	0.119	0.117	0.117	0.120	0.129	0.123
32:01:25	37.1	1.523	1.514	1.604	1.575	1.573	1.589	1.580	1.410	1.384	1.280	1.178	0.649	1.542	1.553	1.587	1.589	1.563	1.593	1.567	1.531	1.481	1.213	1.239	0.778	1.514	1.532	1.544	1.538	1.545	1.531	1.540	1.505	1.443	1.296	1.082	0.887	1.548	1.555	1.541	1.563	1.565	1.598	1.564	1.473	1.509	1.281	0.929	0.823	1.583	1.475	1.497	1.516	1.519	1.542	1.507	1.479	1.529	1.262	1.158	0.954	0.108	0.121	0.111	0.111	0.111	0.129	0.110	0.113	0.111	0.108	0.109	0.115	0.123	0.129	0.119	0.118	0.119	0.119	0.119	0.116	0.115	0.121	0.120	0.121	0.118	0.122	0.120	0.125	0.117	0.117	0.119	0.117	0.117	0.120	0.129	0.123
33:01:26	37.1	1.527	1.521	1.607	1.577	1.576	1.590	1.585	1.413	1.387	1.276	1.169	0.657	1.546	1.557	1.592	1.593	1.566	1.596	1.572	1.536	1.482	1.207	1.228	0.790	1.517	1.538	1.549	1.540	1.556	1.537	1.543	1.510	1.448	1.298	1.096	0.906	1.551	1.561	1.544	1.567	1.571	1.601	1.573	1.483	1.520	1.286	0.958	0.847	1.588	1.489	1.502	1.525	1.526	1.546	1.514	1.485	1.535	1.264	1.159	0.961	0.108	0.122	0.111	0.111	0.112	0.130	0.114	0.113	0.110	0.108	0.108	0.114	0.123	0.129	0.119	0.118	0.119	0.119	0.119	0.116	0.115	0.121	0.119	0.121	0.118	0.122	0.120	0.125	0.117	0.117	0.119	0.117	0.117	0.120	0.129	0.123
34:01:26	37.2	1.534	1.528	1.610	1.581	1.579	1.594	1.586	1.415	1.378	1.273	1.175	0.659	1.549	1.563	1.598	1.597	1.571	1.599	1.575	1.535	1.489	1.218	1.230	0.787	1.519	1.539	1.553	1.544	1.554	1.539	1.543	1.517	1.454	1.298	1.114	0.918	1.553	1.568	1.549	1.569	1.570	1.603	1.574	1.486	1.530	1.290	0.985	0.856	1.596	1.499	1.510	1.530	1.527	1.549	1.517	1.484	1.537	1.265	1.151	0.959	0.108	0.121	0.111	0.110	0.111	0.128	0.110	0.113	0.110	0.109	0.108	0.115	0.123	0.129	0.119	0.117	0.119	0.119	0.118	0.116	0.115	0.121	0.119	0.121	0.118	0.122	0.120	0.125	0.117	0.116	0.119	0.116	0.117	0.120	0.129	0.123
35:01:26	37.1	1.535	1.530	1.614	1.583	1.582	1.596	1.591	1.415	1.391	1.276	1.170	0.659	1.551	1.567	1.602	1.602	1.575	1.603	1.579	1.539	1.490	1.220	1.226	0.786	1.524	1.544	1.557	1.550	1.558	1.541	1.545	1.517	1.459	1.299	1.111	0.933	1.555	1.569	1.552	1.570	1.575	1.605	1.578	1.488	1.534	1.297	1.003	0.860	1.603	1.513	1.525	1.533	1.538	1.552	1.521	1.487	1.542	1.266	1.151	0.960	0.108	0.122	0.111	0.110	0.112	0.127	0.110	0.112	0.111	0.109	0.108	0.115	0.123	0.129	0.119	0.117	0.119	0.119	0.118	0.116	0.115	0.121	0.119	0.121	0.118	0.122	0.119	0.125	0.116	0.116	0.119	0.116	0.117	0.119	0.128	0.123
36:01:27	37.1	1.541	1.536	1.620	1.587	1.585	1.601	1.593	1.418	1.393	1.279	1.166	0.655	1.556	1.574	1.607	1.608	1.580	1.608	1.583	1.538	1.494	1.231	1.226	0.789	1.525	1.547	1.562	1.555	1.563	1.546	1.550	1.522	1.465	1.306	1.114	0.948	1.559	1.573	1.558	1.576	1.579	1.609	1.584	1.491	1.538	1.300	1.018	0.878	1.614	1.522	1.532	1.539	1.545	1.558	1.526	1.487	1.547	1.274	1.138	0.961	0.108	0.121	0.111	0.110	0.112	0.120	0.110	0.112	0.110	0.108	0.108	0.115	0.123	0.129	0.119	0.117	0.119	0.119	0.118	0.116	0.115	0.121	0.119	0.121	0.118	0.122	0.120	0.125	0.117	0.116	0.119	0.117	0.117	0.119	0.129	0.123
37:01:27	37.1	1.543	1.539	1.620	1.591	1.588	1.603	1.597	1.419	1.396	1.269	1.171	0.665	1.559	1.574	1.612	1.611	1.584	1.612	1.587	1.540	1.500	1.226	1.227	0.802	1.530	1.552	1.564	1.557	1.567	1.547	1.554	1.526	1.471	1.311	1.116	0.959	1.560	1.579	1.559	1.576	1.582	1.610	1.586	1.492	1.544	1.303	1.037	0.888	1.616	1.532	1.535	1.550	1.550	1.562	1.527	1.489	1.550	1.276	1.131	0.968	0.108	0.121	0.111	0.110	0.111	0.129	0.109	0.111	0.110	0.108	0.108	0.115	0.123	0.129	0.119	0.117	0.119	0.119	0.118	0.116	0.115	0.121	0.119	0.121	0.118	0.122	0.119	0.125	0.116	0.116	0.119	0.116	0.117	0.119	0.129	0.123
38:01:28	37.2	1.545	1.544	1.622	1.591	1.592	1.603	1.599	1.420	1.400	1.274	1.163	0.659	1.563	1.581	1.615	1.616	1.585	1.613	1.588	1.538	1.504	1.219	1.247	0.792	1.532	1.559	1.569	1.558	1.570	1.550	1.553	1.526	1.478	1.319	1.116	0.964	1.559	1.583	1.562	1.577	1.583	1.613	1.589	1.492	1.545	1.310	1.059	0.903	1.624	1.547	1.542	1.553	1.553	1.566	1.532	1.487	1.554	1.272	1.137	0.970	0.108	0.120	0.110	0.110	0.111	0.130	0.110	0.111	0.110	0.108	0.108	0.114	0.123	0.129	0.119	0.117	0.119	0.119	0.118	0.115	0.115	0.120	0.119	0.121	0.118	0.122	0.119	0.125	0.116	0.116	0.119	0.116	0.117	0.118	0.129	0.123
39:01:28	37.1	1.551	1.549	1.627	1.597	1.595	1.608	1.602	1.422	1.398	1.266	1.159	0.668	1.566	1.585	1.619	1.621	1.590	1.619	1.591	1.541	1.500	1.238	1.241	0.800	1.538	1.561	1.574	1.563	1.573	1.555	1.557	1.529	1.477	1.314	1.127	0.967	1.565	1.587	1.567	1.584	1.586	1.616	1.592	1.494	1.544	1.318	1.074	0.904	1.633	1.561	1.552	1.561	1.560	1.570	1.537	1.488	1.555	1.262	1.153	0.983	0.108	0.121	0.110	0.110	0.111	0.123	0.109	0.111	0.111	0.108	0.109	0.114	0.123	0.129	0.118	0.117	0.119	0.118	0.118	0.115	0.115	0.120	0.119	0.121	0.118	0.122	0.119	0.125	0.116	0.116	0.118	0.116	0.117	0.118	0.128	0.123
40:01:29	37.1	1.555	1.555	1.632	1.603	1.597	1.612	1.603	1.421	1.399	1.263	1.150	0.661	1.569	1.593	1.622	1.625	1.593	1.621	1.596	1.539	1.510	1.230	1.241	0.784	1.541	1.565	1.575	1.569	1.579	1.557	1.560	1.531	1.484	1.322	1.131	0.979	1.569	1.590	1.569	1.586	1.588	1.616	1.594	1.494	1.545	1.314	1.084	0.908	1.640	1.572	1.563	1.566	1.566	1.574	1.539	1.487	1.558	1.260	1.144	0.991	0.108	0.121	0.111	0.110	0.111	0.126	0.109	0.112	0.110	0.108	0.108	0.114	0.123	0.129	0.118	0.117	0.119	0.118	0.118	0.115	0.115	0.120	0.119	0.121	0.118	0.121	0.119	0.125	0.116	0.116	0.118	0.116	0.117	0.118	0.128	0.123
41:01:30	37.1	1.564	1.560	1.635	1.605	1.600	1.615	1.606	1.421	1.404	1.260	1.145	0.677	1.577	1.593	1.628	1.627	1.597	1.625	1.599	1.540	1.506	1.238	1.237	0.797	1.550	1.574	1.580	1.572	1.584	1.560	1.562	1.534	1.485	1.331	1.130	0.995	1.570	1.592	1.575	1.589	1.592	1.620	1.595	1.494	1.542	1.315	1.087	0.917	1.647	1.581	1.568	1.571	1.571	1.579	1.544	1.485	1.559	1.244	1.133	0.990	0.108	0.121	0.110	0.109	0.111	0.125	0.110	0.112	0.110	0.108	0.107	0.114	0.123	0.129	0.118	0.117	0.119	0.118	0.117	0.115	0.115	0.120	0.119	0.121	0.118	0.122	0.119	0.125	0.116	0.116	0.118	0.116	0.117	0.118	0.128	0.123
42:01:30	37.1	1.565	1.561	1.638	1.603	1.602	1.615	1.607	1.422	1.396	1.260	1.141	0.664	1.578	1.597	1.628	1.627	1.598	1.628	1.601	1.538	1.505	1.239	1.239	0.808	1.553	1.572	1.580	1.575	1.588	1.562	1.564	1.535	1.489	1.322	1.120	0.993	1.573	1.596	1.573	1.586	1.593	1.620	1.598	1.492	1.542	1.322	1.105	0.921	1.651	1.590	1.575	1.575	1.576	1.581	1.547	1.484	1.560	1.249	1.132	0.984	0.108	0.120	0.110	0.109	0.111	0.124	0.110	0.112	0.110	0.107	0.108	0.114	0.122	0.129	0.118	0.117	0.118	0.118	0.117	0.115	0.115	0.120	0.118	0.120	0.118	0.121	0.119	0.125	0.115	0.116	0.118	0.116	0.116	0.118	0.128	0.122
43:01:30	37.1	1.570	1.566	1.639	1.607	1.608	1.617	1.610	1.424	1.401	1.265	1.144	0.680	1.586	1.600	1.632	1.634	1.605	1.631	1.604	1.539	1.510	1.239	1.257	0.801	1.557	1.580	1.590	1.575	1.591	1.566	1.567	1.537	1.495	1.333	1.140	1.010	1.577	1.596	1.580	1.596	1.598	1.624	1.602	1.490	1.541	1.336	1.122	0.929	1.658	1.599	1.586	1.582	1.581	1.586	1.552	1.483	1.563	1.258	1.135	0.975	0.107	0.119	0.110	0.109	0.111	0.124	0.110	0.112	0.110	0.107	0.109	0.114	0.122	0.128	0.118	0.117	0.119	0.118	0.117	0.115	0.115	0.120	0.118	0.120	0.118	0.121	0.119	0.125	0.116	0.116	0.118	0.116	0.117	0.118	0.129	0.122
44:01:30	37.1	1.571	1.567	1.643	1.608	1.610	1.619	1.611	1.425	1.399	1.256	1.129	0.661	1.590	1.603	1.637	1.637	1.605	1.633	1.605	1.540	1.511	1.252	1.256	0.806	1.564	1.586	1.593	1.584	1.596	1.565	1.570	1.539	1.498	1.328	1.118	1.020	1.577	1.602	1.583	1.597	1.595	1.623	1.602	1.488	1.541	1.340	1.133	0.938	1.662	1.610	1.594	1.588	1.588	1.589	1.555	1.480	1.566	1.262	1.136	0.967	0.108	0.120	0.110	0.111	0.111	0.124	0.110	0.111	0.110	0.107	0.107	0.114	0.121	0.128	0.118	0.117	0.118	0.118	0.117	0.115	0.114	0.120	0.118	0.120	0.118	0.121	0.119	0.125	0.115	0.116	0.118	0.116	0.116	0.118	0.128	0.122
45:01:30	37.1	1.575	1.572	1.646	1.612	1.609	1.619	1.611	1.425	1.403	1.265	1.118	0.661	1.593	1.609	1.640	1.641	1.609	1.636	1.608	1.538	1.518	1.256	1.262	0.792	1.568	1.589	1.598	1.585	1.595	1.568	1.570	1.540	1.502	1.337	1.114	1.017	1.583	1.599	1.586	1.596	1.598	1.626	1.603	1.486	1.539	1.339	1.140	0.941	1.666	1.618	1.600	1.593	1.592	1.593	1.557	1.478	1.566	1.258	1.151	0.967	0.108	0.120	0.110	0.109	0.111	0.126	0.111	0.111	0.110	0.107	0.107	0.114	0.121	0.128	0.118	0.117	0.118	0.118	0.117	0.115	0.114	0.120	0.118	0.120	0.117	0.121	0.119	0.125	0.115	0.116	0.118	0.116	0.116	0.118	0.128	0.122
46:01:31	37.1	1.581	1.573	1.647	1.612	1.612	1.623	1.614	1.427	1.404	1.260	1.113	0.660	1.600	1.609	1.644	1.642	1.611	1.639	1.610	1.540	1.514	1.242	1.269	0.792	1.572	1.594	1.601	1.587	1.603	1.570	1.573	1.537	1.503	1.348	1.126	1.023	1.587	1.605	1.587	1.603	1.600	1.628	1.604	1.485	1.538	1.343	1.157	0.947	1.671	1.620	1.606	1.597	1.597	1.597	1.560	1.480	1.567	1.277	1.142	0.983	0.108	0.120	0.110	0.110	0.111	0.125	0.111	0.111	0.110	0.107	0.108	0.114	0.121	0.128	0.118	0.117	0.118	0.118	0.117	0.115	0.114	0.120	0.118	0.120	0.117	0.121	0.119	0.125	0.115	0.116	0.118	0.116	0.117	0.118	0.128	0.122
47:01:31	37.1	1.589	1.573	1.651	1.615	1.615	1.630	1.617	1.428	1.407	1.250	1.108	0.650	1.604	1.614	1.647	1.647	1.616	1.643	1.613	1.536	1.515	1.230	1.266	0.783	1.581	1.600	1.603	1.591	1.605	1.574	1.575	1.539	1.505	1.351	1.134	1.019	1.592	1.604	1.591	1.606	1.603	1.628	1.606	1.482	1.538	1.346	1.164	0.953	1.679	1.630	1.618	1.606	1.604	1.602	1.566	1.479	1.565	1.285	1.137	0.978	0.108	0.119	0.110	0.110	0.111	0.121	0.109	0.111	0.110	0.107	0.107	0.113	0.121	0.128	0.118	0.117	0.119	0.118	0.117	0.115	0.114	0.120	0.118	0.120	0.118	0.121	0.119	0.125	0.116	0.116	0.118	0.116	0.116	0.118	0.128	0.122
48:01:33	37.1	1.593	1.579	1.655	1.622	1.620	1.628	1.619	1.429	1.407	1.250	1.105	0.647	1.609	1.618	1.650	1.650	1.619	1.646	1.615	1.536	1.523	1.246	1.260	0.767	1.586	1.598	1.608	1.592	1.607	1.578	1.577	1.540	1.505	1.360	1.145	1.024	1.598	1.606	1.597	1.604	1.604	1.629	1.605	1.480	1.536	1.353	1.168	0.952	1.681	1.635	1.624	1.611	1.608	1.605	1.568	1.480	1.566	1.290	1.137	0.982	0.108	0.119	0.110	0.109	0.111	0.124	0.109	0.111	0.110	0.107	0.107	0.113	0.121	0.128	0.117	0.117	0.118	0.118	0.117	0.115	0.114	0.120	0.118	0.120	0.117	0.121	0.119	0.125	0.115	0.116	0.118	0.116	0.117	0.118	0.128	0.122

Results
	1	2	3	4	5	6	7	8	9	10	11	12
A	2.390	2.195	5.269	5.440	5.416	5.551	5.544	4.994	3.765	3.379	2.903	0.575	Max V [578]
	0.986	0.968	0.973	0.954	0.968	0.952	0.940	0.949	0.982	0.982	0.983	0.982	R-Squared [578]
	6:01:08	5:01:08	6:01:08	6:01:08	6:01:08	6:01:08	6:01:08	6:01:08	7:01:09	8:01:10	9:01:10	14:01:13	t at Max V [578]
	3:30:57	3:10:34	4:05:54	4:03:45	3:59:10	3:56:12	3:49:32	3:51:11	4:13:57	5:29:10	6:08:30	5:54:14	Lagtime [578]
B	2.677	2.437	5.322	5.569	5.577	5.578	5.554	5.121	4.227	3.275	3.164	0.975	Max V [578]
	0.993	0.985	0.968	0.950	0.947	0.951	0.931	0.947	0.983	0.977	0.971	0.992	R-Squared [578]
	6:01:08	9:01:10	6:01:08	6:01:08	6:01:08	6:01:08	6:01:08	6:01:08	6:01:08	9:01:10	9:01:10	14:01:13	t at Max V [578]
	3:39:41	3:44:29	4:09:41	4:04:21	3:56:29	3:56:21	3:51:00	3:52:02	4:04:13	6:03:27	6:12:09	7:52:08	Lagtime [578]
C	2.504	2.366	4.283	4.173	4.193	4.913	4.892	4.609	4.174	3.556	2.059	0.639	Max V [578]
	0.991	0.976	0.993	0.989	0.984	0.974	0.983	0.968	0.987	0.965	0.977	0.993	R-Squared [578]
	10:01:11	6:01:08	7:01:09	7:01:09	6:01:08	6:01:08	6:01:08	6:01:08	7:01:09	9:01:10	11:01:12	16:01:14	t at Max V [578]
	3:53:37	3:40:49	4:12:21	4:08:51	4:04:05	4:05:18	4:07:11	4:01:49	4:35:05	6:08:19	7:14:01	6:33:06	Lagtime [578]
D	3.447	2.545	4.605	4.914	4.888	5.663	5.244	4.449	4.307	3.359	0.856	0.609	Max V [578]
	0.991	0.979	0.988	0.984	0.970	0.945	0.964	0.974	0.983	0.962	0.999	0.992	R-Squared [578]
	8:01:10	9:01:10	6:01:08	6:01:08	6:01:08	6:01:08	6:01:08	6:01:08	6:01:08	9:01:10	6:01:08	15:01:13	t at Max V [578]
	4:11:20	3:32:20	3:58:31	3:57:30	4:03:51	3:52:21	3:51:42	4:03:18	3:55:45	6:03:31	3:24:32	5:45:50	Lagtime [578]
E	2.458	2.731	4.307	4.455	4.377	5.480	5.182	5.220	4.673	2.798	2.389	1.280	Max V [578]
	0.974	0.964	0.988	0.983	0.989	0.965	0.962	0.935	0.958	0.998	0.988	0.992	R-Squared [578]
	6:01:08	5:01:08	6:01:08	6:01:08	6:01:08	6:01:08	6:01:08	6:01:08	6:01:08	8:01:10	10:01:11	13:01:12	t at Max V [578]
	3:30:46	3:15:10	3:53:51	3:51:23	3:53:40	3:55:07	3:49:53	3:52:18	3:53:44	5:08:52	6:14:23	8:33:09	Lagtime [578]
F	-0.015	-0.028	-0.008	-0.041	-0.006	-0.037	-0.023	-0.016	-0.009	-0.032	-0.007	-0.006	Max V [578]
	0.843	0.971	0.966	0.917	0.909	0.748	0.933	0.915	0.906	0.980	0.750	0.672	R-Squared [578]
	2:01:06	18:01:15	6:01:08	2:01:06	5:01:08	34:01:26	2:01:06	2:01:06	2:01:06	2:01:06	2:01:06	14:01:13	t at Max V [578]
	?????	14:51:19	?????	?????	?????	36:42:53	?????	?????	?????	?????	?????	8:16:59	Lagtime [578]
G	-0.007	-0.010	-0.009	-0.004	-0.006	-0.006	-0.009	-0.010	-0.017	-0.009	-0.006	-0.003	Max V [578]
	0.962	0.902	0.931	0.898	0.922	0.963	0.862	0.854	0.966	0.995	0.950	0.603	R-Squared [578]
	23:01:19	2:01:06	2:01:06	2:01:06	9:01:10	16:01:14	2:01:06	3:01:07	2:01:06	7:01:09	2:01:06	2:01:06	t at Max V [578]
	9:31:08	0:04:58	0:01:05	?????	3:04:32	7:48:54	?????	0:35:56	?????	0:28:22	?????	?????	Lagtime [578]
H	-0.005	-0.004	-0.010	-0.006	-0.005	-0.007	-0.010	-0.005	-0.014	-0.006	-0.008	-0.004	Max V [578]
	0.935	0.770	0.966	0.864	0.985	0.855	0.943	0.997	0.975	0.931	0.981	0.908	R-Squared [578]
	2:01:06	2:01:06	2:01:06	2:01:06	6:01:08	2:01:06	2:01:06	8:01:10	9:01:10	2:01:06	20:01:16	2:01:06	t at Max V [578]
	?????	?????	?????	?????	0:04:50	?????	?????	2:26:33	2:10:30	?????	9:27:33	?????	Lagtime [578]



Software Version	3.12.08



Experiment File Path:	C:\Users\Sarela\Documents\Rita Pires\Exp31_RP_2plates_part1_04042024.xpt
Protocol File Path:	C:\Users\Public\Documents\Protocols\New_96well_578_24H.prt



Plate Number	Plate 2
Date	4/4/2024
Time	4:29:43 PM
Reader Type:	Epoch 2
Reader Serial Number:	2202232E
Reading Type	Reader

Procedure Details

Plate Type	96 WELL PLATE
Discontinuous Kinetics	Runtime 2:00:00 (D:HH:MM), Interval 0:01:00, 49 Reads
Eject plate on completion	
Set Temperature	Setpoint 37°C, Gradient 0 °C
Shake	Double Orbital: 0:01:01 (HH:MM:SS)
	Frequency: 282 cpm (3 mm)
Read	Absorbance Endpoint
	Full Plate
	Wavelengths:  578
	Read Speed: Normal,  Delay: 100 msec,  Measurements/Data Point: 8

578

Time	T° 578	A1	A2	A3	A4	A5	A6	A7	A8	A9	A10	A11	A12	B1	B2	B3	B4	B5	B6	B7	B8	B9	B10	B11	B12	C1	C2	C3	C4	C5	C6	C7	C8	C9	C10	C11	C12	D1	D2	D3	D4	D5	D6	D7	D8	D9	D10	D11	D12	E1	E2	E3	E4	E5	E6	E7	E8	E9	E10	E11	E12	F1	F2	F3	F4	F5	F6	F7	F8	F9	F10	F11	F12	G1	G2	G3	G4	G5	G6	G7	G8	G9	G10	G11	G12	H1	H2	H3	H4	H5	H6	H7	H8	H9	H10	H11	H12
0:01:05	37.1	0.134	0.122	0.117	0.125	0.116	0.121	0.115	0.125	0.118	0.121	0.134	0.116	0.126	0.137	0.131	0.124	0.117	0.127	0.141	0.128	0.115	0.114	0.129	0.119	0.124	0.119	0.127	0.129	0.122	0.134	0.133	0.148	0.118	0.117	0.129	0.121	0.129	0.119	0.121	0.135	0.127	0.124	0.124	0.126	0.115	0.136	0.126	0.118	0.136	0.129	0.126	0.119	0.138	0.126	0.126	0.119	0.112	0.122	0.119	0.124	0.134	0.119	0.129	0.133	0.127	0.138	0.124	0.118	0.126	0.117	0.131	0.131	0.126	0.126	0.122	0.121	0.127	0.123	0.127	0.120	0.118	0.121	0.125	0.118	0.121	0.129	0.125	0.118	0.117	0.124	0.124	0.125	0.117	0.124	0.122	0.124
1:01:05	37.1	0.132	0.121	0.118	0.124	0.114	0.118	0.115	0.121	0.118	0.119	0.130	0.116	0.125	0.135	0.129	0.123	0.117	0.126	0.134	0.127	0.116	0.114	0.125	0.119	0.124	0.118	0.125	0.126	0.122	0.131	0.132	0.140	0.118	0.117	0.128	0.122	0.132	0.119	0.121	0.132	0.127	0.123	0.121	0.129	0.116	0.128	0.125	0.119	0.133	0.125	0.128	0.120	0.136	0.125	0.125	0.119	0.114	0.123	0.118	0.123	0.133	0.118	0.128	0.132	0.126	0.135	0.124	0.118	0.126	0.116	0.130	0.130	0.125	0.125	0.121	0.120	0.126	0.122	0.126	0.119	0.117	0.120	0.124	0.117	0.120	0.128	0.124	0.117	0.117	0.123	0.123	0.124	0.117	0.123	0.121	0.124
2:01:06	37.1	0.136	0.126	0.122	0.126	0.117	0.122	0.119	0.124	0.122	0.122	0.132	0.118	0.128	0.139	0.133	0.128	0.121	0.129	0.137	0.130	0.120	0.118	0.127	0.122	0.128	0.121	0.128	0.128	0.125	0.133	0.135	0.140	0.121	0.120	0.130	0.124	0.140	0.123	0.124	0.136	0.132	0.128	0.125	0.133	0.121	0.130	0.129	0.122	0.135	0.128	0.133	0.125	0.139	0.129	0.128	0.124	0.118	0.127	0.121	0.125	0.133	0.118	0.128	0.132	0.126	0.134	0.124	0.118	0.125	0.116	0.129	0.130	0.124	0.125	0.121	0.120	0.126	0.122	0.126	0.119	0.117	0.120	0.124	0.117	0.120	0.127	0.124	0.117	0.117	0.123	0.123	0.124	0.117	0.123	0.121	0.124
3:01:06	37.2	0.152	0.141	0.137	0.139	0.131	0.136	0.134	0.136	0.134	0.133	0.140	0.123	0.145	0.152	0.145	0.141	0.134	0.141	0.150	0.142	0.132	0.129	0.135	0.131	0.141	0.133	0.140	0.140	0.138	0.144	0.147	0.149	0.131	0.129	0.138	0.129	0.143	0.138	0.138	0.150	0.145	0.142	0.138	0.148	0.137	0.142	0.139	0.128	0.151	0.144	0.150	0.141	0.153	0.145	0.143	0.140	0.132	0.139	0.131	0.129	0.133	0.118	0.128	0.132	0.126	0.133	0.124	0.118	0.125	0.116	0.129	0.130	0.125	0.125	0.121	0.120	0.126	0.122	0.126	0.119	0.117	0.120	0.124	0.117	0.120	0.127	0.124	0.117	0.117	0.122	0.123	0.124	0.117	0.123	0.121	0.124
4:01:06	37.1	0.205	0.195	0.192	0.187	0.184	0.186	0.180	0.175	0.169	0.159	0.165	0.134	0.192	0.199	0.190	0.191	0.177	0.181	0.193	0.170	0.166	0.154	0.158	0.143	0.188	0.177	0.180	0.181	0.175	0.180	0.186	0.183	0.159	0.152	0.155	0.139	0.191	0.186	0.182	0.202	0.190	0.190	0.185	0.200	0.185	0.172	0.165	0.141	0.201	0.191	0.212	0.194	0.204	0.190	0.190	0.186	0.170	0.167	0.152	0.142	0.133	0.118	0.127	0.131	0.126	0.132	0.124	0.117	0.125	0.116	0.128	0.130	0.124	0.125	0.120	0.120	0.125	0.122	0.126	0.119	0.117	0.120	0.123	0.117	0.120	0.127	0.123	0.117	0.117	0.122	0.123	0.124	0.117	0.122	0.121	0.123
5:01:07	37.2	0.345	0.336	0.343	0.369	0.368	0.389	0.385	0.377	0.257	0.209	0.202	0.152	0.321	0.308	0.343	0.366	0.345	0.347	0.366	0.373	0.273	0.202	0.201	0.160	0.313	0.296	0.307	0.308	0.300	0.313	0.343	0.306	0.228	0.195	0.188	0.155	0.318	0.317	0.323	0.374	0.329	0.401	0.376	0.342	0.335	0.217	0.208	0.160	0.333	0.324	0.405	0.373	0.353	0.360	0.364	0.380	0.360	0.212	0.187	0.155	0.132	0.118	0.127	0.131	0.126	0.131	0.124	0.117	0.125	0.116	0.128	0.130	0.124	0.125	0.120	0.120	0.125	0.121	0.126	0.119	0.116	0.120	0.123	0.117	0.120	0.126	0.123	0.117	0.117	0.121	0.123	0.123	0.117	0.122	0.121	0.123
6:01:07	37.1	0.566	0.554	0.602	0.642	0.768	0.879	1.009	0.874	0.506	0.276	0.254	0.175	0.543	0.509	0.596	0.727	0.858	0.822	0.903	0.934	0.628	0.266	0.251	0.184	0.543	0.502	0.533	0.586	0.575	0.629	0.710	0.724	0.403	0.255	0.228	0.179	0.507	0.532	0.666	0.714	0.724	1.017	0.856	0.654	0.654	0.284	0.256	0.183	0.543	0.546	0.760	0.730	0.678	0.848	0.854	0.907	0.833	0.271	0.231	0.176	0.131	0.118	0.127	0.131	0.126	0.130	0.124	0.117	0.125	0.116	0.128	0.130	0.124	0.125	0.119	0.120	0.125	0.122	0.126	0.118	0.116	0.120	0.123	0.117	0.120	0.126	0.123	0.117	0.117	0.121	0.123	0.124	0.117	0.122	0.121	0.123
7:01:08	37.1	0.694	0.683	1.060	1.152	1.252	1.280	1.281	1.107	0.761	0.364	0.311	0.202	0.711	0.667	1.013	1.273	1.300	1.289	1.270	1.126	0.877	0.326	0.302	0.210	0.730	0.677	0.792	0.970	1.000	1.004	1.120	0.966	0.708	0.332	0.276	0.203	0.660	0.671	1.071	1.188	1.113	1.313	1.269	1.016	0.957	0.358	0.310	0.211	0.711	0.679	1.051	1.061	1.032	1.278	1.266	1.150	1.007	0.349	0.277	0.198	0.130	0.118	0.127	0.131	0.126	0.129	0.123	0.117	0.125	0.116	0.127	0.129	0.124	0.125	0.119	0.119	0.125	0.122	0.125	0.118	0.116	0.120	0.123	0.117	0.120	0.126	0.123	0.117	0.117	0.121	0.123	0.123	0.117	0.122	0.121	0.122
8:01:09	37.1	0.780	0.726	1.359	1.306	1.364	1.368	1.367	1.242	0.973	0.540	0.377	0.232	0.799	0.708	1.382	1.415	1.372	1.401	1.363	1.257	1.054	0.424	0.366	0.241	0.820	0.723	1.164	1.210	1.214	1.233	1.311	1.106	0.927	0.465	0.324	0.236	0.875	0.728	1.292	1.325	1.291	1.420	1.376	1.206	1.181	0.426	0.360	0.243	0.769	0.712	1.224	1.236	1.234	1.393	1.375	1.294	1.163	0.583	0.337	0.226	0.129	0.118	0.127	0.131	0.126	0.128	0.124	0.117	0.125	0.116	0.127	0.129	0.124	0.125	0.119	0.119	0.125	0.122	0.125	0.118	0.116	0.120	0.122	0.117	0.120	0.126	0.123	0.117	0.117	0.121	0.123	0.123	0.116	0.122	0.121	0.122
9:01:10	37.3	0.903	0.858	1.433	1.383	1.397	1.396	1.403	1.306	1.127	0.815	0.548	0.261	0.961	0.816	1.446	1.456	1.417	1.437	1.403	1.347	1.206	0.701	0.451	0.272	0.938	0.828	1.329	1.294	1.320	1.313	1.364	1.236	1.119	0.781	0.364	0.267	1.147	0.937	1.359	1.377	1.367	1.450	1.412	1.260	1.259	0.516	0.410	0.273	0.843	0.759	1.310	1.311	1.315	1.429	1.406	1.349	1.286	0.840	0.479	0.260	0.129	0.118	0.127	0.131	0.126	0.128	0.123	0.117	0.124	0.116	0.127	0.129	0.124	0.125	0.119	0.119	0.125	0.122	0.125	0.118	0.116	0.120	0.122	0.117	0.119	0.126	0.123	0.117	0.117	0.121	0.123	0.123	0.116	0.121	0.120	0.121
10:01:11	37.3	1.046	1.006	1.446	1.407	1.412	1.392	1.404	1.325	1.223	1.016	0.793	0.288	1.097	1.006	1.474	1.476	1.444	1.450	1.434	1.378	1.288	0.941	0.713	0.301	1.097	0.978	1.393	1.358	1.383	1.364	1.389	1.326	1.221	1.061	0.409	0.300	1.332	1.144	1.401	1.412	1.423	1.468	1.426	1.278	1.286	0.711	0.462	0.303	0.986	0.834	1.348	1.349	1.350	1.439	1.408	1.361	1.351	1.010	0.676	0.299	0.129	0.117	0.127	0.131	0.125	0.127	0.123	0.117	0.124	0.116	0.127	0.129	0.124	0.124	0.118	0.119	0.125	0.121	0.125	0.118	0.116	0.120	0.121	0.117	0.120	0.125	0.123	0.117	0.117	0.121	0.123	0.123	0.116	0.121	0.120	0.121
11:01:11	37.2	1.202	1.126	1.464	1.423	1.442	1.410	1.397	1.339	1.269	1.121	0.966	0.314	1.242	1.157	1.503	1.492	1.466	1.456	1.443	1.393	1.329	1.067	0.910	0.321	1.230	1.120	1.429	1.401	1.426	1.393	1.401	1.349	1.281	1.157	0.488	0.332	1.415	1.262	1.417	1.439	1.445	1.481	1.436	1.290	1.311	0.824	0.537	0.332	1.137	0.946	1.375	1.372	1.373	1.443	1.408	1.347	1.375	1.106	0.831	0.371	0.129	0.118	0.127	0.131	0.125	0.127	0.123	0.117	0.124	0.116	0.126	0.129	0.123	0.124	0.118	0.119	0.125	0.121	0.125	0.118	0.116	0.119	0.122	0.117	0.120	0.125	0.123	0.117	0.117	0.121	0.123	0.123	0.116	0.121	0.120	0.121
12:01:11	37.1	1.298	1.207	1.486	1.443	1.452	1.419	1.403	1.328	1.276	1.167	1.057	0.343	1.332	1.251	1.508	1.510	1.476	1.466	1.448	1.388	1.342	1.138	1.005	0.344	1.340	1.238	1.453	1.416	1.444	1.404	1.409	1.360	1.309	1.217	0.591	0.363	1.472	1.353	1.430	1.447	1.463	1.489	1.441	1.306	1.323	0.912	0.599	0.366	1.261	1.023	1.391	1.392	1.395	1.447	1.410	1.349	1.383	1.152	0.920	0.509	0.129	0.117	0.127	0.131	0.125	0.126	0.123	0.117	0.124	0.116	0.126	0.129	0.123	0.124	0.118	0.119	0.125	0.121	0.125	0.118	0.115	0.119	0.121	0.117	0.119	0.125	0.123	0.117	0.117	0.120	0.122	0.123	0.116	0.121	0.120	0.121
13:01:12	37.2	1.362	1.270	1.503	1.466	1.471	1.433	1.419	1.337	1.288	1.188	1.094	0.375	1.385	1.323	1.521	1.524	1.483	1.474	1.453	1.399	1.347	1.167	1.056	0.369	1.408	1.337	1.466	1.440	1.462	1.411	1.415	1.370	1.317	1.241	0.655	0.404	1.480	1.406	1.446	1.456	1.478	1.499	1.448	1.315	1.334	0.950	0.653	0.409	1.344	1.110	1.406	1.410	1.409	1.455	1.414	1.352	1.391	1.185	0.976	0.617	0.128	0.117	0.126	0.130	0.125	0.125	0.123	0.117	0.124	0.115	0.126	0.129	0.123	0.124	0.118	0.119	0.124	0.121	0.124	0.117	0.115	0.119	0.121	0.117	0.119	0.124	0.123	0.117	0.116	0.120	0.122	0.123	0.116	0.121	0.120	0.120
14:01:13	37.2	1.391	1.314	1.513	1.482	1.483	1.443	1.421	1.344	1.301	1.198	1.129	0.415	1.413	1.364	1.528	1.531	1.489	1.485	1.455	1.403	1.356	1.181	1.097	0.391	1.440	1.391	1.488	1.453	1.478	1.428	1.423	1.371	1.322	1.254	0.692	0.441	1.492	1.438	1.458	1.462	1.487	1.506	1.459	1.318	1.345	0.974	0.680	0.450	1.394	1.175	1.424	1.431	1.428	1.465	1.419	1.355	1.401	1.197	1.010	0.692	0.128	0.117	0.126	0.131	0.125	0.125	0.123	0.117	0.124	0.115	0.126	0.129	0.123	0.124	0.118	0.119	0.124	0.121	0.124	0.117	0.115	0.119	0.121	0.117	0.119	0.124	0.123	0.117	0.116	0.120	0.122	0.123	0.116	0.121	0.120	0.120
15:01:13	37.3	1.415	1.350	1.525	1.495	1.495	1.447	1.440	1.346	1.314	1.207	1.130	0.434	1.435	1.393	1.537	1.540	1.501	1.493	1.467	1.407	1.361	1.189	1.125	0.410	1.457	1.431	1.498	1.470	1.488	1.436	1.433	1.376	1.334	1.258	0.725	0.471	1.498	1.460	1.468	1.475	1.495	1.517	1.466	1.332	1.353	0.982	0.708	0.477	1.426	1.228	1.438	1.444	1.444	1.476	1.428	1.361	1.408	1.209	1.027	0.754	0.128	0.117	0.126	0.130	0.125	0.125	0.123	0.117	0.124	0.115	0.126	0.129	0.123	0.124	0.118	0.118	0.124	0.121	0.124	0.117	0.115	0.119	0.121	0.117	0.119	0.124	0.123	0.117	0.116	0.119	0.122	0.123	0.116	0.121	0.120	0.120
16:01:13	37.3	1.433	1.374	1.536	1.505	1.506	1.464	1.445	1.357	1.321	1.215	1.142	0.454	1.451	1.417	1.542	1.545	1.513	1.507	1.474	1.418	1.370	1.202	1.123	0.442	1.467	1.446	1.511	1.483	1.497	1.450	1.439	1.389	1.341	1.270	0.754	0.511	1.511	1.476	1.482	1.487	1.510	1.523	1.474	1.335	1.367	1.001	0.732	0.503	1.444	1.261	1.447	1.458	1.454	1.485	1.436	1.367	1.413	1.219	1.038	0.801	0.128	0.117	0.126	0.130	0.125	0.125	0.123	0.117	0.124	0.115	0.126	0.129	0.123	0.124	0.118	0.119	0.124	0.121	0.124	0.117	0.115	0.119	0.120	0.117	0.119	0.124	0.123	0.117	0.116	0.119	0.122	0.123	0.116	0.121	0.119	0.120
17:01:13	37.2	1.446	1.391	1.544	1.518	1.517	1.476	1.456	1.356	1.324	1.226	1.144	0.472	1.461	1.436	1.546	1.550	1.523	1.517	1.477	1.423	1.378	1.205	1.135	0.461	1.472	1.459	1.517	1.494	1.507	1.459	1.446	1.397	1.348	1.279	0.766	0.535	1.516	1.485	1.488	1.500	1.521	1.536	1.478	1.342	1.372	1.012	0.748	0.529	1.463	1.289	1.450	1.463	1.460	1.497	1.444	1.374	1.420	1.224	1.056	0.844	0.128	0.117	0.126	0.130	0.125	0.124	0.122	0.117	0.123	0.115	0.126	0.129	0.123	0.124	0.118	0.118	0.124	0.121	0.124	0.117	0.115	0.119	0.120	0.116	0.119	0.124	0.123	0.116	0.116	0.118	0.121	0.123	0.116	0.121	0.119	0.120
18:01:14	37.1	1.452	1.406	1.549	1.528	1.528	1.484	1.462	1.362	1.328	1.218	1.155	0.484	1.469	1.448	1.549	1.553	1.532	1.525	1.488	1.429	1.383	1.206	1.141	0.485	1.475	1.470	1.522	1.503	1.514	1.474	1.454	1.405	1.351	1.284	0.787	0.566	1.521	1.495	1.494	1.509	1.523	1.538	1.488	1.351	1.380	1.030	0.782	0.561	1.471	1.310	1.453	1.467	1.465	1.508	1.452	1.382	1.428	1.236	1.070	0.877	0.128	0.117	0.125	0.130	0.125	0.124	0.123	0.117	0.124	0.115	0.126	0.129	0.123	0.124	0.118	0.118	0.124	0.121	0.124	0.117	0.115	0.119	0.120	0.117	0.119	0.124	0.123	0.117	0.116	0.118	0.121	0.123	0.116	0.121	0.119	0.120
19:01:15	37.1	1.461	1.420	1.556	1.533	1.535	1.491	1.469	1.364	1.333	1.223	1.154	0.499	1.477	1.459	1.552	1.557	1.538	1.533	1.493	1.437	1.388	1.209	1.146	0.505	1.481	1.473	1.521	1.504	1.518	1.483	1.452	1.415	1.360	1.284	0.790	0.601	1.525	1.502	1.500	1.515	1.532	1.545	1.490	1.352	1.382	1.030	0.814	0.590	1.483	1.327	1.458	1.470	1.471	1.514	1.458	1.389	1.434	1.239	1.075	0.908	0.127	0.117	0.125	0.130	0.125	0.124	0.122	0.117	0.123	0.115	0.125	0.128	0.123	0.124	0.118	0.118	0.123	0.121	0.123	0.117	0.115	0.119	0.120	0.116	0.119	0.123	0.123	0.116	0.116	0.118	0.121	0.122	0.116	0.121	0.118	0.120
20:01:16	37.2	1.468	1.432	1.560	1.539	1.543	1.502	1.479	1.366	1.341	1.233	1.164	0.518	1.482	1.469	1.556	1.562	1.544	1.543	1.505	1.444	1.390	1.216	1.149	0.536	1.482	1.482	1.524	1.504	1.524	1.493	1.464	1.422	1.364	1.295	0.806	0.638	1.529	1.509	1.506	1.523	1.537	1.555	1.495	1.358	1.393	1.045	0.854	0.619	1.493	1.349	1.462	1.477	1.475	1.521	1.470	1.395	1.442	1.248	1.084	0.931	0.127	0.117	0.125	0.130	0.125	0.124	0.122	0.117	0.123	0.115	0.125	0.129	0.123	0.124	0.118	0.118	0.123	0.121	0.123	0.117	0.115	0.119	0.120	0.116	0.119	0.123	0.123	0.117	0.116	0.118	0.121	0.123	0.116	0.121	0.118	0.120
21:01:17	37.1	1.475	1.444	1.564	1.550	1.548	1.509	1.484	1.368	1.347	1.231	1.174	0.527	1.488	1.480	1.562	1.568	1.552	1.550	1.516	1.457	1.399	1.228	1.157	0.551	1.486	1.485	1.527	1.510	1.528	1.502	1.481	1.435	1.375	1.305	0.824	0.669	1.533	1.515	1.514	1.528	1.544	1.565	1.507	1.364	1.401	1.061	0.881	0.644	1.498	1.362	1.466	1.483	1.481	1.526	1.481	1.404	1.450	1.253	1.089	0.949	0.127	0.117	0.125	0.130	0.125	0.124	0.122	0.117	0.123	0.115	0.125	0.128	0.123	0.124	0.118	0.118	0.123	0.121	0.123	0.116	0.115	0.119	0.120	0.116	0.119	0.123	0.123	0.116	0.116	0.118	0.121	0.122	0.116	0.121	0.118	0.120
22:01:17	37.2	1.482	1.455	1.569	1.551	1.553	1.519	1.492	1.362	1.344	1.237	1.167	0.539	1.494	1.488	1.563	1.571	1.557	1.556	1.529	1.471	1.408	1.227	1.165	0.566	1.488	1.491	1.526	1.514	1.531	1.505	1.490	1.444	1.381	1.311	0.844	0.702	1.538	1.523	1.517	1.535	1.550	1.571	1.511	1.374	1.408	1.071	0.915	0.669	1.503	1.381	1.470	1.485	1.487	1.531	1.491	1.413	1.460	1.257	1.098	0.962	0.126	0.117	0.125	0.130	0.125	0.124	0.122	0.117	0.123	0.115	0.125	0.128	0.123	0.124	0.118	0.118	0.123	0.121	0.123	0.116	0.115	0.118	0.120	0.116	0.119	0.123	0.123	0.116	0.116	0.118	0.121	0.122	0.116	0.121	0.118	0.120
23:01:17	37.2	1.484	1.466	1.572	1.556	1.558	1.529	1.503	1.369	1.346	1.236	1.165	0.561	1.497	1.495	1.569	1.574	1.562	1.561	1.538	1.477	1.410	1.224	1.167	0.579	1.492	1.498	1.528	1.518	1.535	1.512	1.502	1.451	1.386	1.313	0.862	0.739	1.540	1.528	1.526	1.541	1.556	1.581	1.521	1.380	1.419	1.087	0.953	0.694	1.513	1.395	1.480	1.490	1.497	1.540	1.498	1.420	1.469	1.265	1.105	0.987	0.126	0.117	0.125	0.130	0.125	0.124	0.122	0.117	0.122	0.115	0.125	0.127	0.123	0.124	0.118	0.118	0.123	0.121	0.123	0.116	0.115	0.118	0.120	0.116	0.119	0.123	0.123	0.116	0.116	0.118	0.121	0.122	0.116	0.121	0.118	0.120
24:01:19	37.2	1.491	1.476	1.577	1.561	1.565	1.542	1.510	1.370	1.349	1.243	1.171	0.574	1.502	1.506	1.573	1.580	1.566	1.569	1.548	1.485	1.421	1.237	1.176	0.587	1.498	1.502	1.531	1.518	1.541	1.515	1.510	1.463	1.395	1.327	0.896	0.763	1.544	1.535	1.534	1.545	1.563	1.587	1.529	1.386	1.430	1.096	0.982	0.716	1.516	1.404	1.483	1.498	1.503	1.545	1.506	1.427	1.477	1.270	1.111	1.002	0.124	0.117	0.125	0.129	0.125	0.124	0.121	0.117	0.122	0.115	0.125	0.127	0.122	0.124	0.117	0.118	0.123	0.120	0.123	0.116	0.115	0.118	0.120	0.116	0.119	0.123	0.123	0.116	0.116	0.118	0.121	0.122	0.116	0.121	0.118	0.120
25:01:20	37.1	1.496	1.482	1.582	1.563	1.566	1.549	1.524	1.374	1.353	1.242	1.169	0.597	1.505	1.512	1.579	1.583	1.570	1.573	1.555	1.493	1.423	1.234	1.178	0.593	1.500	1.510	1.535	1.520	1.543	1.519	1.521	1.476	1.405	1.332	0.913	0.786	1.546	1.539	1.535	1.550	1.570	1.595	1.538	1.392	1.434	1.115	1.015	0.742	1.525	1.419	1.490	1.501	1.514	1.548	1.511	1.436	1.486	1.275	1.117	1.016	0.123	0.117	0.125	0.129	0.125	0.124	0.121	0.117	0.122	0.115	0.125	0.127	0.122	0.124	0.118	0.118	0.123	0.121	0.123	0.116	0.115	0.118	0.120	0.116	0.119	0.123	0.123	0.116	0.117	0.118	0.121	0.122	0.116	0.121	0.118	0.120
26:01:21	37.1	1.501	1.492	1.584	1.568	1.570	1.554	1.530	1.375	1.357	1.241	1.169	0.616	1.509	1.521	1.582	1.586	1.577	1.576	1.563	1.498	1.431	1.234	1.171	0.607	1.504	1.515	1.538	1.523	1.546	1.523	1.526	1.482	1.415	1.334	0.947	0.813	1.548	1.545	1.543	1.557	1.574	1.602	1.546	1.401	1.446	1.126	1.045	0.764	1.533	1.427	1.495	1.509	1.522	1.554	1.520	1.443	1.493	1.277	1.121	1.027	0.123	0.117	0.124	0.129	0.125	0.124	0.120	0.117	0.121	0.115	0.125	0.126	0.122	0.124	0.117	0.118	0.123	0.121	0.123	0.116	0.114	0.117	0.119	0.116	0.119	0.123	0.122	0.116	0.116	0.118	0.121	0.122	0.115	0.120	0.118	0.120
27:01:22	37.2	1.506	1.501	1.589	1.571	1.572	1.563	1.544	1.377	1.348	1.247	1.172	0.634	1.516	1.529	1.586	1.590	1.581	1.582	1.571	1.503	1.432	1.235	1.171	0.614	1.506	1.522	1.542	1.529	1.552	1.530	1.536	1.492	1.415	1.347	0.968	0.831	1.552	1.549	1.547	1.561	1.579	1.605	1.554	1.412	1.456	1.140	1.073	0.783	1.546	1.443	1.504	1.521	1.534	1.561	1.528	1.455	1.503	1.282	1.126	1.038	0.122	0.117	0.124	0.129	0.125	0.123	0.120	0.117	0.121	0.114	0.124	0.126	0.122	0.124	0.117	0.118	0.123	0.120	0.123	0.116	0.114	0.117	0.119	0.116	0.119	0.122	0.122	0.116	0.116	0.118	0.121	0.122	0.116	0.120	0.118	0.120
28:01:22	37.2	1.509	1.505	1.591	1.575	1.577	1.567	1.548	1.376	1.347	1.244	1.169	0.657	1.521	1.538	1.592	1.595	1.585	1.586	1.575	1.508	1.433	1.234	1.180	0.615	1.511	1.526	1.547	1.533	1.556	1.533	1.540	1.500	1.425	1.352	1.004	0.856	1.553	1.554	1.549	1.564	1.582	1.608	1.559	1.417	1.458	1.161	1.099	0.805	1.555	1.458	1.513	1.527	1.545	1.566	1.534	1.458	1.510	1.279	1.130	1.060	0.122	0.117	0.124	0.129	0.125	0.124	0.120	0.117	0.121	0.114	0.124	0.126	0.122	0.124	0.117	0.118	0.123	0.120	0.122	0.116	0.114	0.117	0.119	0.116	0.119	0.122	0.122	0.116	0.116	0.117	0.121	0.122	0.115	0.120	0.118	0.120
29:01:23	37.2	1.515	1.511	1.591	1.576	1.579	1.572	1.558	1.380	1.350	1.245	1.166	0.677	1.521	1.542	1.596	1.599	1.589	1.591	1.581	1.514	1.441	1.238	1.185	0.627	1.511	1.533	1.554	1.539	1.560	1.538	1.546	1.505	1.434	1.356	1.038	0.888	1.554	1.559	1.554	1.569	1.586	1.612	1.567	1.425	1.473	1.173	1.129	0.832	1.565	1.473	1.522	1.539	1.559	1.574	1.540	1.464	1.518	1.283	1.129	1.084	0.122	0.117	0.124	0.129	0.125	0.123	0.120	0.117	0.121	0.114	0.124	0.126	0.122	0.123	0.117	0.117	0.123	0.120	0.122	0.116	0.114	0.117	0.119	0.116	0.119	0.122	0.122	0.116	0.116	0.117	0.121	0.121	0.115	0.121	0.118	0.120
30:01:23	37.2	1.519	1.521	1.595	1.583	1.581	1.578	1.566	1.383	1.354	1.246	1.168	0.696	1.526	1.551	1.602	1.604	1.592	1.597	1.584	1.520	1.443	1.240	1.187	0.622	1.514	1.540	1.560	1.546	1.566	1.541	1.552	1.513	1.443	1.365	1.069	0.925	1.556	1.562	1.558	1.576	1.591	1.617	1.573	1.431	1.481	1.189	1.153	0.859	1.574	1.488	1.535	1.550	1.569	1.582	1.547	1.468	1.526	1.283	1.134	1.107	0.122	0.117	0.124	0.128	0.125	0.123	0.120	0.117	0.121	0.114	0.124	0.126	0.122	0.123	0.117	0.117	0.123	0.120	0.122	0.116	0.114	0.117	0.119	0.116	0.119	0.122	0.122	0.116	0.116	0.117	0.120	0.121	0.115	0.121	0.118	0.120
31:01:24	37.2	1.522	1.524	1.597	1.586	1.585	1.580	1.571	1.385	1.354	1.238	1.166	0.731	1.531	1.558	1.609	1.612	1.597	1.603	1.593	1.527	1.449	1.237	1.186	0.621	1.520	1.546	1.566	1.552	1.574	1.545	1.556	1.519	1.443	1.373	1.093	0.960	1.560	1.570	1.563	1.578	1.593	1.619	1.577	1.442	1.487	1.207	1.168	0.894	1.583	1.507	1.544	1.562	1.577	1.589	1.553	1.470	1.533	1.280	1.136	1.133	0.122	0.117	0.124	0.128	0.125	0.123	0.120	0.117	0.121	0.114	0.124	0.126	0.122	0.123	0.117	0.117	0.123	0.120	0.122	0.116	0.114	0.117	0.119	0.116	0.119	0.122	0.122	0.116	0.116	0.117	0.120	0.121	0.115	0.120	0.118	0.119
32:01:25	37.1	1.527	1.531	1.600	1.588	1.586	1.584	1.576	1.388	1.352	1.241	1.163	0.780	1.532	1.561	1.612	1.613	1.600	1.606	1.595	1.526	1.447	1.235	1.186	0.636	1.525	1.549	1.570	1.555	1.578	1.549	1.561	1.523	1.453	1.383	1.122	1.001	1.562	1.575	1.567	1.581	1.596	1.623	1.584	1.448	1.494	1.220	1.200	0.934	1.593	1.523	1.554	1.573	1.591	1.595	1.559	1.472	1.537	1.276	1.127	1.149	0.122	0.117	0.124	0.128	0.125	0.123	0.120	0.117	0.121	0.114	0.124	0.125	0.122	0.124	0.117	0.117	0.123	0.120	0.122	0.116	0.114	0.117	0.119	0.116	0.119	0.122	0.122	0.116	0.116	0.117	0.120	0.121	0.115	0.120	0.118	0.119
33:01:26	37.1	1.532	1.537	1.606	1.595	1.590	1.587	1.579	1.394	1.359	1.240	1.147	0.827	1.537	1.571	1.617	1.621	1.603	1.610	1.600	1.532	1.447	1.238	1.180	0.627	1.531	1.556	1.574	1.561	1.581	1.552	1.565	1.526	1.458	1.389	1.135	1.037	1.564	1.575	1.573	1.584	1.598	1.624	1.587	1.456	1.502	1.240	1.210	0.968	1.604	1.537	1.566	1.581	1.600	1.602	1.567	1.478	1.539	1.277	1.130	1.176	0.121	0.116	0.124	0.128	0.125	0.123	0.119	0.117	0.121	0.114	0.124	0.125	0.121	0.123	0.117	0.117	0.123	0.120	0.122	0.115	0.114	0.117	0.119	0.116	0.118	0.122	0.122	0.116	0.116	0.117	0.120	0.121	0.115	0.120	0.117	0.119
34:01:26	37.1	1.537	1.543	1.613	1.600	1.595	1.594	1.583	1.400	1.365	1.237	1.163	0.874	1.541	1.576	1.624	1.625	1.609	1.616	1.604	1.534	1.450	1.241	1.176	0.625	1.532	1.563	1.582	1.565	1.589	1.557	1.569	1.531	1.467	1.398	1.170	1.060	1.566	1.581	1.575	1.589	1.600	1.626	1.594	1.468	1.509	1.260	1.230	0.998	1.611	1.554	1.578	1.595	1.610	1.611	1.576	1.484	1.543	1.282	1.136	1.203	0.121	0.117	0.124	0.128	0.125	0.123	0.119	0.117	0.121	0.114	0.124	0.125	0.121	0.123	0.117	0.117	0.123	0.120	0.122	0.115	0.114	0.117	0.119	0.116	0.118	0.122	0.122	0.116	0.116	0.117	0.120	0.121	0.115	0.120	0.118	0.119
35:01:25	37.1	1.542	1.547	1.615	1.601	1.594	1.595	1.587	1.401	1.364	1.232	1.146	0.922	1.544	1.579	1.625	1.631	1.611	1.618	1.607	1.534	1.449	1.223	1.178	0.625	1.536	1.567	1.583	1.568	1.590	1.558	1.569	1.531	1.468	1.395	1.189	1.091	1.569	1.584	1.576	1.588	1.599	1.629	1.593	1.471	1.518	1.266	1.253	1.035	1.618	1.566	1.589	1.604	1.618	1.617	1.581	1.484	1.545	1.281	1.127	1.225	0.121	0.116	0.124	0.128	0.125	0.123	0.119	0.117	0.120	0.114	0.123	0.125	0.121	0.123	0.117	0.117	0.123	0.120	0.122	0.116	0.114	0.117	0.119	0.116	0.119	0.122	0.122	0.116	0.116	0.117	0.120	0.121	0.115	0.120	0.117	0.119
36:01:27	37.1	1.545	1.554	1.617	1.602	1.597	1.597	1.589	1.402	1.363	1.233	1.145	0.969	1.546	1.583	1.631	1.634	1.613	1.623	1.611	1.539	1.451	1.223	1.180	0.620	1.544	1.573	1.588	1.574	1.596	1.562	1.575	1.538	1.474	1.410	1.210	1.112	1.570	1.591	1.581	1.595	1.605	1.632	1.599	1.484	1.529	1.285	1.272	1.063	1.626	1.581	1.600	1.614	1.626	1.625	1.591	1.486	1.550	1.280	1.119	1.253	0.121	0.116	0.124	0.128	0.125	0.123	0.120	0.117	0.120	0.114	0.123	0.125	0.121	0.123	0.117	0.117	0.123	0.120	0.122	0.116	0.114	0.117	0.119	0.116	0.118	0.122	0.122	0.116	0.116	0.117	0.120	0.121	0.115	0.120	0.117	0.119
37:01:27	37.1	1.551	1.559	1.622	1.612	1.605	1.604	1.596	1.407	1.374	1.231	1.139	1.015	1.551	1.588	1.634	1.638	1.619	1.628	1.614	1.537	1.462	1.230	1.176	0.628	1.550	1.576	1.589	1.577	1.600	1.564	1.577	1.535	1.480	1.411	1.238	1.146	1.574	1.593	1.587	1.596	1.607	1.635	1.600	1.488	1.536	1.300	1.297	1.104	1.631	1.594	1.610	1.625	1.635	1.635	1.598	1.490	1.553	1.284	1.133	1.270	0.121	0.116	0.123	0.128	0.125	0.123	0.119	0.117	0.120	0.114	0.123	0.125	0.121	0.123	0.117	0.117	0.123	0.120	0.122	0.115	0.114	0.117	0.118	0.116	0.118	0.121	0.122	0.116	0.116	0.117	0.120	0.121	0.115	0.120	0.117	0.119
38:01:28	37.1	1.554	1.562	1.625	1.610	1.606	1.603	1.598	1.410	1.367	1.234	1.130	1.054	1.552	1.591	1.636	1.639	1.621	1.628	1.617	1.536	1.459	1.210	1.174	0.638	1.558	1.582	1.591	1.579	1.603	1.565	1.577	1.536	1.479	1.427	1.252	1.170	1.578	1.595	1.587	1.599	1.606	1.634	1.606	1.490	1.536	1.315	1.313	1.140	1.636	1.605	1.618	1.635	1.642	1.642	1.604	1.489	1.553	1.280	1.120	1.295	0.121	0.116	0.123	0.128	0.125	0.123	0.119	0.117	0.120	0.114	0.123	0.124	0.121	0.123	0.117	0.116	0.122	0.120	0.122	0.115	0.114	0.116	0.118	0.116	0.118	0.121	0.122	0.116	0.116	0.117	0.120	0.121	0.115	0.120	0.117	0.119
39:01:28	37.1	1.562	1.566	1.632	1.616	1.608	1.608	1.602	1.412	1.378	1.230	1.128	1.086	1.555	1.594	1.641	1.643	1.625	1.633	1.619	1.534	1.468	1.221	1.165	0.639	1.560	1.588	1.599	1.584	1.608	1.570	1.582	1.541	1.486	1.427	1.273	1.197	1.582	1.598	1.591	1.602	1.609	1.638	1.608	1.493	1.540	1.331	1.333	1.185	1.644	1.616	1.630	1.645	1.646	1.650	1.614	1.491	1.554	1.288	1.132	1.324	0.121	0.116	0.123	0.128	0.125	0.123	0.119	0.117	0.120	0.114	0.123	0.124	0.121	0.123	0.117	0.117	0.122	0.120	0.122	0.115	0.114	0.116	0.118	0.116	0.118	0.121	0.122	0.116	0.116	0.117	0.120	0.121	0.115	0.120	0.117	0.119
40:01:29	37.1	1.567	1.571	1.634	1.621	1.612	1.613	1.605	1.413	1.374	1.237	1.113	1.094	1.561	1.600	1.644	1.649	1.628	1.634	1.621	1.534	1.470	1.218	1.153	0.645	1.563	1.595	1.601	1.590	1.610	1.571	1.582	1.549	1.497	1.441	1.292	1.213	1.587	1.603	1.596	1.606	1.613	1.641	1.610	1.494	1.541	1.339	1.353	1.225	1.648	1.626	1.639	1.654	1.653	1.657	1.621	1.494	1.554	1.285	1.116	1.344	0.121	0.116	0.123	0.128	0.125	0.123	0.119	0.117	0.120	0.114	0.122	0.124	0.121	0.122	0.117	0.116	0.122	0.120	0.122	0.115	0.114	0.116	0.118	0.116	0.118	0.121	0.122	0.116	0.116	0.117	0.119	0.121	0.115	0.120	0.117	0.119
41:01:29	37.1	1.573	1.574	1.638	1.623	1.617	1.617	1.610	1.414	1.374	1.235	1.111	1.112	1.567	1.602	1.650	1.651	1.632	1.640	1.624	1.535	1.470	1.218	1.156	0.638	1.571	1.599	1.607	1.591	1.614	1.575	1.585	1.551	1.502	1.442	1.305	1.234	1.587	1.605	1.599	1.605	1.616	1.643	1.615	1.499	1.544	1.353	1.387	1.266	1.654	1.636	1.645	1.661	1.659	1.662	1.628	1.493	1.556	1.282	1.121	1.354	0.121	0.116	0.123	0.128	0.125	0.123	0.119	0.117	0.120	0.114	0.122	0.124	0.121	0.122	0.117	0.117	0.122	0.120	0.122	0.115	0.114	0.116	0.118	0.116	0.118	0.121	0.122	0.116	0.116	0.117	0.119	0.120	0.115	0.120	0.117	0.119
42:01:29	37.1	1.575	1.577	1.640	1.626	1.620	1.614	1.613	1.418	1.377	1.226	1.111	1.088	1.572	1.607	1.653	1.655	1.635	1.641	1.627	1.535	1.469	1.211	1.161	0.644	1.576	1.601	1.611	1.595	1.619	1.577	1.588	1.553	1.506	1.449	1.329	1.258	1.592	1.611	1.601	1.607	1.619	1.646	1.617	1.503	1.546	1.367	1.406	1.308	1.657	1.645	1.651	1.668	1.665	1.669	1.637	1.496	1.559	1.277	1.115	1.381	0.120	0.116	0.123	0.128	0.125	0.123	0.119	0.117	0.120	0.114	0.122	0.124	0.120	0.122	0.117	0.116	0.122	0.120	0.122	0.115	0.114	0.116	0.118	0.116	0.118	0.121	0.122	0.116	0.116	0.116	0.119	0.120	0.115	0.120	0.117	0.119
43:01:29	37.1	1.580	1.581	1.644	1.630	1.624	1.621	1.617	1.420	1.373	1.215	1.105	1.091	1.578	1.611	1.656	1.659	1.641	1.646	1.630	1.534	1.474	1.208	1.157	0.648	1.585	1.610	1.613	1.602	1.623	1.579	1.587	1.558	1.512	1.471	1.350	1.281	1.599	1.614	1.601	1.612	1.620	1.648	1.621	1.505	1.547	1.383	1.432	1.338	1.665	1.650	1.660	1.673	1.671	1.677	1.645	1.500	1.559	1.272	1.105	1.365	0.120	0.116	0.123	0.128	0.125	0.123	0.119	0.117	0.120	0.114	0.122	0.124	0.120	0.122	0.117	0.116	0.122	0.120	0.122	0.115	0.114	0.116	0.118	0.116	0.118	0.121	0.122	0.116	0.116	0.117	0.119	0.120	0.115	0.120	0.117	0.119
44:01:30	37.1	1.582	1.585	1.645	1.640	1.623	1.623	1.623	1.421	1.373	1.209	1.091	1.059	1.580	1.617	1.658	1.666	1.643	1.651	1.634	1.536	1.474	1.213	1.148	0.654	1.593	1.616	1.619	1.605	1.628	1.581	1.593	1.556	1.511	1.480	1.364	1.300	1.607	1.619	1.606	1.614	1.627	1.651	1.627	1.507	1.548	1.387	1.450	1.369	1.667	1.655	1.666	1.676	1.675	1.679	1.649	1.500	1.563	1.268	1.103	1.347	0.120	0.116	0.123	0.128	0.124	0.122	0.119	0.116	0.120	0.114	0.122	0.123	0.120	0.122	0.117	0.116	0.122	0.120	0.121	0.115	0.114	0.116	0.118	0.116	0.118	0.121	0.122	0.116	0.116	0.116	0.119	0.120	0.114	0.120	0.117	0.119
45:01:30	37.1	1.588	1.587	1.647	1.645	1.631	1.629	1.630	1.424	1.377	1.208	1.088	1.018	1.589	1.623	1.666	1.667	1.647	1.655	1.637	1.534	1.476	1.208	1.135	0.654	1.598	1.627	1.625	1.607	1.634	1.587	1.593	1.560	1.516	1.490	1.387	1.323	1.613	1.625	1.609	1.616	1.628	1.652	1.631	1.512	1.552	1.403	1.470	1.395	1.671	1.659	1.669	1.682	1.678	1.684	1.655	1.500	1.558	1.260	1.087	1.343	0.120	0.116	0.123	0.127	0.125	0.122	0.119	0.116	0.120	0.114	0.122	0.123	0.120	0.122	0.117	0.116	0.122	0.120	0.122	0.115	0.114	0.116	0.118	0.116	0.118	0.121	0.122	0.116	0.116	0.116	0.119	0.120	0.114	0.120	0.117	0.119
46:01:31	37.1	1.588	1.589	1.651	1.655	1.638	1.632	1.636	1.427	1.383	1.200	1.095	0.975	1.598	1.628	1.672	1.673	1.651	1.656	1.639	1.534	1.475	1.205	1.138	0.659	1.606	1.629	1.630	1.615	1.635	1.589	1.596	1.563	1.522	1.497	1.398	1.345	1.620	1.630	1.613	1.621	1.631	1.657	1.637	1.514	1.554	1.413	1.487	1.419	1.677	1.662	1.673	1.690	1.681	1.688	1.659	1.500	1.558	1.257	1.091	1.332	0.120	0.116	0.123	0.127	0.124	0.122	0.119	0.116	0.120	0.114	0.122	0.123	0.120	0.121	0.117	0.116	0.122	0.120	0.121	0.115	0.114	0.116	0.118	0.115	0.118	0.121	0.122	0.116	0.115	0.116	0.119	0.120	0.114	0.120	0.117	0.119
47:01:31	37.1	1.594	1.593	1.657	1.662	1.639	1.638	1.643	1.430	1.381	1.199	1.105	0.942	1.604	1.633	1.676	1.675	1.659	1.658	1.644	1.536	1.477	1.190	1.141	0.670	1.613	1.637	1.637	1.618	1.641	1.589	1.601	1.565	1.533	1.503	1.418	1.369	1.626	1.637	1.618	1.625	1.636	1.661	1.641	1.518	1.560	1.428	1.510	1.442	1.682	1.665	1.681	1.698	1.688	1.693	1.667	1.503	1.559	1.256	1.086	1.303	0.120	0.116	0.123	0.128	0.125	0.122	0.119	0.117	0.120	0.114	0.122	0.123	0.120	0.121	0.117	0.116	0.122	0.120	0.122	0.115	0.114	0.116	0.118	0.115	0.118	0.121	0.122	0.116	0.116	0.116	0.119	0.120	0.115	0.120	0.117	0.119
48:01:32	37.1	1.594	1.593	1.661	1.671	1.651	1.640	1.646	1.427	1.381	1.185	1.112	0.922	1.608	1.637	1.681	1.682	1.664	1.663	1.650	1.534	1.480	1.196	1.135	0.673	1.617	1.644	1.642	1.625	1.646	1.593	1.604	1.568	1.538	1.518	1.436	1.389	1.634	1.644	1.621	1.626	1.638	1.667	1.645	1.526	1.561	1.439	1.524	1.455	1.688	1.669	1.685	1.701	1.693	1.699	1.672	1.506	1.557	1.250	1.081	1.290	0.120	0.116	0.123	0.127	0.124	0.122	0.119	0.117	0.120	0.114	0.122	0.123	0.120	0.121	0.117	0.116	0.122	0.120	0.121	0.115	0.113	0.116	0.117	0.115	0.118	0.121	0.122	0.116	0.115	0.116	0.119	0.120	0.114	0.120	0.117	0.119

Results
	1	2	3	4	5	6	7	8	9	10	11	12
A	2.497	2.402	5.085	5.032	5.405	5.424	5.450	4.772	3.679	3.314	2.961	0.793	Max V [578]
	0.978	0.967	0.971	0.968	0.967	0.960	0.935	0.960	0.991	0.982	0.979	1.000	R-Squared [578]
	6:01:08	5:01:07	6:01:08	6:01:08	6:01:08	6:01:08	6:01:08	6:01:08	7:01:09	9:01:10	10:01:10	33:01:25	t at Max V [578]
	3:27:29	3:12:50	4:04:17	4:00:39	3:56:51	3:52:09	3:47:23	3:49:08	4:16:19	5:45:02	6:33:53	18:04:44	Lagtime [578]
B	2.672	2.380	5.088	5.590	5.572	5.634	5.405	4.876	3.968	3.330	2.895	0.489	Max V [578]
	0.983	0.989	0.970	0.965	0.952	0.962	0.954	0.943	0.978	0.978	0.972	0.999	R-Squared [578]
	6:01:08	10:01:10	6:01:08	6:01:08	6:01:08	6:01:08	6:01:08	6:01:08	6:01:08	9:01:10	10:01:10	8:01:09	t at Max V [578]
	3:35:57	4:03:41	4:08:28	4:01:09	3:56:38	4:00:17	3:55:38	3:48:57	3:59:07	6:07:39	6:47:50	3:49:58	Lagtime [578]
C	2.800	2.454	4.454	4.532	4.627	4.660	5.046	4.176	3.841	3.742	1.270	0.621	Max V [578]
	0.982	0.969	0.989	0.977	0.971	0.981	0.979	0.967	0.993	0.972	0.986	0.999	R-Squared [578]
	6:01:08	6:01:08	7:01:09	6:01:08	6:01:08	6:01:08	6:01:08	6:01:08	7:01:09	9:01:10	11:01:11	31:01:25	t at Max V [578]
	3:40:18	3:35:54	4:24:19	4:05:46	4:06:25	4:05:45	4:02:04	3:59:10	4:35:45	6:09:30	6:08:08	8:27:18	Lagtime [578]
D	3.560	2.665	4.947	5.096	4.976	5.620	5.457	4.477	4.358	2.136	1.037	0.692	Max V [578]
	0.992	0.973	0.979	0.971	0.976	0.945	0.964	0.982	0.989	0.982	0.997	1.000	R-Squared [578]
	8:01:09	9:01:10	6:01:08	6:01:08	6:01:08	6:01:08	6:01:08	6:01:08	6:01:08	10:01:10	11:01:11	40:01:29	t at Max V [578]
	4:23:21	3:49:56	4:02:38	3:58:21	4:00:00	3:48:41	3:55:00	3:56:39	3:55:26	5:47:32	4:29:37	13:23:57	Lagtime [578]
E	2.522	2.374	4.447	4.619	4.565	5.538	5.451	4.976	4.389	3.282	2.532	1.722	Max V [578]
	0.974	0.960	0.987	0.985	0.984	0.963	0.962	0.959	0.960	0.977	0.987	0.990	R-Squared [578]
	6:01:08	5:01:07	6:01:08	6:01:08	6:01:08	6:01:08	6:01:08	6:01:08	6:01:08	8:01:09	10:01:10	12:01:12	t at Max V [578]
	3:32:22	3:16:35	3:45:20	3:51:16	3:57:59	3:56:49	3:55:39	3:47:34	3:45:45	5:32:28	6:31:49	8:24:10	Lagtime [578]
F	-0.015	-0.003	-0.004	-0.005	-0.003	-0.022	-0.007	-0.003	-0.005	-0.002	-0.011	-0.005	Max V [578]
	0.953	0.871	0.944	0.706	0.876	0.892	0.982	0.803	0.992	0.880	0.905	0.820	R-Squared [578]
	23:01:19	36:01:27	26:01:21	2:01:06	2:01:06	2:01:06	25:01:20	2:01:06	24:01:19	2:01:06	2:01:06	20:01:16	t at Max V [578]
	13:10:13	20:22:29	11:43:23	?????	?????	?????	17:12:05	?????	11:04:50	?????	?????	11:17:31	Lagtime [578]
G	-0.004	-0.004	-0.008	-0.005	-0.005	-0.004	-0.005	-0.004	-0.004	-0.004	-0.007	-0.004	Max V [578]
	0.995	0.644	0.975	0.858	0.717	0.704	0.887	0.670	0.929	0.859	0.979	0.992	R-Squared [578]
	25:01:20	2:01:06	5:01:07	2:01:06	2:01:06	2:01:06	2:01:06	2:01:06	5:01:07	25:01:20	8:01:09	46:01:31	t at Max V [578]
	11:44:16	?????	1:31:40	?????	?????	?????	?????	?????	0:19:32	12:08:16	2:03:43	35:01:25	Lagtime [578]
H	-0.003	-0.011	-0.004	-0.004	-0.002	-0.008	-0.004	-0.004	-0.003	-0.006	-0.005	-0.008	Max V [578]
	0.963	0.890	0.836	0.771	0.655	0.910	0.936	0.856	0.870	0.933	0.889	0.981	R-Squared [578]
	3:01:06	2:01:06	2:01:06	2:01:06	2:01:06	2:01:06	13:01:12	2:01:06	27:01:22	2:01:06	15:01:13	7:01:09	t at Max V [578]
	0:04:37	?????	?????	?????	?????	?????	5:29:56	?????	17:31:15	?????	6:09:11	2:49:19	Lagtime [578]

