

Software Version	3.12.08



Experiment File Path:	C:\Users\Sarela\Documents\Sarela_growth_curves\Experiment21_v2_050624_2plates_Exp22_060624_2plates.xpt
Protocol File Path:	C:\Users\Public\Documents\Protocols\New_96well_578_24H.prt



Plate Number	Plate 1
Date	6/6/2024
Time	11:12:32 AM
Reader Type:	Epoch 2
Reader Serial Number:	2202232E
Reading Type	Reader

Procedure Details

Plate Type	96 WELL PLATE
Discontinuous Kinetics	Runtime 2:00:00 (D:HH:MM), Interval 0:01:00, 49 Reads
Eject plate on completion	
Set Temperature	Setpoint 37°C, Gradient 0 °C
Shake	Double Orbital: 0:01:01 (HH:MM:SS)
	Frequency: 282 cpm (3 mm)
Read	Absorbance Endpoint
	Full Plate
	Wavelengths:  578
	Read Speed: Normal,  Delay: 100 msec,  Measurements/Data Point: 8

578

Time	T° 578	A1	A2	A3	A4	A5	A6	A7	A8	A9	A10	A11	A12	B1	B2	B3	B4	B5	B6	B7	B8	B9	B10	B11	B12	C1	C2	C3	C4	C5	C6	C7	C8	C9	C10	C11	C12	D1	D2	D3	D4	D5	D6	D7	D8	D9	D10	D11	D12	E1	E2	E3	E4	E5	E6	E7	E8	E9	E10	E11	E12	F1	F2	F3	F4	F5	F6	F7	F8	F9	F10	F11	F12	G1	G2	G3	G4	G5	G6	G7	G8	G9	G10	G11	G12	H1	H2	H3	H4	H5	H6	H7	H8	H9	H10	H11	H12
0:01:05	37.1	1.440	1.360	1.402	1.408	1.432	1.451	1.486	1.544	1.412	1.304	1.014	0.657	0.108	0.104	0.110	0.110	0.107	0.109	0.109	0.106	0.115	0.106	0.105	0.099	1.453	1.330	1.332	1.313	1.397	1.408	1.474	1.524	1.477	1.325	1.039	0.811	1.441	1.324	1.351	1.332	1.407	1.453	1.527	1.465	1.446	1.331	1.127	1.140	0.104	0.104	0.108	0.110	0.112	0.112	0.106	0.106	0.103	0.106	0.106	0.101	1.456	1.306	1.303	1.315	1.375	1.428	1.492	1.544	1.498	1.330	1.066	1.061	0.114	0.104	0.122	0.102	0.101	0.103	0.101	0.101	0.097	0.095	0.093	0.096	1.424	1.109	1.095	1.111	1.198	1.252	1.401	1.520	1.475	1.321	1.086	0.789
1:01:06	37.1	1.442	1.359	1.401	1.407	1.430	1.454	1.491	1.549	1.420	1.307	1.042	0.686	0.108	0.103	0.110	0.110	0.107	0.108	0.108	0.106	0.114	0.106	0.104	0.099	1.457	1.330	1.338	1.314	1.401	1.412	1.478	1.528	1.480	1.323	1.047	0.830	1.446	1.330	1.360	1.342	1.417	1.462	1.529	1.471	1.452	1.336	1.134	1.150	0.104	0.104	0.108	0.109	0.112	0.112	0.106	0.106	0.103	0.106	0.105	0.101	1.459	1.318	1.306	1.317	1.380	1.431	1.494	1.546	1.501	1.334	1.075	1.081	0.114	0.104	0.122	0.102	0.101	0.103	0.101	0.101	0.097	0.094	0.094	0.096	1.431	1.104	1.103	1.118	1.204	1.262	1.406	1.524	1.480	1.325	1.094	0.809
2:01:06	37.1	1.442	1.370	1.408	1.413	1.440	1.460	1.494	1.550	1.427	1.311	1.041	0.711	0.108	0.104	0.110	0.110	0.107	0.108	0.108	0.106	0.114	0.106	0.104	0.099	1.462	1.344	1.342	1.327	1.406	1.418	1.484	1.535	1.490	1.322	1.048	0.852	1.454	1.345	1.367	1.356	1.425	1.465	1.533	1.474	1.458	1.337	1.140	1.161	0.104	0.104	0.108	0.109	0.112	0.112	0.106	0.106	0.103	0.106	0.106	0.101	1.463	1.325	1.315	1.327	1.387	1.435	1.496	1.548	1.502	1.332	1.081	1.096	0.114	0.104	0.122	0.102	0.101	0.103	0.101	0.100	0.097	0.095	0.094	0.097	1.437	1.122	1.115	1.129	1.215	1.270	1.412	1.529	1.483	1.326	1.099	0.828
3:01:07	37.1	1.454	1.380	1.417	1.423	1.446	1.465	1.497	1.556	1.434	1.313	1.051	0.725	0.108	0.104	0.111	0.110	0.107	0.108	0.108	0.106	0.114	0.106	0.104	0.099	1.469	1.350	1.353	1.334	1.416	1.428	1.490	1.540	1.496	1.324	1.059	0.861	1.460	1.351	1.377	1.361	1.429	1.472	1.534	1.480	1.463	1.341	1.150	1.168	0.104	0.104	0.108	0.110	0.112	0.112	0.106	0.106	0.103	0.106	0.105	0.101	1.468	1.327	1.317	1.329	1.392	1.439	1.502	1.552	1.508	1.336	1.091	1.112	0.114	0.104	0.121	0.102	0.101	0.103	0.101	0.100	0.095	0.095	0.094	0.096	1.447	1.136	1.123	1.143	1.225	1.278	1.417	1.534	1.488	1.327	1.104	0.835
4:01:08	37.1	1.458	1.388	1.424	1.427	1.450	1.470	1.500	1.558	1.439	1.315	1.043	0.741	0.108	0.103	0.110	0.110	0.107	0.108	0.108	0.106	0.114	0.106	0.104	0.099	1.473	1.353	1.358	1.343	1.420	1.431	1.494	1.544	1.501	1.322	1.060	0.864	1.462	1.356	1.385	1.369	1.435	1.476	1.537	1.482	1.467	1.344	1.155	1.180	0.104	0.104	0.108	0.109	0.112	0.112	0.105	0.106	0.103	0.106	0.105	0.101	1.472	1.340	1.321	1.334	1.398	1.442	1.503	1.554	1.508	1.333	1.093	1.123	0.114	0.104	0.121	0.102	0.101	0.103	0.101	0.100	0.095	0.095	0.094	0.097	1.452	1.137	1.135	1.152	1.234	1.288	1.423	1.536	1.490	1.328	1.104	0.848
5:01:08	37.1	1.453	1.393	1.427	1.431	1.456	1.476	1.503	1.561	1.443	1.320	1.053	0.760	0.108	0.104	0.111	0.110	0.107	0.109	0.108	0.106	0.114	0.106	0.104	0.099	1.477	1.369	1.363	1.347	1.427	1.440	1.500	1.549	1.506	1.325	1.062	0.876	1.468	1.366	1.391	1.377	1.440	1.480	1.540	1.486	1.471	1.348	1.159	1.184	0.104	0.104	0.108	0.109	0.112	0.112	0.105	0.106	0.103	0.106	0.105	0.101	1.478	1.343	1.333	1.341	1.405	1.449	1.509	1.560	1.513	1.337	1.101	1.134	0.114	0.104	0.121	0.102	0.101	0.103	0.101	0.100	0.095	0.095	0.094	0.096	1.462	1.147	1.148	1.162	1.243	1.295	1.426	1.540	1.494	1.330	1.103	0.856
6:01:08	37.1	1.459	1.403	1.434	1.439	1.461	1.479	1.504	1.563	1.447	1.320	1.052	0.776	0.108	0.104	0.110	0.110	0.107	0.108	0.108	0.106	0.114	0.106	0.104	0.099	1.482	1.379	1.376	1.358	1.433	1.446	1.505	1.552	1.513	1.323	1.070	0.890	1.472	1.374	1.397	1.382	1.448	1.486	1.542	1.492	1.474	1.350	1.169	1.195	0.104	0.104	0.108	0.109	0.112	0.112	0.105	0.106	0.103	0.105	0.105	0.101	1.482	1.354	1.343	1.351	1.413	1.454	1.515	1.561	1.518	1.336	1.113	1.145	0.114	0.103	0.121	0.102	0.101	0.103	0.101	0.100	0.095	0.095	0.094	0.096	1.468	1.159	1.161	1.175	1.254	1.303	1.430	1.544	1.499	1.333	1.104	0.863
7:01:09	37.1	1.466	1.407	1.438	1.447	1.464	1.483	1.506	1.565	1.447	1.319	1.058	0.784	0.108	0.103	0.110	0.110	0.107	0.108	0.108	0.105	0.114	0.106	0.104	0.099	1.484	1.388	1.383	1.365	1.438	1.452	1.511	1.554	1.512	1.319	1.068	0.895	1.479	1.382	1.400	1.388	1.452	1.490	1.544	1.497	1.477	1.351	1.169	1.205	0.104	0.103	0.108	0.109	0.112	0.112	0.105	0.106	0.103	0.105	0.105	0.101	1.484	1.366	1.349	1.360	1.419	1.460	1.517	1.565	1.519	1.336	1.117	1.152	0.114	0.103	0.121	0.102	0.101	0.103	0.101	0.100	0.095	0.095	0.093	0.097	1.474	1.168	1.166	1.179	1.256	1.312	1.434	1.546	1.502	1.334	1.100	0.873
8:01:10	37.1	1.465	1.409	1.444	1.450	1.470	1.488	1.507	1.567	1.450	1.319	1.063	0.791	0.108	0.104	0.111	0.110	0.107	0.108	0.108	0.105	0.114	0.106	0.104	0.099	1.487	1.390	1.389	1.375	1.444	1.459	1.516	1.557	1.516	1.319	1.068	0.906	1.481	1.387	1.406	1.396	1.455	1.491	1.545	1.496	1.478	1.354	1.179	1.211	0.104	0.103	0.108	0.109	0.112	0.112	0.105	0.106	0.103	0.105	0.105	0.101	1.490	1.371	1.355	1.367	1.425	1.465	1.522	1.567	1.522	1.335	1.119	1.161	0.114	0.103	0.121	0.102	0.101	0.103	0.101	0.100	0.095	0.095	0.094	0.096	1.478	1.179	1.178	1.192	1.269	1.321	1.439	1.548	1.503	1.332	1.100	0.873
9:01:10	37.1	1.473	1.414	1.451	1.454	1.473	1.489	1.511	1.570	1.452	1.324	1.064	0.806	0.108	0.103	0.111	0.110	0.107	0.108	0.108	0.105	0.114	0.106	0.104	0.099	1.490	1.401	1.395	1.382	1.451	1.464	1.521	1.561	1.520	1.323	1.077	0.916	1.486	1.391	1.412	1.399	1.460	1.497	1.547	1.500	1.483	1.357	1.185	1.224	0.104	0.103	0.107	0.109	0.112	0.112	0.105	0.106	0.103	0.105	0.105	0.101	1.491	1.381	1.361	1.373	1.430	1.472	1.528	1.570	1.527	1.337	1.135	1.172	0.114	0.103	0.121	0.102	0.101	0.103	0.101	0.099	0.096	0.094	0.094	0.096	1.483	1.183	1.186	1.200	1.272	1.324	1.444	1.551	1.507	1.335	1.102	0.880
10:01:11	37.1	1.477	1.418	1.450	1.456	1.476	1.493	1.513	1.571	1.453	1.322	1.069	0.805	0.108	0.103	0.110	0.110	0.107	0.108	0.108	0.105	0.114	0.106	0.104	0.099	1.493	1.406	1.402	1.388	1.457	1.470	1.523	1.562	1.520	1.319	1.077	0.921	1.488	1.400	1.417	1.407	1.467	1.499	1.548	1.502	1.484	1.357	1.186	1.230	0.104	0.103	0.108	0.109	0.112	0.112	0.105	0.106	0.103	0.105	0.105	0.101	1.494	1.383	1.369	1.381	1.436	1.476	1.531	1.573	1.528	1.335	1.133	1.176	0.114	0.105	0.121	0.102	0.101	0.103	0.100	0.099	0.095	0.095	0.093	0.097	1.486	1.195	1.196	1.209	1.283	1.332	1.446	1.551	1.507	1.333	1.103	0.880
11:01:11	37.1	1.474	1.422	1.452	1.459	1.479	1.496	1.511	1.573	1.455	1.323	1.071	0.811	0.108	0.104	0.110	0.110	0.107	0.108	0.108	0.105	0.114	0.106	0.104	0.099	1.494	1.410	1.405	1.395	1.462	1.475	1.528	1.564	1.522	1.319	1.077	0.926	1.488	1.401	1.420	1.410	1.465	1.502	1.550	1.504	1.484	1.358	1.187	1.237	0.104	0.103	0.108	0.109	0.112	0.112	0.105	0.106	0.103	0.105	0.105	0.101	1.498	1.393	1.375	1.388	1.440	1.481	1.536	1.575	1.528	1.334	1.141	1.185	0.114	0.103	0.121	0.102	0.101	0.103	0.101	0.098	0.095	0.095	0.094	0.097	1.490	1.200	1.205	1.218	1.289	1.336	1.450	1.554	1.511	1.337	1.109	0.890
12:01:12	37.1	1.477	1.428	1.456	1.460	1.480	1.500	1.515	1.575	1.458	1.329	1.082	0.827	0.108	0.104	0.111	0.110	0.107	0.108	0.108	0.105	0.114	0.106	0.104	0.099	1.500	1.417	1.410	1.400	1.468	1.479	1.532	1.566	1.526	1.321	1.083	0.937	1.491	1.409	1.424	1.413	1.470	1.502	1.553	1.510	1.488	1.361	1.192	1.243	0.104	0.103	0.108	0.109	0.112	0.112	0.105	0.106	0.103	0.105	0.105	0.101	1.498	1.398	1.381	1.393	1.446	1.486	1.540	1.577	1.533	1.337	1.148	1.192	0.114	0.103	0.120	0.107	0.101	0.103	0.100	0.099	0.095	0.095	0.093	0.097	1.488	1.205	1.209	1.222	1.293	1.343	1.453	1.556	1.513	1.336	1.111	0.889
13:01:13	37.1	1.478	1.433	1.459	1.466	1.482	1.501	1.518	1.578	1.460	1.327	1.085	0.826	0.108	0.103	0.110	0.110	0.107	0.108	0.108	0.105	0.114	0.106	0.104	0.099	1.501	1.418	1.419	1.405	1.473	1.485	1.535	1.569	1.526	1.321	1.082	0.938	1.494	1.412	1.428	1.419	1.476	1.507	1.554	1.511	1.490	1.362	1.192	1.247	0.104	0.103	0.108	0.109	0.112	0.112	0.105	0.106	0.103	0.105	0.105	0.101	1.499	1.404	1.387	1.400	1.451	1.490	1.543	1.579	1.533	1.335	1.153	1.201	0.114	0.103	0.120	0.102	0.101	0.103	0.100	0.099	0.095	0.095	0.094	0.097	1.492	1.211	1.219	1.231	1.300	1.348	1.455	1.557	1.513	1.337	1.113	0.892
14:01:14	37.1	1.483	1.438	1.463	1.467	1.485	1.503	1.519	1.579	1.466	1.329	1.095	0.828	0.108	0.104	0.110	0.110	0.107	0.108	0.108	0.105	0.114	0.106	0.104	0.099	1.501	1.428	1.422	1.410	1.479	1.490	1.541	1.572	1.529	1.323	1.089	0.941	1.496	1.419	1.431	1.424	1.480	1.510	1.557	1.514	1.493	1.365	1.199	1.253	0.104	0.103	0.107	0.109	0.112	0.111	0.105	0.106	0.103	0.105	0.105	0.101	1.502	1.405	1.394	1.404	1.457	1.494	1.548	1.583	1.536	1.336	1.158	1.211	0.114	0.103	0.120	0.102	0.100	0.102	0.100	0.098	0.094	0.095	0.093	0.096	1.494	1.219	1.221	1.236	1.304	1.353	1.456	1.559	1.516	1.341	1.122	0.894
15:01:14	37.1	1.482	1.441	1.471	1.476	1.490	1.507	1.523	1.583	1.466	1.331	1.078	0.836	0.108	0.103	0.110	0.110	0.107	0.108	0.108	0.105	0.114	0.106	0.104	0.099	1.504	1.435	1.428	1.413	1.484	1.495	1.544	1.573	1.530	1.322	1.091	0.945	1.498	1.420	1.435	1.425	1.482	1.512	1.559	1.516	1.493	1.366	1.198	1.258	0.104	0.103	0.107	0.109	0.112	0.111	0.105	0.106	0.103	0.104	0.105	0.101	1.505	1.416	1.396	1.409	1.462	1.500	1.551	1.583	1.537	1.335	1.165	1.218	0.114	0.103	0.120	0.102	0.101	0.103	0.099	0.099	0.095	0.095	0.093	0.096	1.499	1.222	1.231	1.242	1.312	1.358	1.460	1.560	1.517	1.339	1.124	0.895
16:01:14	37.1	1.482	1.443	1.471	1.474	1.489	1.507	1.522	1.583	1.469	1.333	1.105	0.841	0.108	0.104	0.110	0.110	0.107	0.108	0.108	0.105	0.114	0.106	0.104	0.099	1.506	1.436	1.431	1.422	1.488	1.498	1.547	1.575	1.530	1.321	1.092	0.947	1.497	1.423	1.440	1.430	1.485	1.513	1.560	1.518	1.496	1.367	1.201	1.268	0.104	0.103	0.107	0.109	0.112	0.112	0.105	0.106	0.103	0.104	0.105	0.101	1.505	1.421	1.404	1.415	1.466	1.503	1.554	1.585	1.537	1.333	1.166	1.221	0.114	0.103	0.120	0.102	0.101	0.102	0.100	0.099	0.094	0.095	0.093	0.096	1.502	1.223	1.231	1.245	1.315	1.360	1.461	1.561	1.519	1.341	1.130	0.894
17:01:14	37.1	1.484	1.446	1.479	1.476	1.492	1.509	1.527	1.586	1.474	1.338	1.110	0.837	0.108	0.104	0.110	0.110	0.107	0.108	0.108	0.105	0.114	0.106	0.104	0.099	1.508	1.441	1.438	1.420	1.492	1.504	1.551	1.577	1.533	1.326	1.101	0.951	1.500	1.427	1.443	1.433	1.487	1.517	1.563	1.522	1.499	1.369	1.203	1.272	0.104	0.103	0.107	0.109	0.112	0.111	0.105	0.106	0.103	0.104	0.105	0.101	1.507	1.421	1.407	1.418	1.471	1.507	1.559	1.586	1.540	1.336	1.174	1.229	0.114	0.103	0.120	0.102	0.101	0.102	0.100	0.098	0.094	0.096	0.093	0.097	1.506	1.236	1.238	1.252	1.320	1.365	1.465	1.564	1.520	1.343	1.139	0.893
18:01:15	37.1	1.488	1.448	1.479	1.480	1.494	1.513	1.528	1.588	1.472	1.337	1.098	0.835	0.108	0.104	0.110	0.110	0.107	0.108	0.108	0.105	0.114	0.106	0.104	0.099	1.510	1.452	1.440	1.428	1.496	1.507	1.554	1.578	1.533	1.327	1.099	0.954	1.502	1.433	1.445	1.435	1.490	1.519	1.565	1.523	1.499	1.371	1.207	1.274	0.104	0.103	0.107	0.109	0.112	0.111	0.105	0.106	0.103	0.104	0.105	0.101	1.510	1.428	1.411	1.421	1.475	1.511	1.561	1.587	1.541	1.336	1.177	1.233	0.114	0.103	0.120	0.102	0.101	0.102	0.099	0.098	0.095	0.094	0.094	0.096	1.512	1.231	1.243	1.258	1.324	1.368	1.468	1.564	1.521	1.342	1.143	0.891
19:01:16	37.1	1.491	1.456	1.482	1.479	1.496	1.512	1.530	1.591	1.479	1.341	1.103	0.832	0.108	0.103	0.110	0.110	0.107	0.108	0.108	0.105	0.114	0.105	0.104	0.099	1.512	1.454	1.440	1.431	1.500	1.511	1.557	1.582	1.536	1.329	1.108	0.958	1.505	1.435	1.448	1.439	1.493	1.521	1.569	1.527	1.503	1.372	1.207	1.281	0.104	0.103	0.107	0.109	0.112	0.111	0.105	0.106	0.103	0.104	0.105	0.101	1.510	1.426	1.414	1.427	1.480	1.514	1.565	1.588	1.543	1.338	1.181	1.241	0.114	0.104	0.120	0.107	0.100	0.102	0.099	0.098	0.094	0.094	0.094	0.097	1.514	1.243	1.251	1.262	1.328	1.373	1.468	1.567	1.524	1.347	1.157	0.893
20:01:17	37.1	1.492	1.456	1.484	1.483	1.500	1.516	1.530	1.594	1.475	1.341	1.128	0.844	0.108	0.103	0.110	0.110	0.107	0.108	0.108	0.104	0.114	0.106	0.104	0.099	1.517	1.452	1.445	1.436	1.505	1.515	1.560	1.583	1.536	1.329	1.110	0.959	1.504	1.438	1.452	1.444	1.497	1.523	1.572	1.528	1.505	1.375	1.213	1.292	0.104	0.103	0.107	0.109	0.112	0.111	0.105	0.106	0.103	0.104	0.105	0.101	1.514	1.433	1.422	1.430	1.483	1.516	1.568	1.590	1.544	1.335	1.184	1.248	0.114	0.103	0.120	0.102	0.101	0.102	0.099	0.097	0.094	0.095	0.093	0.097	1.518	1.243	1.253	1.266	1.332	1.376	1.471	1.568	1.524	1.349	1.163	0.892
21:01:17	37.1	1.492	1.457	1.482	1.487	1.498	1.514	1.531	1.595	1.480	1.345	1.110	0.825	0.108	0.103	0.110	0.110	0.107	0.108	0.108	0.105	0.114	0.105	0.104	0.099	1.518	1.457	1.448	1.438	1.508	1.519	1.563	1.584	1.536	1.331	1.114	0.958	1.505	1.441	1.453	1.447	1.497	1.525	1.575	1.532	1.509	1.375	1.211	1.288	0.104	0.103	0.107	0.109	0.112	0.111	0.104	0.106	0.103	0.104	0.105	0.101	1.514	1.434	1.421	1.431	1.485	1.519	1.571	1.592	1.545	1.337	1.188	1.251	0.114	0.105	0.119	0.101	0.101	0.102	0.099	0.098	0.094	0.095	0.093	0.096	1.523	1.245	1.256	1.267	1.334	1.377	1.472	1.569	1.524	1.348	1.165	0.888
22:01:17	37.1	1.492	1.463	1.490	1.487	1.503	1.518	1.536	1.597	1.480	1.346	1.100	0.828	0.108	0.103	0.110	0.110	0.107	0.108	0.108	0.104	0.114	0.106	0.104	0.099	1.524	1.455	1.454	1.439	1.512	1.523	1.566	1.587	1.538	1.335	1.112	0.957	1.507	1.446	1.458	1.450	1.501	1.529	1.578	1.534	1.508	1.378	1.212	1.289	0.104	0.103	0.107	0.109	0.112	0.111	0.104	0.106	0.103	0.104	0.105	0.101	1.519	1.437	1.426	1.438	1.490	1.523	1.573	1.593	1.548	1.337	1.192	1.258	0.114	0.103	0.120	0.102	0.100	0.102	0.099	0.098	0.093	0.094	0.093	0.096	1.527	1.255	1.261	1.274	1.339	1.381	1.474	1.568	1.527	1.350	1.167	0.883
0:00:00																																																																																																	
0:00:00																																																																																																	
0:00:00																																																																																																	
0:00:00																																																																																																	
0:00:00																																																																																																	
0:00:00																																																																																																	
0:00:00																																																																																																	
0:00:00																																																																																																	
0:00:00																																																																																																	
0:00:00																																																																																																	
0:00:00																																																																																																	
0:00:00																																																																																																	
0:00:00																																																																																																	
0:00:00																																																																																																	
0:00:00																																																																																																	
0:00:00																																																																																																	
0:00:00																																																																																																	
0:00:00																																																																																																	
0:00:00																																																																																																	
0:00:00																																																																																																	
0:00:00																																																																																																	
0:00:00																																																																																																	
0:00:00																																																																																																	
0:00:00																																																																																																	
0:00:00																																																																																																	
0:00:00																																																																																																	

Results
	1	2	3	4	5	6	7	8	9	10	11	12
A	0.080	0.144	0.115	0.103	0.101	0.091	0.053	0.058	0.111	0.049	0.114	0.347	Max V [578]
	0.871	0.980	0.980	0.971	0.971	0.998	0.985	0.976	0.995	0.956	0.566	0.975	R-Squared [578]
	2:01:07	3:01:07	3:01:07	6:01:09	3:01:07	3:01:07	2:01:07	2:01:07	2:01:07	3:01:07	2:01:07	2:01:07	t at Max V [578]
	0:33:20	0:53:36	1:04:35	1:03:49	0:58:31	0:22:55	?????	?????	?????	?????	?????	?????	Lagtime [578]
B	-0.001	-0.001	-0.001	-0.001	-0.001	-0.001	-0.001	-0.002	-0.001	-0.001	-0.001	0.001	Max V [578]
	0.920	0.481	0.880	0.625	0.692	0.900	0.750	0.983	0.920	0.750	0.781	0.800	R-Squared [578]
	8:01:10	2:01:07	18:01:16	17:01:15	5:01:08	9:01:10	5:01:08	18:01:16	18:01:16	5:01:08	18:01:16	7:01:09	t at Max V [578]
	9:21:10	?????	15:07:53	11:01:11	0:41:07	5:41:09	2:01:07	9:05:45	9:21:08	?????	11:13:09	7:01:09	Lagtime [578]
C	0.088	0.169	0.137	0.141	0.112	0.116	0.089	0.088	0.105	0.033	0.089	0.230	Max V [578]
	0.998	0.974	0.980	0.995	0.988	0.984	0.999	0.992	0.978	0.882	0.914	0.927	R-Squared [578]
	2:01:07	5:01:08	6:01:09	7:01:09	3:01:07	3:01:07	6:01:09	2:01:07	2:01:07	18:01:16	2:01:07	2:01:07	t at Max V [578]
	0:04:02	1:15:56	0:55:51	0:48:37	0:31:43	0:31:21	0:11:22	0:04:42	0:12:44	17:29:07	?????	?????	Lagtime [578]
D	0.094	0.139	0.142	0.154	0.115	0.093	0.052	0.072	0.087	0.054	0.119	0.161	Max V [578]
	0.977	0.964	0.999	0.978	0.979	0.982	0.999	0.973	0.988	0.986	0.988	0.997	R-Squared [578]
	2:01:07	2:01:07	2:01:07	2:01:07	2:01:07	2:01:07	20:01:16	5:01:08	2:01:07	4:01:07	2:01:07	2:01:07	t at Max V [578]
	?????	?????	0:01:13	?????	?????	?????	5:43:28	?????	?????	?????	0:03:47	?????	Lagtime [578]
E	-0.001	-0.001	-0.003	-0.001	-0.001	-0.001	-0.002	-0.001	-0.001	-0.003	-0.001	-0.001	Max V [578]
	0.817	0.941	0.902	0.750	0.942	0.880	0.926	0.529	0.750	0.896	0.942	0.521	R-Squared [578]
	18:01:16	4:01:07	17:01:15	14:01:13	16:01:15	18:01:16	14:01:13	14:01:13	2:01:07	7:01:09	4:01:07	14:01:13	t at Max V [578]
	16:35:31	3:01:07	9:07:29	7:41:10	9:26:56	8:41:07	3:49:09	8:41:10	0:01:05	2:26:49	?????	12:25:13	Lagtime [578]
F	0.078	0.157	0.145	0.141	0.116	0.098	0.077	0.057	0.059	0.016	0.123	0.257	Max V [578]
	0.996	0.985	0.983	0.995	1.000	0.995	0.981	0.979	0.953	0.746	0.903	0.990	R-Squared [578]
	4:01:07	7:01:09	5:01:08	6:01:09	5:01:08	6:01:09	7:01:09	4:01:07	4:01:07	17:01:15	7:01:09	2:01:07	t at Max V [578]
	0:27:20	0:53:58	1:34:46	1:43:42	0:41:03	1:37:48	1:19:52	0:54:45	0:36:33	11:07:35	0:06:49	?????	Lagtime [578]
G	-0.001	0.005	-0.004	-0.016	-0.004	-0.004	-0.005	-0.006	-0.009	0.004	0.004	-0.003	Max V [578]
	0.750	0.460	0.977	0.453	0.864	0.953	0.817	0.923	0.833	0.435	0.969	0.641	R-Squared [578]
	10:01:11	19:01:16	3:01:07	14:01:13	17:01:15	17:01:15	11:01:12	9:01:10	2:01:07	15:01:14	17:01:15	14:01:13	t at Max V [578]
	10:54:31	18:44:42	1:19:34	15:08:35	14:35:08	12:50:18	7:48:18	5:22:41	0:26:28	14:17:35	17:32:22	15:04:05	Lagtime [578]
H	0.130	0.173	0.197	0.185	0.161	0.146	0.091	0.070	0.064	0.034	0.143	0.238	Max V [578]
	0.990	0.998	0.993	0.994	0.998	0.998	1.000	0.989	0.986	0.881	0.981	0.971	R-Squared [578]
	3:01:07	6:01:09	4:01:07	3:01:07	3:01:07	2:01:07	2:01:07	2:01:07	2:01:07	18:01:16	18:01:16	2:01:07	t at Max V [578]
	0:14:12	1:16:58	0:30:34	0:18:37	0:17:16	?????	0:02:38	?????	?????	6:14:42	10:57:19	?????	Lagtime [578]



Software Version	3.12.08



Experiment File Path:	C:\Users\Sarela\Documents\Sarela_growth_curves\Experiment21_v2_050624_2plates_Exp22_060624_2plates.xpt
Protocol File Path:	C:\Users\Public\Documents\Protocols\New_96well_578_24H.prt



Plate Number	Plate 2
Date	6/6/2024
Time	11:14:55 AM
Reader Type:	Epoch 2
Reader Serial Number:	2202232E
Reading Type	Reader

Procedure Details

Plate Type	96 WELL PLATE
Discontinuous Kinetics	Runtime 2:00:00 (D:HH:MM), Interval 0:01:00, 49 Reads
Eject plate on completion	
Set Temperature	Setpoint 37°C, Gradient 0 °C
Shake	Double Orbital: 0:01:01 (HH:MM:SS)
	Frequency: 282 cpm (3 mm)
Read	Absorbance Endpoint
	Full Plate
	Wavelengths:  578
	Read Speed: Normal,  Delay: 100 msec,  Measurements/Data Point: 8

578

Time	T° 578	A1	A2	A3	A4	A5	A6	A7	A8	A9	A10	A11	A12	B1	B2	B3	B4	B5	B6	B7	B8	B9	B10	B11	B12	C1	C2	C3	C4	C5	C6	C7	C8	C9	C10	C11	C12	D1	D2	D3	D4	D5	D6	D7	D8	D9	D10	D11	D12	E1	E2	E3	E4	E5	E6	E7	E8	E9	E10	E11	E12	F1	F2	F3	F4	F5	F6	F7	F8	F9	F10	F11	F12	G1	G2	G3	G4	G5	G6	G7	G8	G9	G10	G11	G12	H1	H2	H3	H4	H5	H6	H7	H8	H9	H10	H11	H12
0:01:05	37.1	1.537	1.423	1.437	1.461	1.437	1.436	1.500	1.583	1.443	1.328	1.095	0.706	0.107	0.110	0.106	0.105	0.104	0.108	0.110	0.112	0.109	0.104	0.104	0.103	1.518	1.367	1.353	1.378	1.439	1.468	1.487	1.566	1.498	1.317	1.061	0.846	1.549	1.376	1.414	1.384	1.435	1.515	1.524	1.583	1.422	1.377	1.112	1.135	0.111	0.104	0.120	0.107	0.107	0.108	0.107	0.117	0.109	0.103	0.109	0.106	1.534	1.367	1.387	1.375	1.424	1.482	1.492	1.570	1.500	1.383	1.120	1.061	0.110	0.116	0.141	0.135	0.108	0.139	0.139	0.137	0.140	0.136	0.135	0.129	1.502	1.115	1.249	1.192	1.155	1.237	1.361	1.581	1.543	1.321	1.061	0.777
1:01:06	37.1	1.507	1.389	1.411	1.427	1.402	1.399	1.470	1.559	1.419	1.298	1.061	0.696	0.107	0.110	0.106	0.105	0.104	0.108	0.110	0.112	0.109	0.103	0.104	0.103	1.495	1.344	1.322	1.343	1.406	1.438	1.451	1.532	1.465	1.274	1.027	0.822	1.525	1.358	1.392	1.360	1.403	1.483	1.486	1.550	1.385	1.337	1.076	1.105	0.111	0.103	0.119	0.107	0.107	0.108	0.107	0.117	0.109	0.103	0.109	0.106	1.515	1.344	1.362	1.342	1.394	1.452	1.461	1.541	1.468	1.343	1.089	1.040	0.110	0.099	0.107	0.099	0.108	0.098	0.098	0.098	0.099	0.101	0.099	0.095	1.491	1.098	1.226	1.168	1.125	1.202	1.333	1.553	1.506	1.280	1.031	0.766
2:01:06	37.1	1.515	1.396	1.414	1.432	1.411	1.407	1.476	1.564	1.428	1.305	1.049	0.722	0.107	0.110	0.106	0.105	0.104	0.108	0.110	0.112	0.109	0.103	0.104	0.103	1.500	1.346	1.333	1.351	1.414	1.448	1.458	1.539	1.473	1.278	1.040	0.840	1.532	1.373	1.400	1.370	1.410	1.487	1.490	1.554	1.390	1.342	1.087	1.113	0.111	0.104	0.119	0.107	0.107	0.108	0.107	0.117	0.109	0.103	0.109	0.106	1.519	1.348	1.367	1.353	1.404	1.457	1.464	1.544	1.473	1.344	1.098	1.054	0.110	0.099	0.107	0.099	0.108	0.098	0.098	0.098	0.099	0.100	0.098	0.095	1.500	1.110	1.235	1.182	1.137	1.215	1.340	1.557	1.510	1.281	1.036	0.777
3:01:07	37.1	1.521	1.404	1.423	1.440	1.415	1.415	1.480	1.569	1.438	1.305	1.058	0.736	0.107	0.110	0.106	0.105	0.104	0.108	0.110	0.112	0.109	0.103	0.104	0.102	1.505	1.354	1.343	1.358	1.420	1.452	1.467	1.544	1.477	1.278	1.043	0.851	1.532	1.379	1.411	1.377	1.419	1.494	1.493	1.556	1.395	1.345	1.095	1.120	0.111	0.103	0.119	0.107	0.107	0.108	0.107	0.116	0.109	0.103	0.109	0.106	1.525	1.353	1.375	1.352	1.409	1.463	1.469	1.548	1.475	1.347	1.105	1.070	0.110	0.099	0.107	0.099	0.108	0.098	0.097	0.097	0.099	0.099	0.097	0.096	1.501	1.125	1.243	1.190	1.146	1.223	1.347	1.562	1.514	1.283	1.042	0.790
4:01:08	37.1	1.529	1.416	1.430	1.446	1.424	1.420	1.482	1.572	1.442	1.309	1.062	0.754	0.106	0.110	0.106	0.104	0.104	0.108	0.109	0.112	0.108	0.103	0.104	0.102	1.510	1.365	1.349	1.368	1.427	1.460	1.470	1.549	1.479	1.273	1.046	0.865	1.538	1.387	1.414	1.384	1.424	1.497	1.495	1.560	1.398	1.349	1.099	1.131	0.111	0.103	0.119	0.107	0.107	0.108	0.107	0.116	0.109	0.103	0.108	0.105	1.530	1.363	1.386	1.365	1.411	1.467	1.472	1.551	1.479	1.346	1.110	1.081	0.110	0.099	0.107	0.098	0.108	0.098	0.098	0.098	0.098	0.099	0.097	0.095	1.507	1.133	1.253	1.204	1.153	1.232	1.353	1.565	1.517	1.282	1.038	0.799
5:01:08	37.1	1.528	1.421	1.439	1.455	1.425	1.428	1.485	1.577	1.446	1.309	1.075	0.768	0.106	0.110	0.106	0.105	0.104	0.108	0.109	0.112	0.109	0.103	0.104	0.102	1.517	1.373	1.359	1.377	1.433	1.468	1.475	1.556	1.485	1.274	1.059	0.875	1.541	1.391	1.420	1.390	1.427	1.503	1.500	1.565	1.402	1.349	1.103	1.148	0.111	0.103	0.119	0.107	0.107	0.108	0.107	0.116	0.109	0.103	0.109	0.106	1.534	1.372	1.390	1.372	1.418	1.473	1.476	1.554	1.484	1.345	1.120	1.096	0.110	0.099	0.108	0.098	0.108	0.098	0.098	0.097	0.099	0.099	0.097	0.096	1.512	1.137	1.263	1.207	1.162	1.238	1.362	1.569	1.521	1.285	1.041	0.814
6:01:08	37.1	1.532	1.428	1.441	1.456	1.432	1.430	1.487	1.580	1.449	1.304	1.064	0.774	0.107	0.110	0.106	0.105	0.104	0.108	0.109	0.112	0.109	0.103	0.104	0.103	1.521	1.387	1.364	1.387	1.440	1.474	1.482	1.559	1.488	1.269	1.049	0.885	1.544	1.400	1.427	1.397	1.433	1.508	1.500	1.566	1.404	1.350	1.114	1.151	0.111	0.103	0.119	0.107	0.107	0.108	0.107	0.116	0.109	0.103	0.108	0.106	1.540	1.381	1.394	1.379	1.428	1.481	1.481	1.557	1.486	1.343	1.122	1.107	0.110	0.099	0.107	0.098	0.108	0.099	0.098	0.098	0.099	0.100	0.098	0.096	1.518	1.151	1.272	1.219	1.170	1.247	1.364	1.571	1.524	1.282	1.034	0.822
7:01:09	37.1	1.532	1.433	1.444	1.458	1.434	1.433	1.488	1.579	1.453	1.309	1.073	0.783	0.106	0.110	0.106	0.105	0.104	0.108	0.109	0.111	0.108	0.103	0.104	0.102	1.523	1.393	1.372	1.391	1.444	1.480	1.488	1.564	1.493	1.269	1.054	0.893	1.547	1.407	1.431	1.401	1.438	1.512	1.502	1.571	1.408	1.354	1.122	1.163	0.111	0.103	0.118	0.107	0.107	0.108	0.106	0.116	0.109	0.103	0.108	0.105	1.544	1.389	1.402	1.382	1.430	1.485	1.485	1.562	1.491	1.344	1.130	1.119	0.110	0.099	0.107	0.098	0.107	0.098	0.097	0.097	0.098	0.099	0.097	0.095	1.522	1.154	1.278	1.227	1.179	1.253	1.369	1.574	1.527	1.281	1.033	0.826
8:01:09	37.1	1.536	1.433	1.451	1.464	1.440	1.436	1.493	1.583	1.456	1.309	1.082	0.793	0.106	0.110	0.106	0.104	0.104	0.108	0.110	0.111	0.108	0.103	0.104	0.102	1.525	1.397	1.381	1.397	1.450	1.488	1.493	1.564	1.496	1.271	1.060	0.900	1.547	1.410	1.438	1.407	1.444	1.514	1.505	1.576	1.414	1.357	1.125	1.166	0.111	0.103	0.118	0.107	0.107	0.108	0.107	0.115	0.109	0.103	0.108	0.105	1.546	1.395	1.406	1.391	1.439	1.492	1.491	1.564	1.494	1.347	1.137	1.130	0.110	0.099	0.107	0.098	0.107	0.098	0.097	0.097	0.098	0.099	0.097	0.095	1.523	1.160	1.285	1.236	1.187	1.263	1.374	1.577	1.529	1.281	1.032	0.831
9:01:10	37.1	1.538	1.441	1.453	1.468	1.442	1.440	1.495	1.585	1.459	1.310	1.090	0.797	0.107	0.110	0.106	0.105	0.103	0.108	0.110	0.111	0.108	0.103	0.104	0.103	1.526	1.403	1.387	1.406	1.456	1.491	1.500	1.568	1.500	1.274	1.059	0.906	1.550	1.413	1.439	1.413	1.445	1.516	1.507	1.579	1.418	1.357	1.131	1.174	0.111	0.103	0.118	0.107	0.107	0.108	0.106	0.115	0.109	0.103	0.108	0.106	1.547	1.399	1.413	1.400	1.441	1.495	1.494	1.567	1.497	1.345	1.143	1.136	0.110	0.099	0.108	0.098	0.107	0.098	0.097	0.097	0.098	0.099	0.097	0.095	1.528	1.169	1.291	1.243	1.195	1.267	1.378	1.579	1.531	1.281	1.029	0.837
10:01:10	37.1	1.539	1.445	1.460	1.474	1.447	1.443	1.495	1.586	1.461	1.309	1.095	0.803	0.106	0.110	0.106	0.105	0.104	0.108	0.109	0.111	0.108	0.103	0.104	0.102	1.528	1.409	1.396	1.412	1.460	1.498	1.503	1.571	1.500	1.264	1.056	0.911	1.551	1.421	1.445	1.414	1.449	1.517	1.508	1.578	1.422	1.356	1.143	1.183	0.111	0.103	0.118	0.107	0.107	0.108	0.107	0.115	0.108	0.103	0.108	0.106	1.549	1.410	1.421	1.406	1.446	1.501	1.498	1.568	1.497	1.340	1.146	1.146	0.110	0.099	0.108	0.098	0.107	0.098	0.098	0.097	0.098	0.099	0.097	0.096	1.532	1.184	1.303	1.254	1.204	1.280	1.386	1.581	1.534	1.281	1.027	0.840
11:01:11	37.1	1.540	1.451	1.462	1.477	1.449	1.445	1.498	1.589	1.466	1.312	1.095	0.808	0.106	0.110	0.106	0.105	0.104	0.108	0.109	0.111	0.108	0.103	0.104	0.103	1.532	1.415	1.404	1.419	1.465	1.501	1.509	1.573	1.504	1.262	1.059	0.914	1.553	1.428	1.449	1.420	1.451	1.521	1.511	1.582	1.425	1.359	1.139	1.192	0.111	0.103	0.118	0.107	0.107	0.108	0.107	0.115	0.108	0.103	0.108	0.106	1.553	1.413	1.428	1.411	1.454	1.506	1.502	1.570	1.502	1.341	1.154	1.160	0.109	0.099	0.108	0.098	0.107	0.098	0.097	0.097	0.098	0.098	0.097	0.095	1.533	1.190	1.306	1.261	1.210	1.281	1.387	1.582	1.537	1.282	1.030	0.845
12:01:12	37.1	1.540	1.451	1.468	1.480	1.454	1.451	1.502	1.590	1.469	1.319	1.093	0.819	0.106	0.109	0.106	0.104	0.104	0.108	0.109	0.111	0.108	0.103	0.104	0.102	1.535	1.423	1.407	1.426	1.472	1.509	1.516	1.577	1.510	1.269	1.065	0.921	1.555	1.431	1.456	1.423	1.454	1.525	1.514	1.586	1.429	1.363	1.145	1.199	0.111	0.103	0.118	0.107	0.107	0.108	0.106	0.115	0.108	0.103	0.108	0.105	1.555	1.417	1.434	1.421	1.457	1.511	1.508	1.575	1.507	1.344	1.162	1.172	0.109	0.099	0.107	0.097	0.107	0.098	0.097	0.097	0.098	0.100	0.097	0.095	1.535	1.192	1.312	1.265	1.217	1.286	1.392	1.585	1.540	1.284	1.037	0.849
13:01:13	37.1	1.543	1.460	1.472	1.484	1.458	1.457	1.506	1.593	1.471	1.319	1.091	0.820	0.106	0.109	0.106	0.105	0.104	0.108	0.110	0.111	0.108	0.103	0.104	0.103	1.538	1.429	1.414	1.430	1.476	1.515	1.520	1.580	1.510	1.269	1.065	0.923	1.555	1.435	1.457	1.429	1.457	1.527	1.515	1.587	1.433	1.364	1.148	1.202	0.111	0.103	0.118	0.107	0.107	0.108	0.106	0.114	0.108	0.103	0.108	0.106	1.554	1.422	1.441	1.426	1.463	1.517	1.513	1.576	1.506	1.344	1.164	1.181	0.109	0.099	0.107	0.098	0.107	0.098	0.097	0.097	0.099	0.099	0.097	0.095	1.538	1.200	1.318	1.272	1.224	1.291	1.391	1.585	1.540	1.282	1.038	0.851
14:01:13	37.1	1.546	1.459	1.471	1.485	1.459	1.455	1.506	1.595	1.473	1.321	1.106	0.824	0.106	0.110	0.106	0.105	0.103	0.108	0.109	0.111	0.108	0.103	0.104	0.103	1.538	1.433	1.419	1.433	1.481	1.519	1.525	1.582	1.514	1.270	1.069	0.929	1.556	1.438	1.461	1.431	1.460	1.529	1.519	1.589	1.437	1.365	1.148	1.212	0.111	0.103	0.118	0.107	0.107	0.108	0.106	0.114	0.108	0.103	0.108	0.106	1.555	1.428	1.441	1.429	1.468	1.522	1.518	1.580	1.508	1.343	1.173	1.190	0.109	0.099	0.107	0.097	0.107	0.098	0.098	0.097	0.098	0.098	0.097	0.096	1.538	1.205	1.322	1.276	1.226	1.295	1.396	1.589	1.544	1.285	1.044	0.853
15:01:13	37.1	1.545	1.462	1.475	1.487	1.461	1.459	1.510	1.598	1.480	1.324	1.108	0.828	0.106	0.109	0.106	0.105	0.104	0.108	0.109	0.111	0.108	0.103	0.104	0.102	1.541	1.440	1.423	1.436	1.485	1.526	1.530	1.584	1.516	1.271	1.076	0.934	1.558	1.441	1.465	1.434	1.464	1.531	1.521	1.593	1.442	1.366	1.155	1.213	0.111	0.103	0.118	0.107	0.107	0.108	0.107	0.114	0.108	0.103	0.108	0.105	1.557	1.433	1.446	1.434	1.472	1.527	1.523	1.581	1.510	1.346	1.180	1.203	0.109	0.098	0.107	0.098	0.107	0.098	0.097	0.098	0.097	0.099	0.096	0.095	1.539	1.211	1.325	1.281	1.233	1.302	1.399	1.590	1.546	1.288	1.051	0.855
16:01:14	37.1	1.547	1.470	1.480	1.493	1.465	1.464	1.514	1.600	1.478	1.323	1.098	0.826	0.106	0.109	0.106	0.104	0.103	0.108	0.109	0.111	0.108	0.103	0.104	0.102	1.544	1.444	1.431	1.440	1.491	1.530	1.533	1.587	1.517	1.268	1.073	0.935	1.560	1.447	1.468	1.438	1.468	1.533	1.522	1.594	1.442	1.365	1.157	1.216	0.111	0.103	0.118	0.107	0.107	0.108	0.106	0.114	0.108	0.103	0.108	0.106	1.559	1.439	1.452	1.440	1.475	1.530	1.525	1.582	1.509	1.344	1.178	1.206	0.109	0.098	0.108	0.098	0.107	0.098	0.097	0.096	0.098	0.099	0.097	0.096	1.542	1.218	1.331	1.290	1.240	1.306	1.402	1.590	1.546	1.285	1.052	0.855
17:01:14	37.1	1.546	1.466	1.481	1.495	1.463	1.464	1.515	1.601	1.479	1.322	1.098	0.828	0.106	0.109	0.106	0.104	0.103	0.108	0.109	0.111	0.108	0.103	0.104	0.102	1.546	1.445	1.432	1.444	1.494	1.535	1.537	1.589	1.518	1.269	1.075	0.936	1.562	1.451	1.472	1.439	1.470	1.536	1.523	1.596	1.446	1.367	1.160	1.220	0.111	0.103	0.118	0.107	0.107	0.108	0.106	0.114	0.108	0.102	0.108	0.105	1.559	1.440	1.452	1.442	1.480	1.534	1.529	1.584	1.512	1.343	1.185	1.213	0.109	0.098	0.107	0.098	0.106	0.098	0.097	0.096	0.097	0.098	0.096	0.096	1.545	1.212	1.334	1.290	1.241	1.308	1.403	1.592	1.548	1.288	1.060	0.853
18:01:15	37.1	1.552	1.477	1.487	1.496	1.472	1.469	1.520	1.604	1.483	1.326	1.131	0.835	0.106	0.109	0.106	0.104	0.103	0.108	0.109	0.111	0.108	0.103	0.104	0.102	1.550	1.453	1.438	1.449	1.498	1.538	1.540	1.591	1.520	1.273	1.081	0.938	1.562	1.452	1.474	1.443	1.471	1.536	1.527	1.598	1.448	1.368	1.165	1.226	0.111	0.103	0.118	0.107	0.107	0.108	0.106	0.113	0.108	0.103	0.108	0.106	1.561	1.447	1.455	1.445	1.482	1.537	1.532	1.587	1.513	1.345	1.192	1.223	0.109	0.098	0.107	0.097	0.107	0.098	0.097	0.095	0.097	0.098	0.096	0.096	1.548	1.231	1.340	1.297	1.250	1.316	1.404	1.593	1.548	1.290	1.067	0.855
19:01:15	37.1	1.557	1.475	1.486	1.497	1.471	1.468	1.521	1.605	1.486	1.324	1.128	0.834	0.106	0.109	0.105	0.104	0.103	0.108	0.109	0.111	0.108	0.103	0.104	0.102	1.550	1.454	1.436	1.449	1.501	1.541	1.542	1.593	1.519	1.271	1.078	0.936	1.563	1.457	1.476	1.445	1.470	1.538	1.529	1.601	1.449	1.369	1.165	1.230	0.111	0.103	0.118	0.107	0.106	0.108	0.106	0.113	0.108	0.102	0.108	0.105	1.559	1.447	1.459	1.449	1.486	1.541	1.534	1.588	1.512	1.343	1.192	1.222	0.109	0.098	0.107	0.098	0.107	0.097	0.097	0.095	0.097	0.097	0.097	0.096	1.552	1.234	1.344	1.302	1.251	1.316	1.409	1.594	1.550	1.291	1.070	0.850
20:01:16	37.1	1.559	1.482	1.491	1.502	1.475	1.471	1.526	1.609	1.491	1.327	1.146	0.830	0.106	0.109	0.105	0.104	0.104	0.108	0.109	0.110	0.108	0.103	0.104	0.102	1.555	1.456	1.446	1.451	1.507	1.547	1.547	1.596	1.524	1.278	1.083	0.939	1.565	1.460	1.479	1.449	1.474	1.540	1.532	1.602	1.454	1.372	1.165	1.236	0.111	0.103	0.118	0.106	0.107	0.108	0.106	0.113	0.108	0.102	0.108	0.105	1.562	1.452	1.463	1.450	1.491	1.544	1.538	1.591	1.515	1.344	1.197	1.236	0.109	0.098	0.107	0.097	0.106	0.097	0.097	0.096	0.098	0.097	0.096	0.095	1.557	1.239	1.348	1.303	1.256	1.322	1.410	1.596	1.552	1.295	1.080	0.852
21:01:16	37.1	1.558	1.480	1.490	1.502	1.475	1.475	1.528	1.612	1.492	1.330	1.149	0.828	0.106	0.109	0.105	0.104	0.103	0.108	0.109	0.110	0.108	0.103	0.104	0.102	1.555	1.460	1.446	1.456	1.510	1.548	1.549	1.599	1.524	1.278	1.087	0.940	1.564	1.461	1.479	1.450	1.476	1.541	1.533	1.605	1.457	1.372	1.171	1.238	0.111	0.103	0.118	0.107	0.107	0.108	0.106	0.112	0.108	0.103	0.108	0.105	1.563	1.452	1.464	1.452	1.494	1.546	1.541	1.593	1.515	1.346	1.203	1.241	0.109	0.098	0.107	0.097	0.106	0.097	0.097	0.096	0.097	0.097	0.096	0.095	1.561	1.243	1.349	1.308	1.260	1.324	1.412	1.597	1.554	1.295	1.084	0.850
22:01:18	37.1	1.558	1.482	1.490	1.505	1.479	1.475	1.532	1.614	1.494	1.329	1.142	0.830	0.106	0.109	0.105	0.105	0.103	0.108	0.109	0.111	0.108	0.103	0.104	0.102	1.558	1.460	1.448	1.456	1.513	1.551	1.552	1.599	1.524	1.277	1.089	0.937	1.567	1.466	1.482	1.451	1.478	1.544	1.536	1.606	1.462	1.374	1.173	1.242	0.111	0.103	0.118	0.106	0.106	0.108	0.106	0.112	0.108	0.103	0.108	0.105	1.566	1.452	1.468	1.457	1.497	1.548	1.544	1.596	1.517	1.348	1.206	1.248	0.109	0.098	0.106	0.097	0.106	0.097	0.097	0.096	0.096	0.098	0.095	0.095	1.565	1.244	1.352	1.309	1.263	1.326	1.414	1.599	1.556	1.298	1.084	0.848
0:00:00																																																																																																	
0:00:00																																																																																																	
0:00:00																																																																																																	
0:00:00																																																																																																	
0:00:00																																																																																																	
0:00:00																																																																																																	
0:00:00																																																																																																	
0:00:00																																																																																																	
0:00:00																																																																																																	
0:00:00																																																																																																	
0:00:00																																																																																																	
0:00:00																																																																																																	
0:00:00																																																																																																	
0:00:00																																																																																																	
0:00:00																																																																																																	
0:00:00																																																																																																	
0:00:00																																																																																																	
0:00:00																																																																																																	
0:00:00																																																																																																	
0:00:00																																																																																																	
0:00:00																																																																																																	
0:00:00																																																																																																	
0:00:00																																																																																																	
0:00:00																																																																																																	
0:00:00																																																																																																	
0:00:00																																																																																																	

Results
	1	2	3	4	5	6	7	8	9	10	11	12
A	0.092	0.137	0.120	0.116	0.099	0.117	0.060	0.074	0.113	0.052	0.211	0.294	Max V [578]
	0.926	0.986	0.984	0.993	0.945	0.998	0.968	0.998	0.961	0.895	0.875	0.985	R-Squared [578]
	3:01:07	3:01:07	3:01:07	3:01:07	3:01:07	3:01:07	3:01:07	3:01:07	3:01:07	12:01:12	18:01:15	3:01:07	t at Max V [578]
	6:05:42	5:11:38	4:56:17	6:00:53	6:33:58	6:08:29	8:53:34	6:13:38	4:13:46	15:50:12	16:03:42	1:20:06	Lagtime [578]
B	-0.001	-0.002	-0.002	-0.001	-0.001	-0.001	-0.001	-0.002	-0.002	-0.001	-0.001	-0.001	Max V [578]
	0.900	0.973	0.899	0.920	0.692	0.941	0.942	0.880	0.893	0.817	0.941	0.481	R-Squared [578]
	3:01:07	2:01:07	19:01:15	2:01:07	17:01:14	2:01:07	2:01:07	5:01:08	2:01:07	17:01:14	3:01:07	13:01:12	t at Max V [578]
	3:01:07	0:11:05	13:01:12	0:01:05	11:21:11	?????	?????	0:42:39	0:37:05	9:52:37	2:01:06	12:13:12	Lagtime [578]
C	0.091	0.168	0.148	0.149	0.112	0.121	0.102	0.094	0.077	-0.138	0.118	0.218	Max V [578]
	0.995	0.991	0.994	0.996	0.998	0.986	0.999	0.994	0.960	0.493	0.926	0.991	R-Squared [578]
	4:01:07	4:01:07	3:01:07	4:01:07	3:01:07	3:01:07	7:01:09	3:01:07	3:01:07	2:01:07	3:01:07	3:01:07	t at Max V [578]
	5:30:45	4:16:05	4:18:09	5:06:49	5:54:54	5:02:18	6:56:04	6:57:44	7:53:31	?????	5:35:29	2:39:30	Lagtime [578]
D	0.065	0.135	0.117	0.125	0.104	0.081	-0.088	-0.066	0.078	-0.081	0.118	0.174	Max V [578]
	0.952	0.957	0.967	0.992	0.974	0.985	0.299	0.226	0.991	0.241	0.969	0.969	R-Squared [578]
	3:01:07	3:01:07	3:01:07	3:01:07	3:01:07	4:01:07	2:01:07	2:01:07	8:01:09	2:01:07	6:01:09	5:01:08	t at Max V [578]
	7:00:51	2:46:34	3:54:13	4:02:05	5:59:36	7:28:46	?????	?????	9:58:36	?????	5:55:44	4:18:57	Lagtime [578]
E	-0.001	-0.001	-0.003	-0.002	-0.001	-0.001	-0.002	-0.006	-0.002	-0.001	-0.001	-0.001	Max V [578]
	0.750	0.571	0.988	0.926	0.942	0.633	0.987	0.976	0.750	0.810	0.880	0.721	R-Squared [578]
	2:01:07	10:01:11	2:01:07	3:01:07	2:01:07	7:01:09	17:01:14	20:01:17	17:01:14	15:01:14	17:01:14	3:01:07	t at Max V [578]
	1:07:46	5:31:08	?????	1:49:06	0:01:05	4:34:28	11:33:12	8:01:07	8:11:09	10:34:32	8:34:30	1:18:15	Lagtime [578]
F	0.083	0.151	0.125	0.123	0.113	0.102	0.084	0.059	0.066	-0.118	0.123	0.232	Max V [578]
	0.995	0.999	0.978	0.981	0.971	0.994	0.997	0.987	0.984	0.422	0.992	0.998	R-Squared [578]
	4:01:07	5:01:08	3:01:07	9:01:10	6:01:09	6:01:09	12:01:12	5:01:08	3:01:07	2:01:07	3:01:07	3:01:07	t at Max V [578]
	5:00:25	4:29:38	4:25:36	5:53:46	5:50:21	6:29:43	8:43:51	9:29:27	9:12:09	?????	5:08:08	2:28:25	Lagtime [578]
G	-0.002	-0.058	-0.114	-0.121	-0.002	-0.136	-0.139	-0.132	-0.139	-0.124	-0.128	-0.113	Max V [578]
	0.781	0.509	0.503	0.514	0.983	0.503	0.502	0.501	0.507	0.535	0.529	0.504	R-Squared [578]
	15:01:14	2:01:07	2:01:07	2:01:07	15:01:14	2:01:07	2:01:07	2:01:07	2:01:07	2:01:07	2:01:07	2:01:07	t at Max V [578]
	6:49:11	?????	?????	?????	5:19:38	?????	?????	?????	?????	?????	?????	?????	Lagtime [578]
H	0.086	0.171	0.154	0.166	0.148	0.149	0.120	0.063	-0.073	-0.125	0.110	0.196	Max V [578]
	0.994	0.966	0.999	0.973	0.989	0.980	0.998	0.996	0.226	0.451	0.979	0.994	R-Squared [578]
	5:01:08	3:01:07	4:01:07	3:01:07	3:01:07	3:01:07	3:01:07	3:01:07	2:01:07	2:01:07	18:01:15	3:01:07	t at Max V [578]
	3:08:32	2:27:00	3:31:27	3:13:53	4:12:39	4:41:55	4:59:48	8:18:20	?????	?????	17:14:22	1:59:56	Lagtime [578]



Software Version	3.12.08



Experiment File Path:	C:\Users\Sarela\Documents\Sarela_growth_curves\Experiment21_v2_050624_2plates_Exp22_060624_2plates.xpt
Protocol File Path:	C:\Users\Public\Documents\Protocols\New_96well_578_24H.prt



Plate Number	Plate 3
Date	6/6/2024
Time	11:17:19 AM
Reader Type:	Epoch 2
Reader Serial Number:	2202232E
Reading Type	Reader

Procedure Details

Plate Type	96 WELL PLATE
Discontinuous Kinetics	Runtime 2:00:00 (D:HH:MM), Interval 0:01:00, 49 Reads
Eject plate on completion	
Set Temperature	Setpoint 37°C, Gradient 0 °C
Shake	Double Orbital: 0:01:01 (HH:MM:SS)
	Frequency: 282 cpm (3 mm)
Read	Absorbance Endpoint
	Full Plate
	Wavelengths:  578
	Read Speed: Normal,  Delay: 100 msec,  Measurements/Data Point: 8

578

Time	T° 578	A1	A2	A3	A4	A5	A6	A7	A8	A9	A10	A11	A12	B1	B2	B3	B4	B5	B6	B7	B8	B9	B10	B11	B12	C1	C2	C3	C4	C5	C6	C7	C8	C9	C10	C11	C12	D1	D2	D3	D4	D5	D6	D7	D8	D9	D10	D11	D12	E1	E2	E3	E4	E5	E6	E7	E8	E9	E10	E11	E12	F1	F2	F3	F4	F5	F6	F7	F8	F9	F10	F11	F12	G1	G2	G3	G4	G5	G6	G7	G8	G9	G10	G11	G12	H1	H2	H3	H4	H5	H6	H7	H8	H9	H10	H11	H12
0:01:05	37.1	0.100	0.100	0.107	0.105	0.103	0.101	0.101	0.105	0.098	0.099	0.111	0.107	0.109	0.107	0.106	0.116	0.104	0.110	0.111	0.107	0.107	0.109	0.120	0.105	0.103	0.108	0.104	0.111	0.105	0.101	0.115	0.110	0.099	0.112	0.098	0.099	0.101	0.103	0.113	0.112	0.103	0.106	0.108	0.100	0.102	0.103	0.103	0.100	0.106	0.108	0.106	0.107	0.116	0.114	0.105	0.121	0.107	0.111	0.106	0.109	0.098	0.115	0.100	0.100	0.108	0.100	0.102	0.100	0.102	0.102	0.098	0.103	0.100	0.114	0.099	0.103	0.101	0.102	0.103	0.105	0.100	0.118	0.099	0.099	0.121	0.102	0.103	0.104	0.102	0.104	0.102	0.107	0.105	0.114	0.103	0.100
1:01:06	37.1	0.101	0.101	0.106	0.105	0.102	0.101	0.101	0.103	0.098	0.099	0.110	0.104	0.108	0.107	0.106	0.116	0.103	0.109	0.111	0.106	0.106	0.108	0.118	0.105	0.103	0.106	0.104	0.110	0.105	0.101	0.114	0.109	0.099	0.115	0.098	0.099	0.101	0.103	0.113	0.111	0.103	0.106	0.107	0.100	0.102	0.103	0.102	0.100	0.106	0.107	0.105	0.107	0.115	0.112	0.105	0.121	0.106	0.110	0.106	0.109	0.098	0.114	0.100	0.100	0.107	0.101	0.102	0.100	0.102	0.102	0.098	0.103	0.100	0.113	0.099	0.102	0.100	0.101	0.102	0.104	0.100	0.113	0.099	0.098	0.123	0.102	0.104	0.103	0.102	0.104	0.102	0.107	0.105	0.113	0.102	0.100
2:01:07	37.1	0.102	0.101	0.107	0.105	0.103	0.101	0.101	0.110	0.099	0.099	0.110	0.104	0.108	0.107	0.106	0.116	0.103	0.109	0.111	0.106	0.106	0.108	0.118	0.105	0.104	0.106	0.105	0.111	0.106	0.102	0.114	0.109	0.100	0.117	0.099	0.100	0.103	0.104	0.115	0.110	0.104	0.107	0.108	0.101	0.103	0.104	0.103	0.101	0.106	0.107	0.105	0.107	0.115	0.112	0.105	0.119	0.106	0.110	0.106	0.109	0.098	0.114	0.101	0.101	0.108	0.101	0.103	0.100	0.102	0.101	0.098	0.104	0.099	0.112	0.098	0.102	0.100	0.101	0.102	0.104	0.100	0.110	0.099	0.098	0.124	0.102	0.104	0.104	0.102	0.104	0.103	0.106	0.105	0.113	0.103	0.101
3:01:08	37.1	0.104	0.102	0.107	0.106	0.104	0.102	0.102	0.109	0.100	0.100	0.109	0.105	0.108	0.107	0.106	0.115	0.103	0.109	0.111	0.106	0.106	0.108	0.118	0.105	0.106	0.108	0.107	0.113	0.108	0.104	0.116	0.112	0.102	0.119	0.100	0.104	0.105	0.107	0.117	0.114	0.107	0.111	0.111	0.103	0.106	0.107	0.105	0.105	0.106	0.107	0.105	0.107	0.115	0.112	0.105	0.119	0.106	0.110	0.106	0.109	0.099	0.115	0.103	0.103	0.110	0.102	0.104	0.101	0.103	0.103	0.100	0.106	0.099	0.111	0.098	0.102	0.100	0.102	0.101	0.104	0.100	0.108	0.098	0.099	0.125	0.104	0.106	0.106	0.105	0.106	0.104	0.110	0.107	0.114	0.104	0.103
4:01:09	37.1	0.110	0.107	0.111	0.110	0.108	0.107	0.106	0.113	0.102	0.102	0.110	0.110	0.108	0.106	0.106	0.115	0.103	0.109	0.111	0.106	0.106	0.108	0.117	0.105	0.117	0.114	0.112	0.118	0.115	0.111	0.121	0.117	0.107	0.124	0.102	0.114	0.148	0.117	0.126	0.122	0.117	0.120	0.120	0.112	0.115	0.114	0.109	0.115	0.105	0.107	0.105	0.107	0.115	0.112	0.105	0.119	0.106	0.109	0.105	0.109	0.105	0.119	0.107	0.107	0.114	0.106	0.109	0.105	0.107	0.106	0.101	0.111	0.099	0.111	0.098	0.102	0.100	0.101	0.101	0.103	0.100	0.106	0.098	0.098	0.128	0.111	0.113	0.112	0.110	0.111	0.109	0.112	0.111	0.117	0.105	0.108
5:01:08	37.1	0.136	0.127	0.127	0.130	0.126	0.124	0.120	0.125	0.112	0.111	0.111	0.129	0.108	0.106	0.106	0.115	0.103	0.109	0.111	0.106	0.106	0.108	0.117	0.105	0.149	0.135	0.132	0.137	0.135	0.130	0.140	0.132	0.122	0.137	0.106	0.149	0.145	0.149	0.150	0.150	0.145	0.151	0.145	0.139	0.139	0.134	0.115	0.153	0.105	0.107	0.105	0.107	0.114	0.112	0.105	0.119	0.106	0.109	0.105	0.109	0.126	0.136	0.124	0.121	0.134	0.119	0.126	0.117	0.119	0.115	0.104	0.130	0.099	0.110	0.098	0.102	0.100	0.102	0.100	0.103	0.100	0.105	0.098	0.098	0.161	0.131	0.138	0.130	0.127	0.129	0.125	0.125	0.124	0.127	0.109	0.129
6:01:09	37.1	0.222	0.206	0.181	0.187	0.190	0.192	0.177	0.164	0.141	0.128	0.114	0.201	0.108	0.106	0.105	0.115	0.103	0.109	0.111	0.106	0.106	0.108	0.117	0.105	0.241	0.201	0.195	0.189	0.192	0.189	0.192	0.173	0.157	0.162	0.115	0.254	0.228	0.240	0.220	0.234	0.223	0.236	0.209	0.235	0.210	0.173	0.126	0.258	0.105	0.107	0.105	0.107	0.114	0.112	0.104	0.119	0.106	0.109	0.105	0.109	0.204	0.191	0.187	0.171	0.190	0.161	0.184	0.158	0.161	0.134	0.110	0.200	0.099	0.110	0.098	0.102	0.100	0.101	0.101	0.103	0.100	0.104	0.098	0.098	0.249	0.195	0.213	0.192	0.178	0.178	0.170	0.167	0.158	0.146	0.114	0.194
7:01:09	37.1	0.365	0.370	0.308	0.328	0.336	0.326	0.277	0.239	0.186	0.153	0.120	0.355	0.108	0.106	0.106	0.115	0.103	0.109	0.111	0.106	0.106	0.108	0.117	0.105	0.380	0.366	0.342	0.325	0.334	0.332	0.314	0.277	0.216	0.198	0.132	0.457	0.362	0.417	0.395	0.413	0.375	0.414	0.332	0.399	0.322	0.228	0.145	0.458	0.105	0.107	0.105	0.107	0.114	0.112	0.104	0.119	0.106	0.109	0.106	0.109	0.359	0.349	0.336	0.288	0.318	0.261	0.303	0.236	0.226	0.162	0.120	0.337	0.099	0.110	0.098	0.102	0.101	0.102	0.101	0.102	0.100	0.104	0.098	0.099	0.397	0.338	0.382	0.322	0.290	0.283	0.271	0.255	0.214	0.171	0.123	0.326
8:01:10	37.1	0.529	0.611	0.499	0.535	0.546	0.539	0.447	0.339	0.232	0.176	0.128	0.585	0.108	0.106	0.105	0.115	0.103	0.108	0.110	0.106	0.105	0.107	0.117	0.105	0.537	0.586	0.549	0.517	0.532	0.520	0.490	0.420	0.283	0.232	0.151	0.701	0.519	0.634	0.617	0.644	0.572	0.646	0.497	0.547	0.393	0.276	0.172	0.703	0.105	0.107	0.105	0.106	0.114	0.111	0.104	0.119	0.106	0.109	0.105	0.109	0.530	0.575	0.573	0.476	0.517	0.415	0.494	0.340	0.293	0.194	0.138	0.566	0.099	0.109	0.098	0.102	0.100	0.101	0.100	0.102	0.100	0.103	0.097	0.098	0.564	0.548	0.625	0.506	0.458	0.432	0.420	0.365	0.276	0.197	0.135	0.519
9:01:10	37.1	0.651	0.778	0.624	0.683	0.674	0.694	0.591	0.461	0.281	0.201	0.135	0.732	0.108	0.106	0.105	0.115	0.103	0.109	0.111	0.106	0.106	0.108	0.117	0.105	0.674	0.748	0.704	0.677	0.674	0.686	0.653	0.551	0.360	0.270	0.169	0.856	0.695	0.801	0.794	0.810	0.722	0.837	0.651	0.720	0.466	0.315	0.214	0.861	0.105	0.107	0.105	0.107	0.114	0.112	0.104	0.119	0.106	0.109	0.105	0.109	0.695	0.753	0.747	0.641	0.683	0.562	0.666	0.463	0.354	0.231	0.162	0.742	0.099	0.109	0.098	0.102	0.101	0.102	0.100	0.102	0.100	0.103	0.097	0.099	0.720	0.709	0.812	0.661	0.589	0.559	0.562	0.480	0.352	0.227	0.148	0.666
10:01:11	37.1	0.711	0.785	0.617	0.691	0.660	0.727	0.632	0.544	0.339	0.223	0.142	0.736	0.108	0.106	0.105	0.115	0.103	0.109	0.111	0.106	0.105	0.107	0.117	0.105	0.762	0.796	0.742	0.736	0.738	0.757	0.763	0.641	0.429	0.304	0.185	0.906	0.834	0.861	0.866	0.868	0.797	0.937	0.747	0.834	0.538	0.357	0.257	0.917	0.105	0.107	0.105	0.106	0.114	0.111	0.104	0.119	0.106	0.109	0.105	0.109	0.772	0.807	0.796	0.685	0.755	0.648	0.761	0.551	0.416	0.273	0.228	0.790	0.098	0.109	0.098	0.101	0.101	0.102	0.101	0.102	0.100	0.102	0.097	0.099	0.807	0.762	0.871	0.712	0.633	0.622	0.653	0.569	0.433	0.263	0.163	0.736
11:01:11	37.1	0.750	0.781	0.607	0.666	0.647	0.720	0.622	0.581	0.383	0.250	0.151	0.713	0.108	0.106	0.105	0.114	0.103	0.108	0.110	0.106	0.105	0.107	0.117	0.105	0.807	0.795	0.726	0.732	0.730	0.805	0.862	0.701	0.483	0.338	0.200	0.898	0.940	0.847	0.848	0.849	0.788	1.022	0.935	0.897	0.585	0.387	0.304	0.906	0.105	0.107	0.105	0.106	0.114	0.111	0.104	0.119	0.106	0.109	0.105	0.109	0.811	0.780	0.759	0.656	0.734	0.643	0.782	0.595	0.453	0.304	0.347	0.772	0.098	0.109	0.098	0.101	0.101	0.102	0.100	0.102	0.100	0.102	0.098	0.099	0.839	0.745	0.851	0.705	0.624	0.622	0.693	0.644	0.505	0.298	0.180	0.743
12:01:12	37.1	0.766	0.769	0.605	0.672	0.659	0.711	0.630	0.590	0.419	0.273	0.159	0.733	0.108	0.106	0.105	0.115	0.103	0.108	0.110	0.106	0.105	0.107	0.117	0.105	0.860	0.790	0.733	0.733	0.757	0.853	0.963	0.743	0.522	0.368	0.218	0.907	1.065	0.859	0.850	0.856	0.807	1.065	1.097	0.965	0.627	0.418	0.356	0.918	0.105	0.107	0.105	0.107	0.114	0.111	0.104	0.118	0.106	0.109	0.105	0.109	0.860	0.769	0.748	0.644	0.710	0.620	0.798	0.603	0.490	0.339	0.476	0.749	0.098	0.109	0.098	0.101	0.101	0.102	0.100	0.102	0.100	0.102	0.097	0.099	0.863	0.738	0.851	0.702	0.620	0.621	0.729	0.796	0.675	0.327	0.198	0.739
13:01:13	37.1	0.825	0.760	0.610	0.678	0.655	0.727	0.659	0.553	0.441	0.300	0.167	0.762	0.108	0.106	0.105	0.114	0.103	0.108	0.110	0.106	0.105	0.107	0.116	0.105	0.953	0.795	0.735	0.745	0.773	0.900	0.989	0.773	0.546	0.387	0.230	0.920	1.152	0.859	0.852	0.872	0.815	1.113	1.141	1.032	0.649	0.441	0.428	0.931	0.105	0.107	0.105	0.106	0.113	0.111	0.104	0.119	0.105	0.108	0.105	0.109	0.915	0.762	0.742	0.640	0.699	0.633	0.817	0.602	0.510	0.369	0.613	0.752	0.097	0.109	0.098	0.101	0.100	0.101	0.100	0.101	0.100	0.102	0.097	0.099	0.895	0.735	0.849	0.700	0.620	0.637	0.756	0.906	0.818	0.353	0.221	0.745
14:01:14	37.1	0.858	0.763	0.620	0.680	0.677	0.755	0.690	0.527	0.447	0.310	0.175	0.789	0.108	0.106	0.105	0.114	0.103	0.108	0.110	0.106	0.105	0.107	0.116	0.105	0.997	0.809	0.742	0.758	0.798	0.917	1.007	0.866	0.553	0.409	0.243	0.944	1.219	0.880	0.866	0.886	0.854	1.131	1.154	1.125	0.661	0.462	0.503	0.953	0.105	0.107	0.105	0.106	0.113	0.111	0.104	0.119	0.105	0.109	0.105	0.109	0.987	0.767	0.731	0.637	0.709	0.654	0.838	0.594	0.513	0.386	0.710	0.772	0.098	0.109	0.098	0.101	0.101	0.102	0.100	0.101	0.100	0.102	0.097	0.099	0.936	0.742	0.859	0.707	0.636	0.659	0.772	0.978	0.910	0.376	0.255	0.755
15:01:14	37.1	0.909	0.771	0.631	0.690	0.689	0.773	0.716	0.507	0.443	0.324	0.184	0.808	0.108	0.106	0.105	0.114	0.103	0.108	0.110	0.106	0.105	0.107	0.117	0.105	1.061	0.822	0.763	0.776	0.830	0.938	1.015	0.905	0.548	0.421	0.257	0.965	1.253	0.894	0.883	0.906	0.885	1.152	1.184	1.144	0.678	0.480	0.575	0.981	0.105	0.107	0.105	0.106	0.113	0.111	0.104	0.119	0.106	0.109	0.105	0.109	1.035	0.764	0.749	0.654	0.729	0.667	0.854	0.600	0.510	0.400	0.768	0.793	0.097	0.109	0.098	0.101	0.100	0.102	0.102	0.101	0.100	0.102	0.097	0.099	0.969	0.744	0.872	0.718	0.649	0.679	0.778	1.001	0.964	0.404	0.351	0.764
16:01:14	37.1	0.926	0.779	0.644	0.702	0.697	0.778	0.717	0.489	0.428	0.333	0.192	0.823	0.108	0.106	0.105	0.114	0.103	0.108	0.110	0.106	0.105	0.107	0.116	0.105	1.096	0.831	0.781	0.789	0.857	0.954	1.024	0.940	0.549	0.428	0.271	0.993	1.282	0.909	0.908	0.928	0.912	1.161	1.184	1.156	0.749	0.513	0.647	0.995	0.105	0.107	0.105	0.106	0.113	0.111	0.104	0.118	0.105	0.109	0.105	0.109	1.081	0.780	0.758	0.661	0.741	0.681	0.866	0.611	0.500	0.412	0.810	0.813	0.097	0.109	0.098	0.101	0.100	0.102	0.100	0.100	0.100	0.101	0.097	0.099	1.000	0.754	0.882	0.731	0.666	0.702	0.795	1.012	0.992	0.521	0.476	0.776
17:01:14	37.1	0.941	0.785	0.650	0.707	0.701	0.777	0.727	0.476	0.413	0.338	0.202	0.835	0.108	0.106	0.105	0.114	0.103	0.108	0.110	0.106	0.105	0.107	0.116	0.105	1.125	0.843	0.800	0.804	0.875	0.973	1.034	0.950	0.551	0.430	0.285	1.011	1.307	0.930	0.922	0.928	0.933	1.180	1.204	1.171	0.790	0.553	0.706	1.020	0.105	0.107	0.105	0.106	0.114	0.111	0.104	0.118	0.106	0.109	0.105	0.109	1.117	0.790	0.761	0.670	0.759	0.705	0.879	0.620	0.494	0.429	0.843	0.826	0.097	0.109	0.098	0.101	0.100	0.102	0.101	0.100	0.100	0.102	0.097	0.099	1.027	0.765	0.892	0.742	0.678	0.723	0.801	1.028	1.022	0.633	0.590	0.787
18:01:16	37.1	0.967	0.793	0.657	0.711	0.709	0.782	0.731	0.467	0.399	0.337	0.210	0.841	0.108	0.106	0.105	0.114	0.103	0.108	0.110	0.106	0.105	0.107	0.116	0.105	1.151	0.854	0.817	0.816	0.894	0.987	1.030	0.955	0.562	0.432	0.296	1.029	1.320	0.935	0.934	0.954	0.956	1.190	1.210	1.181	0.814	0.587	0.752	1.036	0.105	0.107	0.105	0.106	0.113	0.111	0.104	0.118	0.105	0.108	0.105	0.109	1.146	0.792	0.766	0.681	0.772	0.713	0.882	0.625	0.482	0.432	0.883	0.840	0.097	0.109	0.098	0.101	0.100	0.102	0.100	0.100	0.100	0.101	0.097	0.099	1.053	0.767	0.902	0.751	0.691	0.744	0.809	1.044	1.037	0.686	0.675	0.793
19:01:16	37.1	0.970	0.798	0.662	0.715	0.711	0.785	0.738	0.456	0.390	0.331	0.217	0.853	0.108	0.106	0.105	0.114	0.103	0.108	0.110	0.106	0.105	0.107	0.116	0.104	1.173	0.862	0.835	0.826	0.918	1.003	1.034	0.969	0.594	0.436	0.304	1.049	1.333	0.941	0.953	0.961	0.975	1.205	1.208	1.190	0.826	0.623	0.792	1.048	0.105	0.107	0.105	0.106	0.113	0.110	0.104	0.118	0.105	0.108	0.105	0.109	1.165	0.803	0.777	0.687	0.776	0.722	0.895	0.619	0.476	0.437	0.909	0.850	0.097	0.109	0.098	0.101	0.100	0.102	0.100	0.100	0.100	0.101	0.097	0.099	1.078	0.768	0.910	0.756	0.700	0.756	0.816	1.050	1.050	0.721	0.725	0.798
20:01:17	37.1	0.987	0.806	0.665	0.717	0.717	0.787	0.741	0.452	0.380	0.332	0.224	0.862	0.108	0.106	0.105	0.114	0.103	0.108	0.110	0.106	0.105	0.107	0.116	0.105	1.192	0.881	0.844	0.836	0.941	1.025	1.044	0.973	0.621	0.444	0.315	1.068	1.344	0.949	0.977	0.971	0.983	1.219	1.208	1.208	0.836	0.646	0.826	1.061	0.105	0.107	0.105	0.106	0.113	0.110	0.104	0.118	0.105	0.108	0.105	0.109	1.188	0.814	0.787	0.690	0.792	0.729	0.903	0.622	0.470	0.447	0.936	0.861	0.097	0.109	0.098	0.101	0.100	0.102	0.101	0.100	0.100	0.101	0.097	0.099	1.100	0.769	0.911	0.760	0.707	0.767	0.825	1.067	1.065	0.759	0.761	0.803
21:01:17	37.1	1.002	0.814	0.668	0.721	0.721	0.793	0.743	0.447	0.375	0.329	0.235	0.867	0.108	0.106	0.105	0.114	0.103	0.108	0.110	0.106	0.105	0.107	0.116	0.105	1.206	0.895	0.860	0.851	0.954	1.035	1.048	0.991	0.648	0.454	0.322	1.085	1.353	0.956	0.993	0.985	0.994	1.230	1.232	1.224	0.854	0.671	0.867	1.075	0.105	0.107	0.105	0.106	0.113	0.110	0.104	0.118	0.105	0.109	0.105	0.109	1.201	0.821	0.796	0.705	0.793	0.734	0.910	0.623	0.465	0.462	0.967	0.871	0.097	0.109	0.098	0.101	0.100	0.102	0.100	0.101	0.100	0.101	0.097	0.099	1.121	0.770	0.916	0.764	0.711	0.775	0.836	1.078	1.081	0.778	0.789	0.805
22:01:18	37.1	1.012	0.819	0.675	0.722	0.726	0.793	0.742	0.442	0.368	0.323	0.258	0.876	0.108	0.106	0.105	0.114	0.103	0.108	0.110	0.106	0.105	0.107	0.116	0.105	1.222	0.909	0.872	0.863	0.963	1.047	1.060	0.995	0.668	0.456	0.331	1.092	1.361	0.969	1.015	0.993	1.013	1.237	1.239	1.236	0.865	0.687	0.899	1.084	0.105	0.107	0.105	0.106	0.113	0.110	0.104	0.118	0.105	0.108	0.105	0.109	1.211	0.826	0.792	0.710	0.794	0.737	0.917	0.620	0.460	0.473	0.993	0.880	0.097	0.109	0.099	0.101	0.101	0.102	0.100	0.100	0.100	0.100	0.097	0.099	1.143	0.767	0.919	0.768	0.717	0.786	0.843	1.089	1.090	0.790	0.811	0.807
0:00:00																																																																																																	
0:00:00																																																																																																	
0:00:00																																																																																																	
0:00:00																																																																																																	
0:00:00																																																																																																	
0:00:00																																																																																																	
0:00:00																																																																																																	
0:00:00																																																																																																	
0:00:00																																																																																																	
0:00:00																																																																																																	
0:00:00																																																																																																	
0:00:00																																																																																																	
0:00:00																																																																																																	
0:00:00																																																																																																	
0:00:00																																																																																																	
0:00:00																																																																																																	
0:00:00																																																																																																	
0:00:00																																																																																																	
0:00:00																																																																																																	
0:00:00																																																																																																	
0:00:00																																																																																																	
0:00:00																																																																																																	
0:00:00																																																																																																	
0:00:00																																																																																																	
0:00:00																																																																																																	
0:00:00																																																																																																	

Results
	1	2	3	4	5	6	7	8	9	10	11	12
A	2.230	2.846	2.185	2.423	2.423	2.480	2.041	1.639	0.834	0.412	0.191	2.648	Max V [578]
	0.991	0.975	0.971	0.970	0.975	0.972	0.971	0.994	0.998	0.998	0.924	0.974	R-Squared [578]
	7:01:09	7:01:09	7:01:09	7:01:09	7:01:09	7:01:09	8:01:10	8:01:10	9:01:10	11:01:12	20:01:17	7:01:09	t at Max V [578]
	4:55:17	5:09:23	5:11:01	5:10:35	5:09:04	5:10:32	5:22:29	5:32:04	5:17:45	4:55:58	9:44:28	5:10:13	Lagtime [578]
B	-0.002	-0.002	-0.002	-0.005	-0.003	-0.003	-0.003	-0.002	-0.005	-0.004	-0.008	-0.001	Max V [578]
	0.864	0.880	0.812	0.883	0.799	0.799	0.781	0.917	0.887	0.883	0.845	0.880	R-Squared [578]
	11:01:12	2:01:07	2:01:07	2:01:07	2:01:07	2:01:07	2:01:07	11:01:12	2:01:07	2:01:07	2:01:07	2:01:07	t at Max V [578]
	3:44:45	?????	?????	?????	?????	?????	?????	5:55:41	?????	?????	?????	?????	Lagtime [578]
C	2.245	2.684	2.496	2.411	2.388	2.483	2.469	2.018	1.148	0.594	0.296	3.101	Max V [578]
	0.993	0.974	0.973	0.977	0.976	0.982	0.994	0.995	0.998	1.000	0.999	0.986	R-Squared [578]
	7:01:09	7:01:09	7:01:09	8:01:10	8:01:10	8:01:10	8:01:10	8:01:10	8:01:10	8:01:10	8:01:10	7:01:09	t at Max V [578]
	4:50:39	5:09:46	5:08:53	5:24:29	5:18:14	5:21:54	5:32:29	5:31:07	5:15:19	4:36:22	5:04:47	4:57:15	Lagtime [578]
D	2.572	2.828	2.817	2.882	2.505	3.039	2.474	2.531	1.393	0.775	1.215	3.103	Max V [578]
	0.998	0.985	0.977	0.980	0.982	0.986	0.991	0.996	0.993	0.997	1.000	0.986	R-Squared [578]
	8:01:10	7:01:09	8:01:10	7:01:09	7:01:09	8:01:10	10:01:11	8:01:10	7:01:09	7:01:09	14:01:13	7:01:09	t at Max V [578]
	5:15:23	4:59:06	5:15:51	5:03:33	4:59:47	5:14:03	5:27:23	5:04:37	4:35:00	4:23:21	8:33:02	4:56:29	Lagtime [578]
E	-0.002	-0.002	-0.002	-0.001	-0.005	-0.006	-0.003	-0.011	-0.003	-0.004	-0.003	-0.002	Max V [578]
	0.880	0.582	0.771	0.800	0.853	0.756	0.820	0.890	0.920	0.845	0.955	0.781	R-Squared [578]
	2:01:07	2:01:07	2:01:07	2:01:07	2:01:07	2:01:07	2:01:07	2:01:07	2:01:07	2:01:07	2:01:07	11:01:12	t at Max V [578]
	?????	?????	?????	?????	?????	?????	?????	?????	?????	?????	?????	6:13:08	Lagtime [578]
F	2.452	2.725	2.718	2.303	2.492	2.126	2.527	1.688	1.063	0.607	2.046	2.648	Max V [578]
	0.986	0.970	0.965	0.971	0.982	0.991	0.989	0.995	1.000	0.998	0.998	0.968	R-Squared [578]
	8:01:10	8:01:10	7:01:09	8:01:10	8:01:10	8:01:10	8:01:10	8:01:10	8:01:10	10:01:11	12:01:13	7:01:09	t at Max V [578]
	5:12:04	5:27:00	5:13:09	5:28:17	5:26:40	5:35:37	5:31:06	5:33:02	5:03:54	5:26:50	8:57:08	5:11:06	Lagtime [578]
G	-0.005	-0.014	-0.003	-0.006	0.002	0.003	-0.009	-0.008	0.001	-0.048	-0.005	0.002	Max V [578]
	0.926	0.977	0.631	0.903	0.797	0.850	0.989	0.872	0.800	0.923	0.899	0.754	R-Squared [578]
	2:01:07	2:01:07	2:01:07	10:01:11	10:01:11	15:01:14	2:01:07	2:01:07	8:01:10	2:01:07	2:01:07	15:01:14	t at Max V [578]
	?????	?????	?????	5:01:08	12:01:12	14:25:56	?????	?????	10:31:11	?????	?????	13:35:31	Lagtime [578]
H	2.398	2.515	2.933	2.299	2.013	1.939	2.095	1.797	2.109	1.417	1.799	2.371	Max V [578]
	0.990	0.972	0.972	0.975	0.972	0.986	0.993	0.985	0.985	0.969	0.996	0.981	R-Squared [578]
	8:01:10	7:01:09	7:01:09	8:01:10	8:01:10	8:01:10	8:01:10	11:01:12	12:01:13	16:01:15	16:01:15	8:01:10	t at Max V [578]
	5:03:24	5:09:11	5:08:23	5:18:11	5:18:21	5:20:45	5:31:37	5:42:48	7:34:16	11:11:41	12:37:19	5:17:29	Lagtime [578]



Software Version	3.12.08



Experiment File Path:	C:\Users\Sarela\Documents\Sarela_growth_curves\Experiment21_v2_050624_2plates_Exp22_060624_2plates.xpt
Protocol File Path:	C:\Users\Public\Documents\Protocols\New_96well_578_24H.prt



Plate Number	Plate 4
Date	6/6/2024
Time	11:19:42 AM
Reader Type:	Epoch 2
Reader Serial Number:	2202232E
Reading Type	Reader

Procedure Details

Plate Type	96 WELL PLATE
Discontinuous Kinetics	Runtime 2:00:00 (D:HH:MM), Interval 0:01:00, 49 Reads
Eject plate on completion	
Set Temperature	Setpoint 37°C, Gradient 0 °C
Shake	Double Orbital: 0:01:01 (HH:MM:SS)
	Frequency: 282 cpm (3 mm)
Read	Absorbance Endpoint
	Full Plate
	Wavelengths:  578
	Read Speed: Normal,  Delay: 100 msec,  Measurements/Data Point: 8

578

Time	T° 578	A1	A2	A3	A4	A5	A6	A7	A8	A9	A10	A11	A12	B1	B2	B3	B4	B5	B6	B7	B8	B9	B10	B11	B12	C1	C2	C3	C4	C5	C6	C7	C8	C9	C10	C11	C12	D1	D2	D3	D4	D5	D6	D7	D8	D9	D10	D11	D12	E1	E2	E3	E4	E5	E6	E7	E8	E9	E10	E11	E12	F1	F2	F3	F4	F5	F6	F7	F8	F9	F10	F11	F12	G1	G2	G3	G4	G5	G6	G7	G8	G9	G10	G11	G12	H1	H2	H3	H4	H5	H6	H7	H8	H9	H10	H11	H12
0:01:05	37.1	0.100	0.099	0.107	0.120	0.099	0.099	0.102	0.105	0.100	0.101	0.103	0.099	0.107	0.106	0.109	0.112	0.112	0.109	0.117	0.116	0.119	0.104	0.105	0.104	0.102	0.104	0.108	0.107	0.100	0.102	0.103	0.108	0.100	0.100	0.108	0.106	0.100	0.100	0.103	0.103	0.101	0.101	0.106	0.103	0.106	0.105	0.102	0.099	0.115	0.104	0.106	0.112	0.105	0.109	0.108	0.110	0.107	0.106	0.104	0.110	0.116	0.107	0.104	0.105	0.108	0.102	0.101	0.106	0.099	0.105	0.101	0.106	0.103	0.104	0.097	0.103	0.097	0.102	0.101	0.098	0.102	0.106	0.096	0.103	0.103	0.116	0.099	0.113	0.100	0.099	0.100	0.103	0.102	0.115	0.108	0.107
1:01:06	37.1	0.101	0.099	0.107	0.118	0.100	0.100	0.102	0.105	0.100	0.101	0.102	0.099	0.107	0.106	0.108	0.112	0.112	0.108	0.116	0.115	0.117	0.104	0.105	0.104	0.102	0.104	0.107	0.107	0.100	0.138	0.104	0.108	0.101	0.101	0.107	0.106	0.101	0.100	0.104	0.104	0.102	0.101	0.106	0.104	0.105	0.105	0.102	0.100	0.115	0.104	0.106	0.111	0.105	0.109	0.107	0.110	0.106	0.106	0.104	0.110	0.115	0.107	0.104	0.105	0.108	0.102	0.101	0.105	0.100	0.104	0.100	0.105	0.103	0.104	0.096	0.102	0.097	0.101	0.100	0.098	0.101	0.104	0.095	0.103	0.103	0.115	0.099	0.112	0.100	0.100	0.100	0.104	0.102	0.113	0.107	0.107
2:01:06	37.1	0.101	0.099	0.107	0.118	0.101	0.101	0.102	0.106	0.101	0.102	0.103	0.099	0.106	0.106	0.108	0.112	0.112	0.108	0.116	0.115	0.117	0.104	0.105	0.104	0.103	0.105	0.109	0.109	0.102	0.161	0.105	0.110	0.102	0.102	0.108	0.107	0.102	0.101	0.105	0.105	0.104	0.102	0.107	0.104	0.105	0.106	0.106	0.101	0.114	0.104	0.106	0.111	0.105	0.109	0.107	0.110	0.106	0.106	0.104	0.110	0.116	0.107	0.104	0.106	0.108	0.103	0.102	0.106	0.101	0.105	0.101	0.105	0.103	0.104	0.096	0.102	0.097	0.101	0.100	0.098	0.101	0.104	0.095	0.102	0.104	0.116	0.100	0.112	0.101	0.100	0.100	0.104	0.103	0.112	0.107	0.108
3:01:07	37.1	0.103	0.101	0.108	0.120	0.102	0.102	0.104	0.107	0.102	0.103	0.103	0.101	0.106	0.106	0.107	0.111	0.111	0.108	0.116	0.114	0.117	0.104	0.104	0.104	0.106	0.107	0.113	0.109	0.105	0.152	0.108	0.112	0.104	0.104	0.109	0.110	0.105	0.105	0.109	0.108	0.108	0.105	0.111	0.107	0.107	0.109	0.108	0.104	0.114	0.104	0.106	0.111	0.104	0.108	0.107	0.109	0.106	0.106	0.104	0.110	0.117	0.108	0.106	0.107	0.110	0.104	0.103	0.107	0.101	0.106	0.102	0.106	0.103	0.104	0.096	0.102	0.097	0.101	0.100	0.098	0.101	0.103	0.095	0.102	0.109	0.117	0.102	0.114	0.104	0.103	0.102	0.107	0.105	0.112	0.108	0.110
4:01:08	37.1	0.111	0.105	0.113	0.126	0.108	0.109	0.110	0.111	0.106	0.106	0.105	0.106	0.107	0.106	0.107	0.112	0.112	0.108	0.116	0.114	0.117	0.104	0.104	0.104	0.115	0.117	0.122	0.119	0.115	0.184	0.117	0.117	0.111	0.110	0.112	0.119	0.117	0.116	0.120	0.117	0.120	0.115	0.120	0.115	0.113	0.116	0.112	0.115	0.114	0.104	0.106	0.111	0.105	0.109	0.107	0.109	0.106	0.106	0.104	0.110	0.125	0.113	0.111	0.112	0.114	0.109	0.108	0.111	0.105	0.109	0.103	0.112	0.103	0.104	0.096	0.103	0.097	0.101	0.100	0.098	0.101	0.104	0.095	0.103	0.123	0.123	0.109	0.120	0.111	0.108	0.107	0.112	0.110	0.115	0.110	0.117
5:01:08	37.1	0.147	0.122	0.133	0.152	0.130	0.130	0.133	0.125	0.119	0.116	0.107	0.127	0.106	0.105	0.107	0.111	0.111	0.108	0.115	0.114	0.116	0.104	0.104	0.104	0.150	0.148	0.155	0.148	0.146	0.254	0.144	0.134	0.131	0.125	0.117	0.149	0.163	0.152	0.154	0.145	0.163	0.145	0.150	0.139	0.136	0.134	0.118	0.150	0.113	0.104	0.106	0.111	0.105	0.108	0.107	0.109	0.106	0.105	0.104	0.109	0.154	0.130	0.130	0.128	0.131	0.125	0.123	0.125	0.117	0.118	0.105	0.129	0.105	0.104	0.096	0.102	0.097	0.101	0.100	0.098	0.101	0.103	0.095	0.103	0.150	0.144	0.131	0.139	0.133	0.125	0.123	0.129	0.125	0.124	0.113	0.140
6:01:08	37.1	0.261	0.190	0.200	0.237	0.205	0.193	0.206	0.175	0.161	0.135	0.111	0.195	0.106	0.105	0.107	0.111	0.111	0.108	0.115	0.113	0.116	0.104	0.104	0.104	0.255	0.245	0.253	0.240	0.242	0.456	0.209	0.186	0.183	0.153	0.126	0.233	0.277	0.248	0.261	0.228	0.278	0.255	0.242	0.200	0.209	0.176	0.128	0.252	0.113	0.104	0.106	0.111	0.105	0.108	0.107	0.109	0.106	0.106	0.104	0.109	0.258	0.180	0.191	0.181	0.184	0.178	0.176	0.170	0.157	0.137	0.111	0.190	0.105	0.103	0.096	0.102	0.097	0.101	0.100	0.098	0.101	0.103	0.095	0.103	0.238	0.208	0.196	0.199	0.197	0.175	0.163	0.179	0.168	0.144	0.119	0.200
7:01:09	37.1	0.427	0.331	0.354	0.431	0.364	0.326	0.358	0.285	0.211	0.157	0.116	0.348	0.106	0.105	0.107	0.111	0.111	0.108	0.115	0.113	0.116	0.104	0.104	0.104	0.404	0.425	0.439	0.429	0.454	0.698	0.345	0.299	0.269	0.187	0.141	0.403	0.439	0.420	0.470	0.391	0.481	0.454	0.446	0.361	0.347	0.234	0.144	0.453	0.113	0.104	0.106	0.111	0.105	0.108	0.107	0.109	0.106	0.105	0.104	0.109	0.390	0.292	0.326	0.306	0.302	0.292	0.294	0.258	0.216	0.162	0.121	0.314	0.105	0.103	0.096	0.102	0.097	0.102	0.100	0.098	0.101	0.103	0.095	0.103	0.395	0.358	0.345	0.329	0.338	0.277	0.247	0.277	0.244	0.167	0.127	0.329
8:01:09	37.1	0.617	0.537	0.576	0.698	0.587	0.533	0.574	0.432	0.270	0.180	0.124	0.596	0.106	0.105	0.107	0.111	0.111	0.108	0.115	0.113	0.116	0.104	0.104	0.104	0.571	0.667	0.657	0.680	0.714	1.011	0.546	0.441	0.332	0.219	0.158	0.617	0.635	0.654	0.745	0.613	0.704	0.674	0.668	0.538	0.421	0.287	0.170	0.705	0.113	0.104	0.106	0.111	0.104	0.108	0.107	0.109	0.106	0.105	0.104	0.109	0.535	0.468	0.528	0.506	0.491	0.483	0.491	0.377	0.278	0.190	0.134	0.523	0.103	0.103	0.096	0.102	0.097	0.102	0.100	0.098	0.102	0.103	0.095	0.103	0.562	0.568	0.564	0.517	0.547	0.433	0.385	0.399	0.333	0.197	0.138	0.514
9:01:10	37.1	0.774	0.672	0.706	0.849	0.720	0.679	0.736	0.571	0.327	0.207	0.131	0.732	0.106	0.105	0.107	0.111	0.111	0.108	0.115	0.113	0.116	0.104	0.104	0.104	0.724	0.815	0.811	0.851	0.899	1.240	0.711	0.583	0.407	0.257	0.172	0.758	0.765	0.815	0.943	0.766	0.872	0.840	0.836	0.707	0.508	0.332	0.188	0.874	0.112	0.104	0.106	0.111	0.105	0.108	0.107	0.109	0.106	0.105	0.104	0.109	0.623	0.610	0.713	0.688	0.688	0.662	0.684	0.524	0.340	0.229	0.153	0.702	0.104	0.103	0.096	0.102	0.097	0.102	0.100	0.098	0.101	0.103	0.095	0.103	0.732	0.721	0.745	0.675	0.714	0.573	0.534	0.533	0.430	0.232	0.150	0.659
10:01:11	37.1	0.822	0.681	0.718	0.865	0.717	0.700	0.787	0.671	0.380	0.230	0.141	0.753	0.106	0.105	0.106	0.110	0.111	0.108	0.114	0.112	0.116	0.104	0.104	0.104	0.824	0.874	0.855	0.920	0.972	1.329	0.815	0.669	0.481	0.288	0.190	0.822	0.915	0.868	1.025	0.841	0.939	0.942	0.945	0.813	0.579	0.384	0.248	0.951	0.112	0.104	0.106	0.111	0.104	0.108	0.107	0.109	0.106	0.105	0.104	0.109	0.732	0.644	0.757	0.756	0.749	0.747	0.783	0.619	0.405	0.279	0.242	0.783	0.105	0.103	0.096	0.102	0.098	0.102	0.100	0.098	0.102	0.103	0.095	0.103	0.826	0.780	0.821	0.741	0.783	0.657	0.614	0.632	0.510	0.272	0.168	0.733
11:01:11	37.1	0.860	0.671	0.708	0.840	0.708	0.688	0.790	0.715	0.439	0.257	0.149	0.741	0.106	0.105	0.106	0.110	0.111	0.108	0.114	0.112	0.116	0.104	0.104	0.104	0.931	0.866	0.827	0.903	0.962	1.373	0.904	0.731	0.536	0.320	0.206	0.817	1.074	0.871	1.018	0.849	0.929	1.013	1.065	0.901	0.638	0.425	0.309	0.938	0.112	0.104	0.106	0.111	0.105	0.108	0.107	0.109	0.106	0.105	0.104	0.109	0.787	0.634	0.742	0.740	0.725	0.739	0.801	0.675	0.451	0.314	0.371	0.770	0.106	0.103	0.096	0.102	0.098	0.102	0.100	0.098	0.102	0.103	0.095	0.103	0.869	0.774	0.809	0.739	0.781	0.671	0.657	0.688	0.602	0.303	0.186	0.740
12:01:12	37.1	0.918	0.660	0.697	0.821	0.685	0.672	0.802	0.715	0.460	0.278	0.156	0.737	0.106	0.105	0.106	0.111	0.111	0.108	0.114	0.112	0.116	0.104	0.104	0.104	1.014	0.854	0.838	0.893	0.960	1.390	0.978	0.770	0.575	0.350	0.221	0.823	1.181	0.872	1.013	0.859	0.933	1.050	1.126	0.966	0.677	0.460	0.345	0.931	0.112	0.104	0.106	0.111	0.105	0.108	0.106	0.109	0.106	0.105	0.104	0.109	0.853	0.608	0.723	0.712	0.705	0.721	0.798	0.688	0.475	0.350	0.487	0.751	0.105	0.103	0.096	0.102	0.098	0.102	0.100	0.098	0.101	0.102	0.095	0.103	0.903	0.760	0.797	0.733	0.772	0.675	0.678	0.749	0.745	0.335	0.210	0.748
13:01:13	37.1	0.953	0.666	0.705	0.824	0.679	0.678	0.797	0.681	0.480	0.308	0.163	0.755	0.106	0.105	0.106	0.110	0.111	0.107	0.114	0.111	0.116	0.103	0.104	0.104	1.079	0.864	0.844	0.899	0.965	1.405	1.014	0.806	0.599	0.376	0.236	0.843	1.255	0.892	1.012	0.869	0.946	1.078	1.154	1.052	0.710	0.503	0.392	0.953	0.112	0.104	0.106	0.111	0.104	0.108	0.106	0.109	0.105	0.105	0.104	0.109	0.945	0.629	0.722	0.712	0.686	0.713	0.798	0.685	0.495	0.380	0.606	0.746	0.104	0.103	0.096	0.102	0.098	0.102	0.100	0.098	0.101	0.102	0.095	0.103	0.946	0.758	0.799	0.742	0.773	0.688	0.709	0.834	0.859	0.365	0.235	0.755
14:01:13	37.1	0.971	0.675	0.715	0.826	0.678	0.697	0.807	0.653	0.491	0.317	0.172	0.774	0.106	0.105	0.106	0.110	0.111	0.108	0.114	0.112	0.116	0.103	0.104	0.104	1.138	0.873	0.861	0.918	0.974	1.410	1.026	0.923	0.608	0.392	0.250	0.870	1.293	0.913	1.022	0.896	0.962	1.104	1.163	1.149	0.741	0.555	0.419	0.980	0.111	0.103	0.106	0.111	0.104	0.108	0.106	0.109	0.106	0.105	0.104	0.109	1.010	0.649	0.736	0.713	0.697	0.723	0.804	0.698	0.504	0.408	0.699	0.752	0.103	0.103	0.096	0.102	0.098	0.102	0.100	0.098	0.100	0.102	0.095	0.103	0.984	0.765	0.808	0.751	0.781	0.698	0.723	0.870	0.934	0.391	0.274	0.766
15:01:13	37.1	0.997	0.690	0.726	0.833	0.681	0.718	0.826	0.638	0.487	0.326	0.181	0.794	0.106	0.105	0.106	0.110	0.111	0.107	0.114	0.111	0.116	0.104	0.104	0.104	1.200	0.885	0.876	0.929	0.978	1.420	1.047	0.971	0.603	0.406	0.265	0.897	1.313	0.941	1.034	0.918	0.988	1.121	1.181	1.179	0.802	0.609	0.468	1.004	0.111	0.104	0.106	0.111	0.105	0.108	0.106	0.109	0.106	0.105	0.104	0.109	1.079	0.659	0.750	0.718	0.718	0.745	0.832	0.705	0.501	0.429	0.772	0.763	0.106	0.103	0.096	0.102	0.098	0.102	0.100	0.098	0.101	0.101	0.094	0.103	1.014	0.772	0.818	0.765	0.793	0.708	0.730	0.881	0.978	0.460	0.361	0.779
16:01:14	37.1	1.012	0.700	0.732	0.836	0.683	0.725	0.832	0.615	0.471	0.334	0.189	0.803	0.106	0.105	0.106	0.110	0.111	0.107	0.114	0.111	0.116	0.103	0.104	0.104	1.221	0.891	0.891	0.941	0.997	1.423	1.058	0.995	0.606	0.412	0.277	0.920	1.333	0.963	1.044	0.940	1.010	1.141	1.195	1.195	0.837	0.665	0.529	1.026	0.111	0.103	0.105	0.111	0.104	0.108	0.106	0.109	0.105	0.105	0.104	0.109	1.135	0.679	0.758	0.731	0.730	0.762	0.845	0.701	0.485	0.449	0.809	0.777	0.102	0.103	0.096	0.102	0.098	0.102	0.100	0.098	0.102	0.101	0.094	0.103	1.040	0.783	0.829	0.780	0.805	0.720	0.738	0.890	1.002	0.572	0.470	0.790
17:01:14	37.1	1.022	0.710	0.731	0.840	0.686	0.731	0.837	0.603	0.451	0.336	0.197	0.810	0.106	0.105	0.106	0.110	0.111	0.107	0.114	0.111	0.115	0.103	0.104	0.104	1.246	0.910	0.902	0.953	1.004	1.429	1.063	1.007	0.619	0.415	0.292	0.947	1.350	0.985	1.058	0.957	1.026	1.163	1.199	1.214	0.865	0.727	0.594	1.048	0.110	0.104	0.106	0.111	0.104	0.108	0.106	0.109	0.106	0.105	0.104	0.109	1.166	0.691	0.770	0.742	0.745	0.776	0.857	0.695	0.480	0.469	0.836	0.789	0.102	0.103	0.096	0.102	0.098	0.102	0.100	0.098	0.101	0.101	0.094	0.103	1.060	0.790	0.837	0.793	0.812	0.732	0.742	0.901	1.029	0.653	0.558	0.802
18:01:15	37.1	1.044	0.718	0.739	0.846	0.690	0.736	0.836	0.589	0.433	0.333	0.205	0.817	0.106	0.105	0.106	0.110	0.111	0.107	0.114	0.111	0.116	0.103	0.104	0.104	1.269	0.914	0.911	0.965	1.011	1.435	1.061	1.019	0.628	0.416	0.300	0.962	1.359	1.010	1.071	0.980	1.044	1.174	1.220	1.226	0.879	0.788	0.692	1.063	0.111	0.104	0.106	0.111	0.104	0.108	0.106	0.109	0.106	0.105	0.104	0.109	1.198	0.703	0.783	0.752	0.754	0.787	0.865	0.689	0.469	0.493	0.877	0.799	0.102	0.103	0.096	0.102	0.098	0.102	0.100	0.098	0.102	0.101	0.094	0.103	1.076	0.797	0.847	0.806	0.823	0.743	0.753	0.906	1.042	0.698	0.630	0.813
19:01:15	37.1	1.058	0.727	0.742	0.848	0.691	0.741	0.839	0.582	0.423	0.328	0.212	0.829	0.106	0.105	0.106	0.110	0.111	0.107	0.114	0.111	0.115	0.104	0.104	0.104	1.283	0.922	0.919	0.979	1.021	1.439	1.072	1.033	0.636	0.420	0.310	0.983	1.372	1.029	1.077	0.995	1.052	1.189	1.229	1.244	0.887	0.833	0.759	1.071	0.110	0.104	0.106	0.111	0.105	0.108	0.106	0.109	0.105	0.105	0.104	0.109	1.218	0.714	0.793	0.760	0.767	0.798	0.875	0.684	0.466	0.517	0.911	0.807	0.102	0.103	0.096	0.102	0.098	0.102	0.100	0.098	0.102	0.101	0.094	0.103	1.097	0.800	0.853	0.816	0.829	0.753	0.764	0.914	1.058	0.739	0.677	0.821
20:01:17	37.1	1.065	0.732	0.746	0.850	0.697	0.739	0.839	0.571	0.417	0.329	0.218	0.836	0.106	0.105	0.106	0.110	0.111	0.107	0.114	0.111	0.115	0.103	0.104	0.104	1.292	0.929	0.925	0.989	1.025	1.446	1.077	1.040	0.644	0.418	0.318	0.996	1.377	1.041	1.089	1.007	1.062	1.203	1.239	1.260	0.894	0.871	0.809	1.085	0.110	0.103	0.105	0.111	0.104	0.108	0.106	0.109	0.105	0.105	0.104	0.109	1.234	0.718	0.801	0.770	0.775	0.807	0.887	0.680	0.458	0.553	0.933	0.817	0.102	0.103	0.095	0.102	0.098	0.102	0.100	0.098	0.102	0.100	0.095	0.102	1.114	0.799	0.857	0.823	0.832	0.762	0.776	0.923	1.072	0.776	0.707	0.828
21:01:17	37.1	1.058	0.739	0.747	0.853	0.698	0.742	0.841	0.566	0.408	0.324	0.223	0.844	0.106	0.105	0.106	0.110	0.111	0.107	0.114	0.111	0.116	0.104	0.104	0.104	1.306	0.938	0.934	0.995	1.028	1.450	1.081	1.046	0.659	0.424	0.324	1.015	1.385	1.054	1.099	1.022	1.071	1.214	1.237	1.277	0.903	0.897	0.856	1.096	0.110	0.104	0.106	0.111	0.104	0.108	0.106	0.109	0.106	0.105	0.104	0.109	1.251	0.728	0.808	0.776	0.784	0.813	0.893	0.675	0.454	0.593	0.936	0.827	0.102	0.103	0.096	0.102	0.098	0.102	0.100	0.098	0.101	0.100	0.094	0.103	1.133	0.803	0.860	0.830	0.837	0.768	0.782	0.930	1.079	0.809	0.730	0.833
22:01:18	37.2	1.075	0.748	0.752	0.857	0.701	0.745	0.840	0.562	0.402	0.322	0.236	0.849	0.106	0.105	0.106	0.110	0.111	0.107	0.114	0.111	0.115	0.103	0.104	0.104	1.311	0.946	0.937	1.003	1.036	1.457	1.095	1.061	0.670	0.427	0.331	1.026	1.392	1.072	1.108	1.029	1.079	1.226	1.259	1.295	0.912	0.916	0.888	1.103	0.110	0.104	0.106	0.111	0.105	0.108	0.106	0.109	0.106	0.105	0.104	0.109	1.266	0.737	0.814	0.783	0.790	0.821	0.902	0.669	0.446	0.636	0.973	0.836	0.102	0.103	0.096	0.102	0.098	0.102	0.099	0.098	0.102	0.102	0.094	0.102	1.150	0.800	0.863	0.836	0.839	0.773	0.794	0.938	1.090	0.841	0.752	0.838
0:00:00																																																																																																	
0:00:00																																																																																																	
0:00:00																																																																																																	
0:00:00																																																																																																	
0:00:00																																																																																																	
0:00:00																																																																																																	
0:00:00																																																																																																	
0:00:00																																																																																																	
0:00:00																																																																																																	
0:00:00																																																																																																	
0:00:00																																																																																																	
0:00:00																																																																																																	
0:00:00																																																																																																	
0:00:00																																																																																																	
0:00:00																																																																																																	
0:00:00																																																																																																	
0:00:00																																																																																																	
0:00:00																																																																																																	
0:00:00																																																																																																	
0:00:00																																																																																																	
0:00:00																																																																																																	
0:00:00																																																																																																	
0:00:00																																																																																																	
0:00:00																																																																																																	
0:00:00																																																																																																	
0:00:00																																																																																																	

Results
	1	2	3	4	5	6	7	8	9	10	11	12
A	2.682	2.412	2.539	3.091	2.602	2.400	2.625	2.127	0.942	0.420	0.141	2.682	Max V [578]
	0.994	0.976	0.974	0.976	0.977	0.971	0.976	0.996	1.000	0.997	0.999	0.969	R-Squared [578]
	7:01:09	7:01:09	7:01:09	7:01:09	7:01:09	7:01:09	7:01:09	8:01:10	9:01:10	11:01:12	15:01:14	7:01:09	t at Max V [578]
	4:52:35	5:08:25	5:08:16	5:06:42	5:05:13	5:07:29	5:07:00	5:29:50	5:01:36	4:51:30	5:50:29	5:08:54	Lagtime [578]
B	-0.002	-0.003	-0.005	-0.005	-0.003	-0.003	-0.006	-0.007	-0.008	-0.002	-0.002	-0.001	Max V [578]
	0.647	0.870	0.799	0.947	0.734	0.696	0.781	0.996	0.809	0.790	0.837	0.750	R-Squared [578]
	2:01:07	2:01:07	2:01:07	6:01:09	2:01:07	2:01:07	2:01:07	4:01:07	2:01:07	2:01:07	2:01:07	11:01:12	t at Max V [578]
	?????	?????	?????	1:18:16	?????	?????	?????	?????	?????	?????	?????	5:41:08	Lagtime [578]
C	2.436	2.927	2.859	3.075	3.298	4.210	2.626	2.082	1.223	0.569	0.270	2.672	Max V [578]
	0.994	0.983	0.987	0.981	0.982	0.995	0.990	0.994	0.998	0.999	0.999	0.983	R-Squared [578]
	7:01:09	7:01:09	7:01:09	7:01:09	7:01:09	7:01:09	8:01:10	8:01:10	8:01:10	8:01:10	9:01:10	7:01:09	t at Max V [578]
	4:50:16	4:59:36	4:57:09	5:03:21	5:02:36	4:31:29	5:20:26	5:23:50	4:49:46	4:29:01	4:57:48	4:59:14	Lagtime [578]
D	2.669	2.884	3.436	2.712	3.074	3.016	2.997	2.620	1.591	0.972	1.245	3.168	Max V [578]
	0.996	0.983	0.982	0.981	0.991	0.990	0.985	0.993	0.989	0.999	0.993	0.984	R-Squared [578]
	8:01:10	7:01:09	7:01:09	7:01:09	7:01:09	7:01:09	7:01:09	8:01:10	7:01:09	16:01:14	17:01:14	7:01:09	t at Max V [578]
	4:51:30	4:57:11	5:01:27	5:01:10	4:51:37	4:57:26	5:00:17	5:20:24	4:43:39	6:21:05	10:14:47	4:58:42	Lagtime [578]
E	-0.007	-0.001	-0.001	-0.002	-0.001	-0.002	-0.002	-0.003	-0.002	-0.003	-0.001	-0.002	Max V [578]
	0.920	0.800	0.409	0.526	0.557	0.818	0.631	0.836	0.647	0.836	0.500	0.750	R-Squared [578]
	14:01:13	2:01:07	2:01:07	2:01:07	2:01:07	2:01:07	2:01:07	2:01:07	2:01:07	2:01:07	2:01:07	2:01:07	t at Max V [578]
	3:43:35	?????	?????	?????	?????	?????	?????	?????	?????	?????	?????	?????	Lagtime [578]
F	2.025	2.080	2.533	2.549	2.526	2.514	2.673	1.939	1.031	0.675	1.919	2.624	Max V [578]
	0.995	0.966	0.970	0.980	0.978	0.986	0.988	0.994	1.000	0.996	0.997	0.983	R-Squared [578]
	7:01:09	7:01:09	8:01:10	8:01:10	8:01:10	8:01:10	8:01:10	8:01:10	8:01:10	10:01:11	11:01:12	8:01:10	t at Max V [578]
	4:44:59	5:11:21	5:23:31	5:31:12	5:32:38	5:33:48	5:37:21	5:34:43	5:06:42	5:53:18	8:39:49	5:30:03	Lagtime [578]
G	-0.013	-0.001	-0.002	0.002	0.002	0.002	-0.004	0.001	-0.007	-0.009	-0.003	-0.003	Max V [578]
	0.482	0.942	0.924	0.590	0.973	0.970	0.945	0.614	0.806	0.766	0.669	0.631	R-Squared [578]
	17:01:14	6:01:09	18:01:16	3:01:07	12:01:12	7:01:09	20:01:17	13:01:12	12:01:12	2:01:07	15:01:14	20:01:17	t at Max V [578]
	16:11:44	?????	12:01:10	5:26:51	5:11:08	6:37:09	13:50:17	15:41:14	10:52:37	?????	10:16:59	18:39:09	Lagtime [578]
H	2.520	2.521	2.748	2.383	2.579	2.099	1.982	1.936	1.839	1.343	1.514	2.327	Max V [578]
	0.992	0.974	0.980	0.980	0.979	0.991	0.990	0.997	0.990	0.983	0.995	0.983	R-Squared [578]
	8:01:10	7:01:09	8:01:10	8:01:10	8:01:10	8:01:10	8:01:10	8:01:10	12:01:12	16:01:14	16:01:14	8:01:10	t at Max V [578]
	5:03:26	5:08:43	5:22:46	5:21:56	5:20:04	5:26:51	5:35:25	5:25:58	6:19:40	10:33:49	12:09:22	5:17:52	Lagtime [578]

