

Software Version	3.12.08



Experiment File Path:	C:\Users\Sarela\Documents\Rita Pires\Exp30_RP_2plates_part1_27032024.xpt
Protocol File Path:	C:\Users\Public\Documents\Protocols\New_96well_578_24H.prt



Plate Number	Plate 1
Date	3/27/2024
Time	12:31:33 PM
Reader Type:	Epoch 2
Reader Serial Number:	2202232E
Reading Type	Reader

Procedure Details

Plate Type	96 WELL PLATE
Discontinuous Kinetics	Runtime 2:00:00 (D:HH:MM), Interval 0:01:00, 49 Reads
Eject plate on completion	
Set Temperature	Setpoint 37°C, Gradient 0 °C
Shake	Double Orbital: 0:01:01 (HH:MM:SS)
	Frequency: 282 cpm (3 mm)
Read	Absorbance Endpoint
	Full Plate
	Wavelengths:  578
	Read Speed: Normal,  Delay: 100 msec,  Measurements/Data Point: 8

578

Time	T° 578	A1	A2	A3	A4	A5	A6	A7	A8	A9	A10	A11	A12	B1	B2	B3	B4	B5	B6	B7	B8	B9	B10	B11	B12	C1	C2	C3	C4	C5	C6	C7	C8	C9	C10	C11	C12	D1	D2	D3	D4	D5	D6	D7	D8	D9	D10	D11	D12	E1	E2	E3	E4	E5	E6	E7	E8	E9	E10	E11	E12	F1	F2	F3	F4	F5	F6	F7	F8	F9	F10	F11	F12	G1	G2	G3	G4	G5	G6	G7	G8	G9	G10	G11	G12	H1	H2	H3	H4	H5	H6	H7	H8	H9	H10	H11	H12
0:01:05	37.0	0.131	0.135	0.117	0.139	0.118	0.127	0.121	0.141	0.117	0.130	0.133	0.125	0.119	0.127	0.120	0.127	0.126	0.125	0.126	0.122	0.119	0.117	0.124	0.125	0.140	0.139	0.121	0.133	0.134	0.125	0.121	0.125	0.116	0.118	0.129	0.124	0.132	0.145	0.126	0.124	0.127	0.114	0.126	0.138	0.125	0.114	0.125	0.118	0.132	0.127	0.129	0.129	0.134	0.133	0.132	0.136	0.125	0.122	0.131	0.120	0.125	0.125	0.120	0.134	0.129	0.130	0.126	0.122	0.121	0.133	0.122	0.122	0.130	0.135	0.131	0.126	0.124	0.126	0.132	0.122	0.140	0.125	0.119	0.139	0.130	0.128	0.127	0.126	0.127	0.135	0.125	0.130	0.128	0.133	0.125	0.132
1:01:06	37.0	0.130	0.131	0.118	0.133	0.117	0.124	0.120	0.136	0.116	0.127	0.129	0.124	0.119	0.125	0.118	0.124	0.124	0.123	0.122	0.122	0.119	0.117	0.122	0.120	0.125	0.130	0.120	0.130	0.164	0.124	0.121	0.124	0.116	0.118	0.126	0.123	0.127	0.133	0.122	0.123	0.122	0.115	0.123	0.135	0.124	0.113	0.124	0.116	0.127	0.124	0.127	0.128	0.130	0.132	0.129	0.128	0.124	0.121	0.127	0.119	0.124	0.124	0.119	0.132	0.128	0.129	0.124	0.121	0.120	0.132	0.121	0.121	0.129	0.134	0.129	0.125	0.123	0.125	0.130	0.121	0.137	0.124	0.118	0.137	0.129	0.127	0.126	0.125	0.126	0.134	0.124	0.129	0.127	0.132	0.125	0.132
2:01:07	37.1	0.132	0.131	0.120	0.132	0.119	0.124	0.121	0.136	0.117	0.128	0.128	0.124	0.121	0.126	0.119	0.126	0.126	0.124	0.123	0.124	0.121	0.119	0.123	0.121	0.125	0.129	0.121	0.131	0.164	0.127	0.123	0.126	0.118	0.119	0.123	0.123	0.128	0.130	0.123	0.125	0.123	0.116	0.123	0.136	0.124	0.115	0.124	0.116	0.127	0.123	0.127	0.128	0.129	0.133	0.130	0.126	0.124	0.122	0.127	0.120	0.124	0.123	0.119	0.132	0.127	0.128	0.124	0.121	0.120	0.131	0.120	0.121	0.129	0.134	0.128	0.125	0.123	0.125	0.129	0.121	0.136	0.123	0.118	0.137	0.129	0.127	0.126	0.125	0.126	0.133	0.123	0.128	0.127	0.130	0.124	0.131
3:01:08	37.0	0.138	0.137	0.126	0.137	0.124	0.130	0.127	0.139	0.121	0.131	0.130	0.126	0.128	0.132	0.127	0.131	0.132	0.131	0.130	0.130	0.127	0.124	0.127	0.123	0.130	0.134	0.126	0.133	0.167	0.131	0.129	0.132	0.123	0.122	0.127	0.126	0.133	0.132	0.128	0.130	0.128	0.121	0.127	0.138	0.127	0.118	0.126	0.118	0.133	0.127	0.131	0.133	0.134	0.138	0.134	0.130	0.129	0.125	0.130	0.121	0.124	0.123	0.119	0.132	0.127	0.128	0.123	0.121	0.120	0.130	0.120	0.121	0.128	0.134	0.127	0.124	0.122	0.124	0.128	0.121	0.132	0.123	0.118	0.137	0.128	0.127	0.126	0.124	0.126	0.133	0.123	0.128	0.127	0.129	0.124	0.131
4:01:08	37.1	0.164	0.160	0.148	0.158	0.144	0.150	0.146	0.149	0.133	0.141	0.137	0.129	0.151	0.154	0.154	0.151	0.153	0.153	0.151	0.148	0.143	0.138	0.136	0.129	0.150	0.155	0.141	0.150	0.182	0.149	0.147	0.147	0.137	0.135	0.135	0.130	0.150	0.146	0.146	0.143	0.145	0.134	0.140	0.147	0.137	0.126	0.134	0.122	0.152	0.145	0.148	0.146	0.153	0.152	0.148	0.147	0.139	0.132	0.137	0.124	0.123	0.123	0.119	0.132	0.127	0.128	0.122	0.120	0.119	0.129	0.119	0.120	0.127	0.133	0.126	0.123	0.122	0.124	0.128	0.120	0.131	0.123	0.117	0.136	0.127	0.126	0.125	0.124	0.126	0.133	0.123	0.128	0.125	0.129	0.124	0.131
5:01:09	37.1	0.229	0.229	0.225	0.223	0.204	0.209	0.206	0.185	0.165	0.167	0.152	0.136	0.222	0.222	0.242	0.218	0.224	0.223	0.220	0.201	0.190	0.170	0.155	0.139	0.213	0.211	0.190	0.205	0.237	0.214	0.205	0.193	0.178	0.166	0.153	0.138	0.203	0.198	0.206	0.187	0.203	0.177	0.184	0.175	0.161	0.144	0.150	0.129	0.218	0.195	0.200	0.194	0.215	0.205	0.193	0.233	0.166	0.152	0.152	0.129	0.123	0.123	0.119	0.131	0.127	0.128	0.121	0.120	0.119	0.129	0.119	0.120	0.127	0.133	0.125	0.123	0.122	0.124	0.128	0.120	0.130	0.123	0.117	0.135	0.127	0.126	0.125	0.124	0.126	0.132	0.123	0.128	0.125	0.128	0.124	0.130
6:01:09	37.1	0.385	0.383	0.422	0.403	0.371	0.378	0.364	0.372	0.224	0.211	0.181	0.155	0.380	0.376	0.447	0.403	0.408	0.411	0.396	0.435	0.359	0.221	0.190	0.157	0.351	0.358	0.317	0.357	0.397	0.369	0.371	0.425	0.318	0.215	0.182	0.152	0.339	0.322	0.372	0.318	0.371	0.313	0.328	0.267	0.213	0.177	0.180	0.142	0.385	0.321	0.353	0.342	0.394	0.373	0.370	0.486	0.235	0.187	0.178	0.148	0.123	0.123	0.119	0.131	0.127	0.127	0.121	0.120	0.119	0.129	0.119	0.120	0.127	0.132	0.125	0.123	0.122	0.124	0.127	0.120	0.129	0.123	0.117	0.135	0.127	0.126	0.125	0.124	0.126	0.132	0.123	0.128	0.125	0.128	0.124	0.130
7:01:09	37.1	0.577	0.578	0.677	0.637	0.587	0.575	0.577	0.614	0.281	0.251	0.212	0.219	0.566	0.568	0.692	0.632	0.633	0.654	0.659	0.845	0.506	0.282	0.234	0.220	0.518	0.548	0.495	0.584	0.615	0.620	0.609	0.822	0.419	0.269	0.211	0.186	0.526	0.496	0.607	0.514	0.623	0.525	0.590	0.564	0.265	0.213	0.212	0.191	0.617	0.502	0.581	0.565	0.644	0.617	0.723	0.660	0.295	0.225	0.209	0.212	0.123	0.123	0.118	0.131	0.127	0.127	0.121	0.120	0.119	0.128	0.119	0.120	0.127	0.132	0.125	0.123	0.122	0.124	0.127	0.120	0.129	0.123	0.117	0.134	0.126	0.126	0.125	0.124	0.125	0.132	0.123	0.128	0.125	0.127	0.124	0.129
8:01:10	37.1	0.708	0.707	0.815	0.753	0.714	0.707	0.738	0.739	0.338	0.303	0.254	0.265	0.682	0.688	0.828	0.773	0.753	0.798	0.844	0.993	0.608	0.345	0.291	0.365	0.643	0.676	0.634	0.749	0.768	0.767	0.785	1.017	0.519	0.327	0.252	0.281	0.646	0.612	0.754	0.653	0.772	0.654	0.813	0.777	0.328	0.252	0.257	0.286	0.757	0.625	0.727	0.709	0.808	0.808	0.964	0.820	0.352	0.269	0.248	0.301	0.122	0.122	0.118	0.131	0.127	0.126	0.120	0.120	0.119	0.128	0.118	0.120	0.127	0.131	0.124	0.122	0.122	0.124	0.127	0.120	0.129	0.122	0.117	0.134	0.126	0.126	0.125	0.124	0.125	0.131	0.123	0.128	0.124	0.127	0.123	0.128
9:01:10	37.1	0.710	0.727	0.839	0.734	0.712	0.747	0.782	0.811	0.374	0.337	0.297	0.335	0.693	0.712	0.848	0.790	0.767	0.815	0.907	1.068	0.657	0.401	0.340	0.413	0.682	0.714	0.664	0.786	0.820	0.857	0.865	1.139	0.594	0.381	0.290	0.411	0.668	0.623	0.789	0.693	0.812	0.739	0.973	0.877	0.373	0.299	0.300	0.387	0.785	0.655	0.756	0.755	0.849	0.838	1.091	0.913	0.396	0.310	0.289	0.362	0.122	0.122	0.118	0.131	0.126	0.126	0.120	0.120	0.119	0.128	0.118	0.120	0.126	0.131	0.124	0.122	0.121	0.123	0.127	0.120	0.129	0.122	0.117	0.133	0.126	0.126	0.125	0.124	0.125	0.131	0.123	0.128	0.124	0.127	0.123	0.128
10:01:11	37.1	0.711	0.738	0.834	0.736	0.693	0.725	0.806	0.832	0.410	0.377	0.345	0.434	0.704	0.725	0.861	0.783	0.768	0.813	0.961	1.128	0.702	0.441	0.393	0.479	0.669	0.729	0.667	0.780	0.829	0.850	0.896	1.209	0.650	0.422	0.336	0.529	0.677	0.645	0.793	0.704	0.817	0.760	1.102	0.929	0.439	0.352	0.345	0.517	0.793	0.677	0.767	0.761	0.862	0.859	1.139	0.948	0.450	0.356	0.332	0.413	0.122	0.122	0.118	0.131	0.126	0.126	0.119	0.120	0.119	0.127	0.118	0.120	0.126	0.131	0.123	0.122	0.121	0.123	0.127	0.119	0.128	0.122	0.117	0.133	0.126	0.126	0.125	0.124	0.125	0.130	0.122	0.127	0.124	0.127	0.123	0.128
11:01:11	37.1	0.717	0.742	0.839	0.742	0.708	0.731	0.860	0.831	0.436	0.398	0.395	0.522	0.712	0.731	0.875	0.788	0.782	0.828	1.029	1.178	0.713	0.470	0.442	0.553	0.679	0.736	0.671	0.787	0.837	0.867	0.964	1.244	0.663	0.443	0.365	0.625	0.681	0.664	0.804	0.717	0.832	0.813	1.179	0.968	0.453	0.383	0.379	0.617	0.802	0.688	0.783	0.777	0.875	0.888	1.160	0.958	0.471	0.385	0.370	0.472	0.122	0.122	0.118	0.131	0.126	0.125	0.119	0.120	0.119	0.127	0.118	0.120	0.126	0.130	0.123	0.122	0.121	0.122	0.126	0.119	0.128	0.122	0.117	0.133	0.126	0.125	0.125	0.124	0.125	0.130	0.123	0.127	0.124	0.127	0.123	0.127
12:01:11	37.1	0.714	0.747	0.850	0.751	0.717	0.740	0.916	0.819	0.444	0.428	0.441	0.590	0.716	0.740	0.868	0.801	0.789	0.844	1.086	1.173	0.711	0.493	0.482	0.623	0.693	0.744	0.685	0.797	0.841	0.885	1.044	1.274	0.669	0.466	0.390	0.698	0.703	0.722	0.820	0.731	0.853	0.879	1.209	0.963	0.471	0.401	0.410	0.690	0.806	0.692	0.791	0.785	0.889	0.907	1.153	0.940	0.485	0.408	0.399	0.542	0.122	0.122	0.118	0.131	0.125	0.125	0.119	0.120	0.118	0.127	0.117	0.120	0.126	0.130	0.123	0.121	0.121	0.122	0.126	0.119	0.128	0.122	0.117	0.133	0.126	0.125	0.125	0.124	0.124	0.130	0.122	0.127	0.124	0.127	0.123	0.127
13:01:12	37.1	0.717	0.763	0.848	0.752	0.720	0.751	0.946	0.806	0.461	0.452	0.491	0.605	0.706	0.775	0.873	0.816	0.803	0.863	1.110	1.157	0.703	0.499	0.522	0.689	0.709	0.783	0.694	0.803	0.850	0.906	1.097	1.280	0.658	0.474	0.413	0.764	0.722	0.784	0.849	0.747	0.887	0.929	1.221	0.962	0.481	0.422	0.432	0.756	0.809	0.694	0.793	0.789	0.896	0.941	1.140	0.946	0.490	0.422	0.428	0.617	0.122	0.122	0.118	0.131	0.125	0.125	0.119	0.120	0.118	0.126	0.117	0.120	0.126	0.129	0.123	0.121	0.121	0.122	0.126	0.119	0.128	0.122	0.117	0.133	0.125	0.125	0.125	0.124	0.124	0.129	0.123	0.127	0.124	0.127	0.123	0.127
14:01:12	37.1	0.715	0.786	0.846	0.760	0.724	0.767	0.965	0.800	0.459	0.461	0.531	0.623	0.755	0.800	0.897	0.838	0.827	0.889	1.123	1.157	0.688	0.506	0.553	0.760	0.730	0.837	0.721	0.813	0.860	0.914	1.115	1.286	0.665	0.478	0.431	0.822	0.756	0.844	0.885	0.791	0.936	0.972	1.222	0.957	0.476	0.439	0.463	0.817	0.806	0.702	0.797	0.792	0.903	0.954	1.132	0.959	0.507	0.442	0.450	0.690	0.121	0.122	0.117	0.130	0.125	0.124	0.119	0.119	0.118	0.126	0.117	0.120	0.126	0.129	0.123	0.121	0.121	0.121	0.126	0.119	0.128	0.121	0.117	0.132	0.125	0.125	0.125	0.123	0.124	0.129	0.122	0.127	0.124	0.127	0.123	0.127
15:01:13	37.0	0.734	0.809	0.841	0.762	0.733	0.782	0.980	0.805	0.453	0.460	0.570	0.668	0.792	0.848	0.914	0.849	0.840	0.917	1.135	1.154	0.685	0.505	0.570	0.841	0.799	0.871	0.768	0.831	0.879	0.933	1.128	1.284	0.656	0.474	0.452	0.877	0.813	0.886	0.912	0.809	0.958	1.000	1.233	0.958	0.478	0.451	0.482	0.876	0.807	0.747	0.800	0.794	0.904	0.966	1.130	0.960	0.504	0.447	0.469	0.762	0.121	0.122	0.117	0.130	0.124	0.124	0.119	0.119	0.118	0.126	0.117	0.119	0.126	0.129	0.122	0.120	0.120	0.121	0.126	0.119	0.127	0.121	0.116	0.132	0.124	0.125	0.124	0.123	0.124	0.128	0.122	0.127	0.124	0.127	0.123	0.127
16:01:13	37.0	0.751	0.841	0.858	0.774	0.744	0.796	0.992	0.811	0.452	0.465	0.611	0.738	0.823	0.883	0.927	0.864	0.866	0.945	1.145	1.155	0.679	0.508	0.588	0.904	0.834	0.907	0.796	0.854	0.899	0.956	1.131	1.289	0.647	0.471	0.465	0.929	0.835	0.935	0.926	0.840	0.980	1.017	1.247	0.964	0.479	0.471	0.542	0.930	0.811	0.794	0.806	0.793	0.903	0.978	1.128	0.985	0.523	0.451	0.482	0.833	0.121	0.122	0.118	0.130	0.124	0.124	0.119	0.119	0.118	0.126	0.117	0.120	0.126	0.129	0.122	0.120	0.121	0.121	0.126	0.119	0.127	0.121	0.117	0.132	0.124	0.125	0.124	0.123	0.124	0.128	0.122	0.127	0.124	0.127	0.123	0.126
17:01:14	37.1	0.764	0.866	0.853	0.783	0.758	0.811	1.005	0.817	0.449	0.472	0.661	0.792	0.858	0.909	0.944	0.875	0.872	0.948	1.150	1.160	0.681	0.512	0.611	0.974	0.855	0.952	0.807	0.867	0.933	1.003	1.140	1.310	0.659	0.472	0.477	0.975	0.866	0.981	0.940	0.861	0.983	1.028	1.252	1.000	0.481	0.500	0.649	0.974	0.824	0.829	0.814	0.791	0.903	0.989	1.137	1.000	0.525	0.459	0.501	0.896	0.121	0.122	0.117	0.130	0.124	0.124	0.118	0.119	0.118	0.125	0.117	0.119	0.126	0.129	0.122	0.120	0.120	0.121	0.126	0.119	0.127	0.120	0.117	0.131	0.124	0.124	0.124	0.123	0.124	0.128	0.122	0.127	0.123	0.126	0.123	0.126
18:01:14	37.1	0.794	0.903	0.864	0.786	0.769	0.823	1.012	0.827	0.444	0.479	0.724	0.858	0.866	0.947	0.953	0.897	0.901	0.974	1.150	1.163	0.677	0.523	0.631	1.031	0.882	0.982	0.834	0.880	0.954	1.037	1.153	1.299	0.658	0.480	0.494	1.013	0.885	1.024	0.961	0.873	0.998	1.045	1.257	1.012	0.478	0.554	0.770	1.018	0.857	0.835	0.834	0.799	0.908	0.991	1.127	1.020	0.527	0.465	0.515	0.951	0.121	0.122	0.117	0.130	0.124	0.124	0.118	0.119	0.118	0.125	0.117	0.119	0.126	0.129	0.122	0.120	0.120	0.121	0.126	0.119	0.127	0.121	0.117	0.131	0.124	0.124	0.124	0.123	0.124	0.128	0.122	0.126	0.123	0.127	0.123	0.126
19:01:15	37.1	0.817	0.924	0.870	0.790	0.771	0.832	1.015	0.833	0.440	0.489	0.830	0.903	0.870	0.951	0.977	0.916	0.920	0.988	1.158	1.166	0.679	0.560	0.658	1.080	0.915	0.997	0.841	0.888	0.977	1.063	1.154	1.309	0.660	0.498	0.526	1.045	0.908	1.044	0.970	0.886	1.014	1.062	1.252	1.019	0.479	0.623	0.847	1.052	0.855	0.838	0.853	0.809	0.911	0.995	1.129	1.041	0.542	0.471	0.535	1.007	0.121	0.122	0.117	0.130	0.124	0.124	0.118	0.119	0.118	0.125	0.116	0.119	0.126	0.128	0.122	0.120	0.120	0.120	0.125	0.119	0.127	0.120	0.116	0.131	0.124	0.124	0.124	0.123	0.124	0.127	0.122	0.126	0.123	0.126	0.123	0.126
20:01:15	37.1	0.842	0.933	0.882	0.800	0.787	0.839	1.022	0.840	0.441	0.506	0.953	0.955	0.865	0.963	0.983	0.940	0.938	1.002	1.160	1.164	0.679	0.621	0.685	1.126	0.927	1.015	0.872	0.913	0.986	1.089	1.162	1.310	0.664	0.525	0.583	1.077	0.940	1.070	0.996	0.910	1.029	1.079	1.257	1.046	0.478	0.688	0.904	1.097	0.869	0.838	0.866	0.822	0.917	0.995	1.132	1.054	0.563	0.486	0.559	1.049	0.121	0.121	0.117	0.130	0.124	0.123	0.118	0.119	0.118	0.125	0.116	0.119	0.126	0.128	0.122	0.120	0.120	0.120	0.125	0.119	0.127	0.120	0.116	0.131	0.124	0.124	0.124	0.123	0.124	0.127	0.122	0.126	0.123	0.126	0.123	0.126
21:01:16	37.1	0.852	0.927	0.884	0.810	0.795	0.854	1.025	0.849	0.439	0.541	1.061	1.007	0.860	0.965	0.995	0.953	0.948	1.024	1.165	1.169	0.679	0.708	0.715	1.162	0.940	1.043	0.884	0.924	1.015	1.117	1.174	1.310	0.671	0.566	0.664	1.103	0.954	1.076	1.015	0.925	1.045	1.092	1.260	1.053	0.482	0.743	0.949	1.136	0.877	0.835	0.871	0.834	0.932	1.008	1.140	1.060	0.590	0.511	0.594	1.087	0.121	0.121	0.117	0.129	0.124	0.123	0.118	0.119	0.118	0.124	0.116	0.119	0.126	0.128	0.122	0.119	0.120	0.120	0.125	0.119	0.127	0.120	0.116	0.131	0.123	0.124	0.124	0.123	0.123	0.127	0.122	0.126	0.123	0.126	0.122	0.126
22:01:16	37.1	0.833	0.939	0.894	0.816	0.810	0.867	1.036	0.852	0.440	0.592	1.144	1.032	0.862	0.982	0.996	0.977	0.972	1.045	1.171	1.168	0.685	0.819	0.752	1.194	0.958	1.069	0.917	0.933	1.054	1.140	1.182	1.318	0.684	0.632	0.768	1.125	0.969	1.088	1.032	0.943	1.058	1.108	1.268	1.057	0.489	0.792	0.989	1.168	0.872	0.842	0.868	0.852	0.944	1.016	1.134	1.073	0.619	0.553	0.646	1.122	0.121	0.121	0.117	0.129	0.124	0.123	0.118	0.119	0.117	0.124	0.116	0.119	0.126	0.128	0.121	0.119	0.120	0.120	0.125	0.119	0.127	0.119	0.116	0.131	0.123	0.124	0.124	0.123	0.123	0.126	0.122	0.125	0.123	0.126	0.122	0.126
23:01:17	37.1	0.839	0.941	0.911	0.834	0.826	0.882	1.043	0.856	0.441	0.666	1.200	1.058	0.863	1.014	0.999	0.985	0.990	1.064	1.179	1.168	0.691	0.914	0.805	1.226	0.976	1.099	0.924	0.955	1.085	1.173	1.185	1.324	0.702	0.696	0.888	1.145	0.963	1.102	1.052	0.962	1.075	1.127	1.268	1.058	0.500	0.832	1.020	1.192	0.869	0.850	0.870	0.861	0.959	1.036	1.137	1.081	0.660	0.607	0.718	1.147	0.121	0.121	0.117	0.128	0.124	0.123	0.118	0.119	0.117	0.124	0.116	0.119	0.125	0.128	0.121	0.119	0.120	0.119	0.125	0.118	0.126	0.119	0.116	0.131	0.123	0.123	0.124	0.123	0.123	0.126	0.122	0.125	0.123	0.126	0.122	0.126
24:01:18	37.1	0.829	0.957	0.921	0.834	0.834	0.897	1.048	0.854	0.441	0.747	1.245	1.090	0.858	1.055	0.984	0.983	0.986	1.085	1.181	1.167	0.698	0.986	0.886	1.247	1.010	1.120	0.922	0.966	1.105	1.206	1.186	1.335	0.726	0.767	0.983	1.171	0.972	1.121	1.066	0.978	1.092	1.143	1.276	1.044	0.519	0.872	1.048	1.224	0.868	0.851	0.855	0.867	0.967	1.039	1.140	1.089	0.703	0.676	0.809	1.172	0.121	0.121	0.117	0.128	0.124	0.123	0.118	0.119	0.117	0.124	0.116	0.119	0.125	0.128	0.121	0.119	0.120	0.119	0.124	0.118	0.126	0.119	0.116	0.131	0.123	0.123	0.124	0.123	0.123	0.126	0.122	0.125	0.123	0.126	0.122	0.126
25:01:19	37.1	0.841	0.970	0.922	0.841	0.848	0.906	1.054	0.852	0.444	0.831	1.276	1.093	0.846	1.101	0.974	0.980	0.993	1.099	1.185	1.166	0.709	1.034	0.965	1.263	1.047	1.153	0.940	0.981	1.132	1.222	1.198	1.336	0.756	0.826	1.034	1.191	0.985	1.141	1.071	1.002	1.103	1.160	1.283	1.049	0.546	0.894	1.072	1.244	0.866	0.864	0.838	0.869	0.972	1.046	1.149	1.095	0.745	0.748	0.894	1.188	0.120	0.121	0.117	0.128	0.124	0.122	0.118	0.119	0.117	0.124	0.116	0.119	0.125	0.127	0.121	0.119	0.120	0.119	0.124	0.118	0.126	0.119	0.116	0.131	0.123	0.123	0.124	0.122	0.123	0.125	0.122	0.125	0.123	0.125	0.122	0.126
26:01:19	37.2	0.835	0.975	0.902	0.859	0.858	0.915	1.059	0.848	0.446	0.905	1.305	1.117	0.840	1.142	0.950	0.968	0.981	1.106	1.192	1.164	0.726	1.078	1.060	1.291	1.056	1.179	0.935	1.000	1.153	1.231	1.201	1.338	0.772	0.865	1.073	1.216	0.984	1.153	1.074	1.011	1.117	1.168	1.285	1.046	0.573	0.917	1.098	1.258	0.853	0.871	0.824	0.869	0.972	1.059	1.151	1.101	0.796	0.813	0.983	1.204	0.121	0.120	0.117	0.128	0.124	0.122	0.118	0.119	0.117	0.124	0.116	0.119	0.126	0.127	0.121	0.119	0.120	0.119	0.123	0.118	0.126	0.119	0.116	0.131	0.123	0.123	0.124	0.122	0.123	0.125	0.122	0.125	0.123	0.126	0.122	0.126
27:01:19	37.3	0.821	0.989	0.895	0.868	0.875	0.938	1.059	0.844	0.450	0.962	1.330	1.145	0.827	1.185	0.972	0.938	0.984	1.122	1.199	1.163	0.752	1.115	1.157	1.307	1.099	1.208	0.933	1.022	1.169	1.249	1.214	1.344	0.804	0.891	1.108	1.244	1.000	1.166	1.058	1.029	1.128	1.189	1.290	1.038	0.609	0.942	1.117	1.272	0.841	0.889	0.809	0.864	0.976	1.059	1.159	1.108	0.844	0.887	1.069	1.227	0.120	0.120	0.117	0.128	0.124	0.122	0.118	0.119	0.117	0.124	0.115	0.119	0.125	0.128	0.121	0.119	0.119	0.119	0.123	0.118	0.126	0.119	0.116	0.130	0.123	0.123	0.124	0.122	0.123	0.125	0.122	0.125	0.123	0.125	0.122	0.125
28:01:20	37.2	0.823	1.020	0.895	0.883	0.897	0.960	1.067	0.836	0.457	1.002	1.349	1.158	0.823	1.226	0.987	0.923	0.969	1.122	1.205	1.163	0.787	1.142	1.230	1.331	1.151	1.234	0.965	1.025	1.187	1.271	1.230	1.351	0.835	0.913	1.131	1.268	1.001	1.180	1.052	1.042	1.138	1.203	1.298	1.041	0.649	0.959	1.132	1.288	0.834	0.905	0.790	0.854	0.966	1.062	1.161	1.109	0.889	0.951	1.128	1.235	0.120	0.120	0.117	0.128	0.124	0.122	0.118	0.119	0.117	0.123	0.115	0.119	0.125	0.127	0.121	0.119	0.120	0.119	0.123	0.118	0.126	0.118	0.116	0.130	0.122	0.123	0.124	0.122	0.122	0.125	0.122	0.125	0.123	0.125	0.122	0.125
29:01:20	37.1	0.833	1.058	0.913	0.878	0.908	0.972	1.072	0.829	0.469	1.032	1.362	1.164	0.844	1.269	1.030	0.944	0.953	1.137	1.211	1.163	0.823	1.163	1.285	1.342	1.213	1.261	1.018	1.011	1.185	1.288	1.236	1.350	0.859	0.924	1.148	1.289	1.019	1.202	1.044	1.048	1.152	1.212	1.304	1.030	0.693	0.976	1.144	1.292	0.836	0.935	0.783	0.837	0.950	1.060	1.167	1.115	0.928	1.008	1.172	1.251	0.120	0.120	0.117	0.128	0.123	0.121	0.117	0.118	0.117	0.123	0.115	0.118	0.125	0.127	0.121	0.119	0.119	0.119	0.123	0.118	0.125	0.118	0.116	0.130	0.122	0.123	0.124	0.122	0.122	0.124	0.122	0.125	0.123	0.125	0.121	0.125
30:01:21	37.2	0.849	1.115	0.943	0.872	0.916	0.992	1.074	0.822	0.482	1.053	1.382	1.181	0.877	1.314	1.120	0.982	0.927	1.137	1.221	1.160	0.865	1.180	1.323	1.347	1.269	1.286	1.091	1.008	1.181	1.300	1.250	1.347	0.897	0.930	1.163	1.310	1.039	1.222	1.038	1.052	1.161	1.216	1.309	1.027	0.724	0.987	1.150	1.308	0.837	0.985	0.799	0.815	0.945	1.054	1.174	1.119	0.961	1.049	1.204	1.256	0.120	0.120	0.117	0.128	0.123	0.121	0.117	0.118	0.117	0.123	0.115	0.119	0.125	0.127	0.121	0.119	0.119	0.118	0.123	0.118	0.125	0.118	0.116	0.130	0.122	0.123	0.124	0.122	0.122	0.124	0.122	0.125	0.123	0.125	0.121	0.125
31:01:22	37.3	0.877	1.167	0.974	0.880	0.918	1.016	1.085	0.819	0.501	1.069	1.403	1.183	0.964	1.353	1.187	1.057	0.937	1.123	1.229	1.160	0.904	1.196	1.350	1.363	1.316	1.317	1.180	1.013	1.178	1.303	1.263	1.351	0.933	0.947	1.176	1.329	1.055	1.237	1.068	1.049	1.176	1.227	1.316	1.020	0.768	1.003	1.162	1.317	0.844	1.035	0.811	0.821	0.928	1.049	1.179	1.117	0.996	1.085	1.233	1.256	0.120	0.120	0.117	0.128	0.124	0.121	0.117	0.118	0.117	0.123	0.115	0.118	0.125	0.127	0.121	0.119	0.119	0.118	0.122	0.118	0.125	0.118	0.116	0.130	0.122	0.123	0.124	0.122	0.122	0.124	0.122	0.125	0.123	0.125	0.121	0.125
32:01:22	37.3	0.924	1.227	1.001	0.877	0.916	1.029	1.093	0.812	0.522	1.081	1.400	1.190	1.090	1.382	1.264	1.147	0.979	1.129	1.243	1.158	0.939	1.205	1.371	1.368	1.348	1.349	1.264	1.056	1.179	1.305	1.274	1.354	0.949	0.950	1.186	1.346	1.091	1.253	1.101	1.045	1.186	1.230	1.317	1.012	0.805	1.013	1.168	1.330	0.870	1.083	0.830	0.819	0.918	1.040	1.180	1.116	1.019	1.106	1.252	1.256	0.120	0.120	0.117	0.128	0.124	0.121	0.117	0.118	0.117	0.123	0.115	0.119	0.125	0.127	0.121	0.119	0.119	0.118	0.122	0.118	0.125	0.117	0.116	0.130	0.122	0.123	0.124	0.122	0.122	0.124	0.122	0.125	0.123	0.125	0.121	0.125
33:01:23	37.4	0.953	1.276	1.028	0.902	0.898	1.046	1.098	0.809	0.545	1.092	1.415	1.208	1.186	1.409	1.302	1.204	1.024	1.107	1.246	1.158	0.979	1.215	1.380	1.381	1.379	1.375	1.321	1.108	1.212	1.308	1.289	1.358	0.976	0.958	1.195	1.368	1.128	1.275	1.139	1.031	1.189	1.229	1.324	1.009	0.838	1.020	1.173	1.333	0.907	1.147	0.855	0.847	0.902	1.030	1.187	1.117	1.040	1.124	1.269	1.255	0.120	0.120	0.116	0.128	0.123	0.121	0.117	0.118	0.117	0.123	0.115	0.118	0.125	0.127	0.120	0.119	0.119	0.118	0.122	0.118	0.125	0.117	0.116	0.130	0.122	0.123	0.124	0.122	0.122	0.124	0.122	0.125	0.123	0.125	0.121	0.125
34:01:23	37.4	1.017	1.327	1.069	0.948	0.892	1.060	1.106	0.803	0.568	1.098	1.420	1.211	1.267	1.431	1.338	1.271	1.071	1.125	1.262	1.157	1.009	1.220	1.392	1.390	1.404	1.408	1.359	1.168	1.246	1.316	1.297	1.359	0.993	0.964	1.200	1.387	1.187	1.289	1.195	1.043	1.187	1.226	1.331	1.000	0.866	1.032	1.181	1.349	0.965	1.207	0.886	0.900	0.902	1.026	1.196	1.118	1.052	1.136	1.281	1.261	0.120	0.120	0.116	0.128	0.123	0.121	0.117	0.118	0.117	0.122	0.115	0.118	0.125	0.127	0.120	0.119	0.119	0.118	0.122	0.118	0.124	0.117	0.116	0.130	0.121	0.123	0.124	0.122	0.122	0.124	0.122	0.125	0.122	0.125	0.121	0.125
35:01:24	37.5	1.077	1.359	1.103	0.974	0.895	1.052	1.112	0.799	0.596	1.107	1.430	1.228	1.317	1.450	1.365	1.297	1.116	1.178	1.262	1.156	1.038	1.227	1.399	1.406	1.416	1.431	1.379	1.201	1.290	1.325	1.308	1.359	1.010	0.967	1.206	1.401	1.230	1.310	1.227	1.058	1.186	1.222	1.335	0.997	0.892	1.041	1.184	1.359	1.025	1.247	0.925	0.960	0.911	1.011	1.197	1.121	1.066	1.148	1.296	1.267	0.120	0.120	0.116	0.128	0.123	0.121	0.117	0.118	0.117	0.122	0.115	0.118	0.125	0.127	0.120	0.119	0.119	0.118	0.122	0.118	0.124	0.117	0.116	0.130	0.122	0.123	0.124	0.122	0.122	0.124	0.122	0.125	0.123	0.125	0.121	0.125
36:01:24	37.4	1.138	1.389	1.139	1.005	0.917	1.038	1.114	0.794	0.632	1.118	1.423	1.246	1.356	1.469	1.385	1.333	1.175	1.227	1.274	1.155	1.067	1.233	1.406	1.416	1.432	1.443	1.400	1.244	1.323	1.332	1.321	1.357	1.032	0.973	1.212	1.409	1.270	1.330	1.272	1.105	1.179	1.213	1.342	0.989	0.910	1.050	1.188	1.373	1.099	1.303	0.972	1.023	0.928	1.018	1.204	1.122	1.080	1.157	1.307	1.276	0.120	0.120	0.116	0.128	0.123	0.121	0.117	0.118	0.117	0.122	0.114	0.118	0.125	0.127	0.120	0.119	0.119	0.118	0.122	0.118	0.124	0.117	0.116	0.129	0.121	0.122	0.123	0.122	0.122	0.124	0.121	0.124	0.122	0.124	0.120	0.124
37:01:25	37.4	1.193	1.412	1.178	1.038	0.948	1.030	1.126	0.793	0.674	1.126	1.420	1.246	1.385	1.482	1.400	1.356	1.204	1.275	1.279	1.155	1.093	1.238	1.412	1.405	1.448	1.468	1.419	1.304	1.367	1.357	1.331	1.359	1.039	0.976	1.217	1.419	1.306	1.341	1.299	1.147	1.185	1.224	1.345	0.987	0.916	1.057	1.193	1.381	1.176	1.330	1.015	1.080	0.949	1.031	1.205	1.119	1.091	1.164	1.316	1.281	0.120	0.120	0.116	0.128	0.123	0.121	0.117	0.118	0.116	0.121	0.114	0.117	0.125	0.127	0.120	0.119	0.119	0.118	0.122	0.118	0.124	0.117	0.116	0.129	0.121	0.122	0.123	0.122	0.122	0.124	0.121	0.124	0.122	0.124	0.120	0.124
38:01:26	37.5	1.235	1.430	1.216	1.060	0.970	1.047	1.133	0.791	0.726	1.134	1.410	1.282	1.404	1.493	1.412	1.371	1.243	1.319	1.289	1.154	1.109	1.243	1.417	1.427	1.460	1.480	1.434	1.333	1.393	1.375	1.344	1.357	1.052	0.981	1.223	1.430	1.349	1.361	1.328	1.193	1.190	1.237	1.351	0.984	0.926	1.063	1.197	1.393	1.230	1.367	1.060	1.132	0.974	1.048	1.204	1.120	1.101	1.171	1.326	1.284	0.120	0.120	0.116	0.127	0.123	0.121	0.117	0.118	0.116	0.121	0.114	0.117	0.125	0.127	0.120	0.118	0.119	0.118	0.122	0.118	0.124	0.117	0.116	0.129	0.121	0.122	0.123	0.122	0.121	0.123	0.121	0.124	0.122	0.124	0.120	0.124
39:01:27	37.4	1.270	1.452	1.250	1.093	1.014	1.084	1.141	0.791	0.778	1.143	1.421	1.286	1.424	1.506	1.425	1.389	1.267	1.348	1.300	1.152	1.131	1.250	1.411	1.425	1.474	1.494	1.445	1.354	1.415	1.385	1.358	1.359	1.058	0.988	1.227	1.438	1.377	1.375	1.349	1.241	1.212	1.259	1.358	0.980	0.933	1.072	1.202	1.403	1.282	1.397	1.106	1.181	1.008	1.074	1.210	1.118	1.113	1.175	1.333	1.295	0.119	0.120	0.116	0.127	0.123	0.120	0.117	0.118	0.116	0.121	0.114	0.117	0.125	0.126	0.120	0.118	0.119	0.118	0.121	0.117	0.124	0.116	0.116	0.129	0.121	0.122	0.123	0.122	0.121	0.123	0.121	0.124	0.122	0.124	0.120	0.124
40:01:27	37.4	1.297	1.464	1.272	1.121	1.040	1.126	1.149	0.789	0.811	1.151	1.412	1.301	1.443	1.520	1.445	1.404	1.289	1.372	1.302	1.151	1.139	1.250	1.411	1.427	1.486	1.513	1.459	1.381	1.431	1.405	1.368	1.359	1.065	0.993	1.231	1.439	1.395	1.397	1.377	1.275	1.233	1.287	1.362	0.976	0.936	1.077	1.205	1.405	1.333	1.421	1.143	1.220	1.040	1.102	1.215	1.117	1.120	1.178	1.339	1.299	0.120	0.119	0.116	0.127	0.123	0.120	0.117	0.118	0.116	0.121	0.114	0.117	0.125	0.127	0.120	0.118	0.119	0.118	0.121	0.117	0.124	0.116	0.116	0.129	0.121	0.122	0.123	0.122	0.121	0.123	0.121	0.124	0.122	0.124	0.120	0.124
41:01:28	37.4	1.320	1.480	1.297	1.155	1.077	1.169	1.159	0.790	0.845	1.160	1.442	1.325	1.458	1.530	1.449	1.420	1.316	1.393	1.312	1.152	1.153	1.258	1.418	1.446	1.498	1.520	1.465	1.391	1.450	1.424	1.380	1.361	1.076	1.000	1.240	1.449	1.414	1.424	1.386	1.307	1.268	1.316	1.368	0.976	0.947	1.085	1.209	1.415	1.383	1.447	1.188	1.253	1.072	1.131	1.213	1.122	1.126	1.183	1.347	1.307	0.120	0.119	0.116	0.127	0.123	0.120	0.117	0.118	0.116	0.121	0.114	0.117	0.125	0.127	0.120	0.118	0.119	0.118	0.121	0.118	0.124	0.116	0.116	0.129	0.121	0.122	0.123	0.122	0.121	0.123	0.121	0.124	0.122	0.124	0.120	0.124
42:01:28	37.5	1.344	1.494	1.323	1.192	1.110	1.207	1.166	0.790	0.876	1.168	1.440	1.326	1.473	1.541	1.458	1.433	1.327	1.407	1.323	1.150	1.164	1.259	1.419	1.445	1.510	1.531	1.478	1.410	1.463	1.437	1.391	1.360	1.080	1.005	1.243	1.452	1.427	1.441	1.402	1.335	1.301	1.345	1.370	0.973	0.950	1.092	1.211	1.414	1.406	1.463	1.223	1.284	1.108	1.153	1.213	1.122	1.129	1.185	1.352	1.326	0.119	0.119	0.116	0.127	0.123	0.120	0.116	0.118	0.116	0.121	0.114	0.117	0.125	0.126	0.119	0.118	0.119	0.117	0.121	0.117	0.123	0.116	0.116	0.128	0.121	0.122	0.123	0.122	0.121	0.123	0.121	0.124	0.122	0.124	0.120	0.124
43:01:29	37.3	1.367	1.506	1.339	1.219	1.136	1.241	1.175	0.792	0.909	1.177	1.423	1.335	1.483	1.552	1.467	1.443	1.345	1.426	1.329	1.148	1.171	1.262	1.421	1.429	1.519	1.545	1.484	1.415	1.475	1.445	1.397	1.360	1.089	1.008	1.250	1.453	1.439	1.465	1.420	1.359	1.329	1.374	1.374	0.972	0.955	1.099	1.216	1.422	1.427	1.478	1.258	1.308	1.147	1.184	1.215	1.127	1.137	1.187	1.360	1.323	0.119	0.119	0.116	0.127	0.123	0.120	0.116	0.118	0.116	0.121	0.114	0.116	0.125	0.126	0.119	0.118	0.119	0.117	0.121	0.117	0.123	0.116	0.116	0.128	0.121	0.122	0.123	0.122	0.121	0.123	0.121	0.124	0.122	0.124	0.120	0.124
44:01:30	37.4	1.390	1.517	1.356	1.254	1.175	1.269	1.192	0.792	0.941	1.189	1.430	1.332	1.497	1.561	1.475	1.450	1.361	1.439	1.340	1.147	1.178	1.267	1.418	1.452	1.530	1.556	1.484	1.426	1.483	1.459	1.400	1.361	1.096	1.016	1.254	1.459	1.452	1.478	1.430	1.378	1.361	1.394	1.379	0.970	0.959	1.104	1.219	1.423	1.438	1.489	1.292	1.332	1.184	1.208	1.212	1.129	1.140	1.192	1.366	1.331	0.120	0.119	0.116	0.127	0.123	0.120	0.116	0.118	0.115	0.121	0.114	0.117	0.125	0.127	0.120	0.118	0.119	0.117	0.121	0.117	0.123	0.116	0.116	0.129	0.121	0.122	0.123	0.122	0.121	0.123	0.121	0.124	0.122	0.124	0.120	0.124
45:01:30	37.3	1.404	1.529	1.374	1.282	1.205	1.292	1.198	0.794	0.969	1.199	1.435	1.332	1.508	1.569	1.481	1.459	1.377	1.447	1.353	1.144	1.183	1.269	1.410	1.440	1.538	1.566	1.489	1.438	1.498	1.466	1.404	1.359	1.100	1.023	1.260	1.464	1.467	1.491	1.435	1.390	1.383	1.411	1.384	0.970	0.962	1.112	1.221	1.435	1.447	1.500	1.323	1.349	1.215	1.226	1.213	1.137	1.143	1.193	1.372	1.332	0.119	0.119	0.116	0.127	0.123	0.120	0.116	0.117	0.115	0.121	0.114	0.116	0.125	0.126	0.119	0.118	0.119	0.117	0.121	0.117	0.123	0.116	0.115	0.128	0.120	0.122	0.122	0.122	0.121	0.123	0.121	0.124	0.122	0.123	0.120	0.123
46:01:31	37.4	1.412	1.540	1.390	1.305	1.236	1.315	1.210	0.800	0.998	1.220	1.446	1.339	1.519	1.579	1.488	1.469	1.392	1.454	1.356	1.143	1.192	1.274	1.418	1.451	1.546	1.574	1.501	1.451	1.510	1.483	1.409	1.355	1.114	1.029	1.268	1.468	1.480	1.507	1.454	1.412	1.393	1.429	1.387	0.965	0.969	1.120	1.225	1.441	1.453	1.508	1.355	1.366	1.240	1.249	1.214	1.139	1.153	1.198	1.381	1.329	0.119	0.119	0.116	0.126	0.123	0.120	0.116	0.117	0.115	0.120	0.114	0.116	0.125	0.126	0.119	0.118	0.119	0.117	0.121	0.117	0.123	0.116	0.115	0.128	0.121	0.122	0.122	0.122	0.121	0.123	0.121	0.124	0.122	0.123	0.119	0.124
47:01:31	37.4	1.421	1.548	1.405	1.333	1.269	1.342	1.224	0.802	1.030	1.242	1.431	1.350	1.526	1.585	1.494	1.478	1.402	1.466	1.373	1.141	1.194	1.279	1.413	1.444	1.549	1.585	1.509	1.459	1.516	1.488	1.413	1.356	1.113	1.033	1.274	1.472	1.500	1.521	1.462	1.424	1.413	1.445	1.394	0.968	0.972	1.125	1.228	1.437	1.455	1.512	1.385	1.384	1.271	1.271	1.213	1.138	1.151	1.201	1.389	1.332	0.119	0.118	0.116	0.126	0.123	0.120	0.116	0.117	0.115	0.120	0.114	0.116	0.125	0.126	0.119	0.118	0.119	0.117	0.121	0.117	0.122	0.116	0.116	0.128	0.121	0.122	0.123	0.122	0.121	0.123	0.121	0.124	0.122	0.123	0.119	0.124
48:01:32	37.4	1.434	1.554	1.422	1.358	1.300	1.367	1.246	0.807	1.049	1.270	1.435	1.325	1.534	1.589	1.502	1.488	1.415	1.472	1.379	1.137	1.201	1.284	1.417	1.444	1.553	1.587	1.518	1.470	1.523	1.497	1.419	1.356	1.122	1.042	1.277	1.478	1.513	1.531	1.470	1.438	1.429	1.457	1.397	0.968	0.975	1.134	1.230	1.430	1.425	1.518	1.407	1.400	1.298	1.289	1.210	1.140	1.150	1.205	1.399	1.326	0.119	0.118	0.116	0.126	0.123	0.120	0.116	0.117	0.115	0.120	0.114	0.116	0.125	0.126	0.119	0.118	0.119	0.117	0.121	0.117	0.122	0.116	0.115	0.128	0.120	0.122	0.122	0.122	0.121	0.123	0.121	0.124	0.122	0.123	0.119	0.123

Results
	1	2	3	4	5	6	7	8	9	10	11	12
A	2.394	2.407	2.977	2.674	2.536	2.467	2.589	2.698	0.889	1.320	1.782	1.399	Max V [578]
	0.979	0.980	0.975	0.972	0.973	0.977	0.971	0.961	0.993	0.999	0.996	0.996	R-Squared [578]
	6:01:09	6:01:09	6:01:09	6:01:09	6:01:09	6:01:09	6:01:09	7:01:10	7:01:10	24:01:18	20:01:15	10:01:11	t at Max V [578]
	4:03:32	4:06:31	4:06:56	4:10:28	4:08:22	4:08:53	4:10:54	4:31:38	4:01:30	16:13:03	12:27:25	6:23:32	Lagtime [578]
B	2.341	2.353	2.994	2.762	2.681	2.866	3.039	3.892	2.076	1.561	1.468	1.392	Max V [578]
	0.983	0.980	0.980	0.975	0.977	0.975	0.968	0.945	0.977	0.996	0.998	0.969	R-Squared [578]
	6:01:09	6:01:09	6:01:09	6:01:09	6:01:09	6:01:09	6:01:09	6:01:09	6:01:09	22:01:17	26:01:19	8:01:10	t at Max V [578]
	4:01:03	4:04:27	4:03:14	4:09:31	4:06:16	4:08:25	4:13:08	4:17:53	4:04:25	14:38:00	15:23:50	5:36:02	Lagtime [578]
C	2.151	2.301	2.148	2.626	2.582	2.808	2.890	4.142	1.723	1.092	1.705	1.875	Max V [578]
	0.982	0.975	0.969	0.965	0.969	0.975	0.978	0.966	0.988	0.999	0.996	0.997	R-Squared [578]
	6:01:09	6:01:09	6:01:09	6:01:09	6:01:09	7:01:10	7:01:10	7:01:10	7:01:10	23:01:18	22:01:17	9:01:10	t at Max V [578]
	4:11:38	4:12:18	4:11:58	4:15:50	4:02:39	4:24:25	4:26:37	4:37:38	4:12:57	14:11:07	15:40:50	6:30:37	Lagtime [578]
D	2.190	2.048	2.693	2.248	2.787	2.441	3.437	3.190	0.933	1.031	1.596	1.803	Max V [578]
	0.973	0.974	0.970	0.963	0.966	0.980	0.992	0.970	0.997	0.998	0.989	0.997	R-Squared [578]
	6:01:09	6:01:09	6:01:09	7:01:10	6:01:09	7:01:10	7:01:10	7:01:10	8:01:10	19:01:15	17:01:14	9:01:10	t at Max V [578]
	4:11:05	4:18:52	4:13:03	4:26:03	4:15:07	4:30:45	4:49:50	4:57:28	4:28:17	10:48:51	11:27:10	6:25:05	Lagtime [578]
E	2.683	2.113	2.564	2.492	2.896	2.871	3.981	2.954	0.960	1.162	1.459	1.214	Max V [578]
	0.973	0.971	0.965	0.963	0.969	0.962	0.978	0.984	0.994	1.000	1.000	1.000	R-Squared [578]
	6:01:09	6:01:09	6:01:09	6:01:09	6:01:09	6:01:09	7:01:10	6:01:09	7:01:10	25:01:18	25:01:18	14:01:12	t at Max V [578]
	4:11:36	4:11:57	4:14:43	4:15:48	4:14:35	4:17:11	4:46:27	4:08:26	4:10:31	16:04:27	16:18:09	6:12:34	Lagtime [578]
F	-0.007	-0.006	-0.005	-0.008	-0.008	-0.008	-0.017	-0.006	-0.007	-0.018	-0.013	-0.006	Max V [578]
	0.881	0.916	0.874	0.881	0.865	0.919	0.981	0.866	0.847	0.972	0.949	0.866	R-Squared [578]
	2:01:07	2:01:07	2:01:07	2:01:07	2:01:07	2:01:07	2:01:07	2:01:07	2:01:07	2:01:07	2:01:07	2:01:07	t at Max V [578]
	?????	?????	?????	?????	?????	?????	?????	?????	?????	?????	?????	?????	Lagtime [578]
G	-0.011	-0.010	-0.019	-0.011	-0.008	-0.009	-0.015	-0.006	-0.037	-0.008	-0.006	-0.011	Max V [578]
	0.978	0.999	0.970	0.989	0.853	0.893	0.890	0.855	0.962	0.877	0.851	0.933	R-Squared [578]
	2:01:07	7:01:10	2:01:07	2:01:07	2:01:07	2:01:07	2:01:07	2:01:07	2:01:07	2:01:07	2:01:07	5:01:09	t at Max V [578]
	?????	2:19:14	?????	?????	?????	?????	?????	?????	?????	?????	?????	0:09:11	Lagtime [578]
H	-0.011	-0.006	-0.007	-0.005	-0.006	-0.010	-0.006	-0.006	-0.009	-0.018	-0.006	-0.010	Max V [578]
	0.994	0.814	0.923	0.887	0.855	0.933	0.775	0.813	0.920	0.953	0.893	0.976	R-Squared [578]
	3:01:08	2:01:07	2:01:07	2:01:07	2:01:07	2:01:07	2:01:07	2:01:07	2:01:07	2:01:07	2:01:07	6:01:09	t at Max V [578]
	0:26:19	?????	?????	?????	?????	?????	?????	?????	?????	?????	?????	1:19:48	Lagtime [578]



Software Version	3.12.08



Experiment File Path:	C:\Users\Sarela\Documents\Rita Pires\Exp30_RP_2plates_part1_27032024.xpt
Protocol File Path:	C:\Users\Public\Documents\Protocols\New_96well_578_24H.prt



Plate Number	Plate 2
Date	3/27/2024
Time	12:33:57 PM
Reader Type:	Epoch 2
Reader Serial Number:	2202232E
Reading Type	Reader

Procedure Details

Plate Type	96 WELL PLATE
Discontinuous Kinetics	Runtime 2:00:00 (D:HH:MM), Interval 0:01:00, 49 Reads
Eject plate on completion	
Set Temperature	Setpoint 37°C, Gradient 0 °C
Shake	Double Orbital: 0:01:01 (HH:MM:SS)
	Frequency: 282 cpm (3 mm)
Read	Absorbance Endpoint
	Full Plate
	Wavelengths:  578
	Read Speed: Normal,  Delay: 100 msec,  Measurements/Data Point: 8

578

Time	T° 578	A1	A2	A3	A4	A5	A6	A7	A8	A9	A10	A11	A12	B1	B2	B3	B4	B5	B6	B7	B8	B9	B10	B11	B12	C1	C2	C3	C4	C5	C6	C7	C8	C9	C10	C11	C12	D1	D2	D3	D4	D5	D6	D7	D8	D9	D10	D11	D12	E1	E2	E3	E4	E5	E6	E7	E8	E9	E10	E11	E12	F1	F2	F3	F4	F5	F6	F7	F8	F9	F10	F11	F12	G1	G2	G3	G4	G5	G6	G7	G8	G9	G10	G11	G12	H1	H2	H3	H4	H5	H6	H7	H8	H9	H10	H11	H12
0:01:05	37.0	0.136	0.134	0.123	0.125	0.120	0.121	0.116	0.139	0.127	0.128	0.135	0.120	0.126	0.121	0.119	0.129	0.125	0.113	0.126	0.121	0.125	0.125	0.122	0.118	0.127	0.124	0.118	0.140	0.120	0.111	0.117	0.122	0.127	0.123	0.111	0.113	0.130	0.118	0.123	0.124	0.126	0.121	0.120	0.135	0.130	0.125	0.122	0.117	0.125	0.121	0.118	0.113	0.117	0.120	0.121	0.127	0.132	0.118	0.118	0.123	0.124	0.129	0.120	0.128	0.130	0.120	0.120	0.142	0.127	0.122	0.129	0.125	0.131	0.126	0.124	0.130	0.132	0.124	0.131	0.126	0.108	0.127	0.119	0.139	0.117	0.127	0.132	0.137	0.125	0.116	0.126	0.110	0.118	0.122	0.121	0.132
1:01:06	37.0	0.132	0.126	0.122	0.125	0.119	0.122	0.117	0.131	0.126	0.124	0.132	0.119	0.123	0.120	0.118	0.126	0.119	0.114	0.123	0.120	0.125	0.122	0.117	0.118	0.126	0.123	0.117	0.134	0.120	0.112	0.117	0.122	0.126	0.123	0.112	0.113	0.128	0.119	0.122	0.122	0.130	0.122	0.121	0.130	0.124	0.123	0.121	0.117	0.124	0.122	0.118	0.115	0.118	0.120	0.121	0.127	0.125	0.117	0.118	0.122	0.123	0.128	0.119	0.128	0.130	0.119	0.120	0.141	0.127	0.121	0.128	0.124	0.130	0.125	0.123	0.130	0.131	0.123	0.130	0.125	0.108	0.126	0.119	0.138	0.117	0.127	0.132	0.135	0.125	0.116	0.125	0.110	0.118	0.122	0.120	0.131
2:01:06	37.0	0.132	0.125	0.123	0.126	0.119	0.122	0.118	0.130	0.127	0.126	0.132	0.120	0.126	0.123	0.120	0.127	0.120	0.117	0.124	0.122	0.126	0.122	0.117	0.119	0.127	0.124	0.119	0.134	0.122	0.113	0.119	0.124	0.128	0.126	0.115	0.115	0.127	0.120	0.124	0.123	0.133	0.124	0.124	0.130	0.124	0.124	0.122	0.119	0.126	0.122	0.120	0.117	0.120	0.121	0.122	0.127	0.125	0.119	0.119	0.124	0.123	0.127	0.119	0.127	0.129	0.119	0.120	0.140	0.126	0.121	0.128	0.123	0.130	0.125	0.122	0.130	0.131	0.123	0.130	0.125	0.108	0.125	0.119	0.138	0.117	0.126	0.131	0.133	0.124	0.116	0.125	0.110	0.118	0.122	0.120	0.131
3:01:07	37.0	0.139	0.130	0.129	0.132	0.125	0.129	0.125	0.134	0.131	0.129	0.135	0.123	0.132	0.131	0.126	0.134	0.126	0.126	0.131	0.129	0.132	0.128	0.120	0.123	0.133	0.128	0.124	0.140	0.127	0.119	0.124	0.130	0.133	0.132	0.119	0.119	0.132	0.125	0.130	0.129	0.139	0.129	0.129	0.134	0.126	0.127	0.127	0.122	0.132	0.129	0.124	0.122	0.126	0.127	0.127	0.133	0.128	0.123	0.123	0.125	0.123	0.127	0.119	0.127	0.129	0.119	0.120	0.140	0.126	0.121	0.128	0.123	0.130	0.125	0.122	0.129	0.131	0.123	0.130	0.125	0.108	0.124	0.119	0.137	0.117	0.127	0.131	0.132	0.124	0.116	0.125	0.110	0.118	0.122	0.120	0.131
4:01:07	37.1	0.165	0.155	0.149	0.151	0.145	0.151	0.144	0.147	0.141	0.141	0.143	0.126	0.153	0.156	0.151	0.156	0.145	0.148	0.150	0.146	0.146	0.143	0.134	0.137	0.156	0.144	0.140	0.155	0.143	0.134	0.143	0.145	0.144	0.149	0.130	0.127	0.148	0.141	0.147	0.147	0.159	0.144	0.143	0.145	0.136	0.137	0.135	0.127	0.152	0.148	0.141	0.137	0.144	0.145	0.141	0.148	0.139	0.133	0.132	0.131	0.123	0.127	0.119	0.127	0.129	0.119	0.120	0.139	0.126	0.121	0.128	0.123	0.130	0.125	0.122	0.129	0.131	0.123	0.130	0.124	0.108	0.123	0.118	0.137	0.117	0.126	0.131	0.131	0.124	0.115	0.124	0.110	0.118	0.122	0.120	0.130
5:01:08	37.1	0.235	0.226	0.211	0.212	0.209	0.216	0.205	0.192	0.171	0.169	0.160	0.132	0.210	0.225	0.219	0.223	0.202	0.220	0.205	0.192	0.188	0.181	0.153	0.144	0.217	0.195	0.190	0.202	0.195	0.178	0.196	0.187	0.186	0.187	0.153	0.143	0.196	0.188	0.198	0.202	0.222	0.191	0.188	0.174	0.167	0.163	0.155	0.137	0.207	0.203	0.188	0.188	0.205	0.201	0.183	0.235	0.170	0.154	0.150	0.139	0.123	0.127	0.119	0.127	0.129	0.119	0.119	0.138	0.126	0.121	0.128	0.123	0.129	0.124	0.122	0.129	0.130	0.123	0.130	0.124	0.108	0.122	0.119	0.137	0.117	0.126	0.131	0.130	0.124	0.115	0.124	0.110	0.118	0.122	0.120	0.130
6:01:09	37.1	0.403	0.390	0.380	0.378	0.365	0.390	0.357	0.348	0.222	0.212	0.188	0.147	0.364	0.382	0.384	0.400	0.368	0.399	0.357	0.358	0.316	0.239	0.191	0.171	0.360	0.312	0.318	0.328	0.320	0.293	0.344	0.391	0.295	0.244	0.186	0.174	0.319	0.305	0.340	0.352	0.379	0.326	0.322	0.270	0.244	0.207	0.187	0.161	0.344	0.333	0.314	0.330	0.355	0.344	0.305	0.466	0.245	0.193	0.183	0.150	0.122	0.127	0.119	0.127	0.129	0.119	0.120	0.138	0.126	0.121	0.127	0.122	0.129	0.124	0.122	0.127	0.130	0.123	0.129	0.124	0.108	0.122	0.118	0.136	0.117	0.126	0.130	0.129	0.124	0.115	0.124	0.110	0.118	0.121	0.120	0.129
7:01:09	37.1	0.623	0.586	0.598	0.593	0.599	0.615	0.580	0.577	0.283	0.266	0.217	0.188	0.557	0.581	0.619	0.644	0.590	0.638	0.591	0.654	0.422	0.299	0.236	0.236	0.570	0.474	0.502	0.521	0.523	0.487	0.571	0.725	0.387	0.304	0.238	0.229	0.510	0.477	0.557	0.576	0.614	0.548	0.567	0.598	0.332	0.257	0.233	0.192	0.548	0.525	0.522	0.557	0.596	0.582	0.541	0.673	0.319	0.236	0.223	0.184	0.123	0.127	0.119	0.127	0.129	0.119	0.120	0.137	0.126	0.121	0.127	0.122	0.129	0.124	0.122	0.127	0.130	0.123	0.129	0.123	0.108	0.122	0.119	0.136	0.117	0.126	0.130	0.129	0.124	0.115	0.124	0.110	0.118	0.121	0.120	0.129
8:01:10	37.1	0.736	0.700	0.742	0.743	0.721	0.759	0.732	0.713	0.334	0.312	0.256	0.268	0.696	0.723	0.769	0.793	0.729	0.790	0.796	0.883	0.508	0.352	0.294	0.312	0.724	0.607	0.647	0.657	0.694	0.643	0.761	0.912	0.463	0.362	0.295	0.295	0.647	0.616	0.715	0.747	0.783	0.728	0.766	0.768	0.411	0.309	0.284	0.250	0.692	0.671	0.702	0.740	0.774	0.765	0.755	0.838	0.387	0.284	0.271	0.253	0.122	0.127	0.119	0.127	0.129	0.119	0.120	0.137	0.126	0.121	0.127	0.122	0.129	0.124	0.122	0.127	0.130	0.122	0.129	0.123	0.108	0.122	0.118	0.136	0.117	0.126	0.130	0.129	0.123	0.115	0.124	0.110	0.118	0.121	0.120	0.129
9:01:10	37.1	0.762	0.709	0.740	0.754	0.740	0.793	0.778	0.793	0.382	0.354	0.299	0.317	0.731	0.757	0.774	0.837	0.775	0.828	0.861	1.023	0.560	0.403	0.343	0.411	0.763	0.659	0.716	0.726	0.771	0.722	0.837	1.025	0.535	0.421	0.345	0.408	0.665	0.654	0.732	0.796	0.822	0.785	0.917	0.882	0.458	0.353	0.338	0.394	0.728	0.702	0.724	0.786	0.815	0.827	0.870	0.947	0.431	0.326	0.318	0.343	0.122	0.127	0.119	0.127	0.129	0.119	0.119	0.136	0.126	0.121	0.127	0.122	0.128	0.124	0.122	0.126	0.130	0.122	0.129	0.123	0.108	0.122	0.118	0.136	0.117	0.126	0.128	0.128	0.124	0.115	0.124	0.110	0.118	0.121	0.119	0.128
10:01:11	37.1	0.765	0.712	0.752	0.743	0.746	0.787	0.797	0.823	0.408	0.382	0.339	0.374	0.734	0.757	0.790	0.820	0.760	0.837	0.888	1.109	0.610	0.438	0.392	0.502	0.775	0.663	0.720	0.726	0.778	0.720	0.896	1.083	0.582	0.468	0.396	0.513	0.667	0.663	0.747	0.804	0.832	0.792	1.033	0.935	0.506	0.406	0.390	0.517	0.744	0.731	0.741	0.788	0.816	0.841	0.958	0.984	0.476	0.365	0.371	0.443	0.122	0.127	0.119	0.127	0.129	0.119	0.119	0.136	0.126	0.121	0.127	0.122	0.129	0.124	0.122	0.126	0.130	0.122	0.129	0.123	0.108	0.122	0.118	0.135	0.117	0.126	0.128	0.128	0.123	0.115	0.124	0.110	0.118	0.121	0.120	0.128
11:01:11	37.1	0.763	0.728	0.761	0.746	0.743	0.788	0.856	0.820	0.432	0.408	0.388	0.422	0.742	0.765	0.809	0.826	0.765	0.833	0.963	1.150	0.617	0.472	0.438	0.577	0.784	0.675	0.715	0.726	0.781	0.719	0.962	1.110	0.613	0.506	0.444	0.604	0.683	0.680	0.765	0.811	0.851	0.807	1.143	0.961	0.543	0.446	0.444	0.630	0.753	0.741	0.749	0.798	0.824	0.850	0.999	0.993	0.500	0.405	0.423	0.525	0.122	0.127	0.119	0.127	0.129	0.119	0.119	0.135	0.126	0.121	0.127	0.122	0.128	0.124	0.121	0.125	0.130	0.123	0.128	0.123	0.108	0.122	0.118	0.135	0.117	0.126	0.128	0.128	0.123	0.115	0.123	0.110	0.118	0.121	0.119	0.128
12:01:11	37.1	0.766	0.724	0.760	0.749	0.742	0.788	0.900	0.811	0.453	0.438	0.430	0.461	0.746	0.766	0.818	0.833	0.779	0.850	1.039	1.146	0.623	0.495	0.477	0.636	0.789	0.687	0.733	0.741	0.786	0.745	1.077	1.122	0.623	0.527	0.479	0.684	0.697	0.700	0.776	0.834	0.860	0.845	1.188	0.956	0.564	0.470	0.485	0.729	0.756	0.746	0.764	0.812	0.828	0.859	1.030	0.979	0.521	0.429	0.468	0.633	0.122	0.127	0.119	0.127	0.129	0.119	0.119	0.134	0.126	0.120	0.127	0.122	0.128	0.124	0.120	0.125	0.130	0.122	0.128	0.123	0.108	0.122	0.118	0.135	0.117	0.125	0.127	0.128	0.123	0.115	0.123	0.110	0.117	0.121	0.119	0.127
13:01:11	37.1	0.772	0.740	0.773	0.750	0.744	0.791	0.922	0.809	0.462	0.454	0.477	0.529	0.754	0.800	0.827	0.846	0.779	0.861	1.063	1.137	0.624	0.509	0.513	0.701	0.793	0.726	0.756	0.748	0.792	0.768	1.146	1.141	0.620	0.552	0.513	0.751	0.728	0.767	0.819	0.844	0.875	0.886	1.199	0.956	0.580	0.494	0.516	0.800	0.756	0.741	0.770	0.818	0.829	0.861	1.036	0.961	0.531	0.456	0.510	0.728	0.122	0.127	0.119	0.127	0.129	0.119	0.119	0.134	0.125	0.120	0.127	0.122	0.128	0.124	0.120	0.124	0.130	0.122	0.128	0.123	0.108	0.122	0.118	0.135	0.117	0.125	0.127	0.128	0.123	0.115	0.123	0.110	0.117	0.121	0.119	0.127
14:01:12	37.1	0.784	0.765	0.777	0.751	0.743	0.797	0.946	0.809	0.462	0.456	0.515	0.594	0.777	0.828	0.857	0.854	0.791	0.878	1.096	1.139	0.617	0.508	0.543	0.770	0.806	0.765	0.766	0.755	0.808	0.791	1.158	1.155	0.612	0.566	0.533	0.814	0.768	0.830	0.856	0.882	0.903	0.917	1.210	0.961	0.583	0.516	0.552	0.861	0.753	0.737	0.768	0.817	0.827	0.866	1.036	0.943	0.543	0.473	0.541	0.796	0.122	0.126	0.119	0.127	0.129	0.118	0.119	0.134	0.126	0.120	0.127	0.122	0.128	0.124	0.120	0.124	0.130	0.122	0.128	0.123	0.108	0.122	0.118	0.135	0.117	0.125	0.127	0.128	0.123	0.115	0.123	0.110	0.117	0.121	0.119	0.127
15:01:12	37.1	0.804	0.803	0.778	0.751	0.738	0.812	0.961	0.817	0.463	0.463	0.552	0.652	0.813	0.855	0.875	0.865	0.803	0.892	1.106	1.148	0.612	0.509	0.568	0.844	0.833	0.809	0.774	0.773	0.838	0.820	1.180	1.181	0.606	0.610	0.559	0.868	0.812	0.879	0.887	0.905	0.941	0.946	1.202	0.979	0.582	0.576	0.622	0.931	0.758	0.756	0.771	0.816	0.828	0.871	1.026	0.946	0.556	0.482	0.569	0.863	0.122	0.126	0.119	0.127	0.129	0.118	0.119	0.134	0.125	0.120	0.127	0.122	0.128	0.124	0.120	0.124	0.130	0.122	0.128	0.122	0.108	0.121	0.118	0.135	0.117	0.124	0.127	0.127	0.123	0.115	0.123	0.110	0.117	0.121	0.119	0.127
16:01:13	37.1	0.825	0.836	0.791	0.759	0.747	0.822	0.973	0.827	0.462	0.466	0.590	0.716	0.830	0.891	0.884	0.881	0.828	0.911	1.121	1.155	0.612	0.518	0.588	0.912	0.873	0.841	0.799	0.785	0.855	0.864	1.187	1.206	0.605	0.687	0.589	0.926	0.845	0.920	0.900	0.925	0.941	0.957	1.227	1.002	0.587	0.672	0.742	1.000	0.765	0.782	0.772	0.810	0.825	0.875	1.025	0.955	0.567	0.493	0.603	0.920	0.122	0.126	0.118	0.127	0.129	0.117	0.119	0.133	0.125	0.120	0.126	0.122	0.128	0.123	0.120	0.124	0.130	0.122	0.128	0.122	0.108	0.121	0.118	0.135	0.117	0.124	0.127	0.127	0.123	0.115	0.123	0.110	0.117	0.121	0.119	0.127
17:01:13	37.1	0.848	0.865	0.801	0.762	0.755	0.833	0.982	0.835	0.457	0.468	0.651	0.780	0.858	0.925	0.890	0.892	0.843	0.921	1.128	1.162	0.618	0.528	0.626	1.011	0.868	0.866	0.823	0.820	0.854	0.892	1.193	1.227	0.602	0.769	0.634	0.977	0.873	0.962	0.928	0.930	0.958	0.989	1.224	1.014	0.597	0.753	0.897	1.063	0.791	0.815	0.777	0.803	0.823	0.878	1.030	0.961	0.583	0.520	0.663	0.971	0.122	0.126	0.118	0.127	0.129	0.117	0.119	0.133	0.125	0.120	0.127	0.122	0.128	0.123	0.120	0.124	0.130	0.122	0.128	0.122	0.108	0.121	0.118	0.134	0.117	0.124	0.126	0.127	0.123	0.115	0.122	0.110	0.117	0.121	0.119	0.127
18:01:14	37.1	0.862	0.907	0.808	0.767	0.757	0.844	0.995	0.845	0.458	0.480	0.755	0.833	0.879	0.953	0.906	0.906	0.858	0.943	1.138	1.168	0.621	0.548	0.675	1.108	0.921	0.893	0.845	0.829	0.880	0.914	1.207	1.266	0.604	0.844	0.767	1.023	0.902	1.004	0.939	0.937	0.975	0.996	1.227	1.023	0.615	0.819	1.030	1.131	0.810	0.849	0.781	0.800	0.824	0.881	1.031	0.972	0.629	0.591	0.764	1.012	0.122	0.126	0.118	0.127	0.129	0.117	0.119	0.133	0.125	0.120	0.126	0.122	0.128	0.123	0.120	0.123	0.130	0.122	0.128	0.122	0.108	0.121	0.118	0.134	0.117	0.124	0.126	0.127	0.123	0.115	0.123	0.110	0.117	0.121	0.119	0.127
19:01:14	37.1	0.888	0.942	0.819	0.774	0.760	0.847	0.999	0.854	0.458	0.512	0.935	0.886	0.906	0.980	0.917	0.913	0.872	0.953	1.147	1.172	0.630	0.642	0.781	1.159	0.957	0.928	0.858	0.830	0.911	0.973	1.214	1.281	0.613	0.921	1.043	1.069	0.926	1.042	0.947	0.951	0.986	1.017	1.233	1.025	0.643	0.882	1.103	1.179	0.827	0.863	0.791	0.805	0.825	0.883	1.028	0.988	0.703	0.743	0.907	1.046	0.122	0.126	0.118	0.127	0.129	0.117	0.119	0.133	0.125	0.120	0.126	0.122	0.128	0.123	0.120	0.123	0.130	0.122	0.128	0.122	0.108	0.121	0.118	0.134	0.117	0.124	0.126	0.127	0.123	0.115	0.122	0.110	0.117	0.121	0.118	0.127
20:01:15	37.1	0.892	0.958	0.832	0.776	0.766	0.859	1.003	0.860	0.463	0.648	1.063	0.930	0.905	0.994	0.931	0.924	0.883	0.963	1.159	1.173	0.645	0.833	0.934	1.192	0.959	0.989	0.874	0.857	0.917	1.001	1.220	1.278	0.631	0.987	1.143	1.116	0.958	1.073	0.966	0.965	0.997	1.033	1.236	1.044	0.686	0.944	1.141	1.217	0.835	0.872	0.801	0.814	0.832	0.886	1.033	0.998	0.807	0.930	1.030	1.065	0.122	0.126	0.118	0.127	0.129	0.117	0.119	0.133	0.125	0.120	0.127	0.122	0.128	0.123	0.120	0.123	0.130	0.122	0.128	0.122	0.108	0.121	0.118	0.134	0.117	0.124	0.126	0.126	0.123	0.115	0.122	0.110	0.117	0.121	0.119	0.127
21:01:15	37.1	0.892	0.962	0.844	0.785	0.774	0.867	1.010	0.861	0.477	0.828	1.131	0.973	0.899	1.013	0.951	0.930	0.880	0.990	1.167	1.175	0.666	0.960	1.067	1.222	1.014	1.026	0.884	0.879	0.943	1.054	1.224	1.289	0.665	1.038	1.178	1.177	0.973	1.083	0.980	0.975	1.008	1.045	1.240	1.048	0.727	1.004	1.175	1.246	0.831	0.867	0.814	0.811	0.830	0.889	1.030	1.011	0.901	1.049	1.112	1.102	0.122	0.126	0.118	0.127	0.129	0.117	0.119	0.132	0.125	0.120	0.126	0.122	0.128	0.123	0.120	0.123	0.130	0.122	0.128	0.122	0.108	0.121	0.118	0.134	0.117	0.124	0.126	0.126	0.123	0.115	0.122	0.110	0.117	0.121	0.118	0.127
22:01:16	37.1	0.884	0.971	0.864	0.785	0.773	0.873	1.018	0.862	0.529	0.931	1.182	1.019	0.901	1.052	0.941	0.952	0.901	1.006	1.177	1.176	0.698	1.035	1.159	1.243	1.044	1.064	0.912	0.880	0.986	1.107	1.234	1.297	0.708	1.076	1.210	1.222	0.989	1.104	0.999	0.986	1.029	1.062	1.249	1.040	0.778	1.055	1.196	1.272	0.825	0.873	0.807	0.815	0.831	0.893	1.030	1.017	1.000	1.124	1.175	1.122	0.122	0.126	0.118	0.127	0.129	0.117	0.119	0.132	0.124	0.120	0.126	0.121	0.128	0.123	0.119	0.123	0.130	0.122	0.128	0.122	0.108	0.121	0.118	0.133	0.117	0.124	0.126	0.126	0.122	0.115	0.122	0.110	0.117	0.120	0.118	0.126
23:01:17	37.1	0.880	0.981	0.874	0.795	0.782	0.895	1.025	0.861	0.616	0.982	1.220	1.054	0.910	1.101	0.941	0.970	0.919	1.022	1.184	1.175	0.741	1.077	1.221	1.274	1.113	1.115	0.934	0.898	1.052	1.159	1.254	1.304	0.758	1.099	1.235	1.254	0.997	1.121	1.009	1.002	1.040	1.090	1.257	1.052	0.819	1.085	1.206	1.289	0.841	0.885	0.823	0.832	0.847	0.897	1.035	1.013	1.073	1.170	1.219	1.138	0.122	0.126	0.118	0.126	0.129	0.117	0.119	0.132	0.124	0.120	0.126	0.122	0.128	0.123	0.119	0.123	0.130	0.122	0.127	0.122	0.108	0.121	0.118	0.133	0.116	0.124	0.126	0.126	0.122	0.115	0.122	0.110	0.117	0.120	0.118	0.126
24:01:17	37.1	0.878	0.994	0.890	0.801	0.794	0.907	1.032	0.858	0.734	1.016	1.251	1.066	0.954	1.155	0.921	0.986	0.915	1.048	1.195	1.171	0.786	1.108	1.270	1.288	1.177	1.176	0.982	0.944	1.115	1.226	1.262	1.299	0.802	1.111	1.255	1.275	1.004	1.150	1.024	1.014	1.055	1.107	1.261	1.045	0.864	1.099	1.214	1.306	0.853	0.911	0.815	0.842	0.850	0.899	1.036	1.015	1.126	1.197	1.253	1.162	0.122	0.126	0.118	0.127	0.129	0.117	0.119	0.132	0.125	0.120	0.126	0.122	0.128	0.123	0.120	0.123	0.130	0.122	0.128	0.122	0.108	0.121	0.118	0.133	0.117	0.124	0.126	0.126	0.123	0.115	0.122	0.110	0.117	0.121	0.119	0.126
25:01:18	37.1	0.876	1.022	0.897	0.811	0.801	0.923	1.041	0.853	0.869	1.039	1.278	1.090	1.009	1.203	0.887	1.008	0.928	1.082	1.201	1.170	0.842	1.130	1.306	1.305	1.239	1.231	1.012	0.996	1.186	1.261	1.275	1.304	0.842	1.116	1.269	1.294	1.011	1.180	1.040	1.021	1.080	1.125	1.267	1.045	0.906	1.107	1.218	1.315	0.871	0.964	0.782	0.849	0.868	0.915	1.038	1.018	1.170	1.220	1.288	1.169	0.122	0.126	0.118	0.127	0.129	0.117	0.119	0.132	0.125	0.120	0.126	0.121	0.128	0.123	0.119	0.122	0.130	0.122	0.127	0.121	0.108	0.121	0.118	0.133	0.116	0.123	0.126	0.126	0.122	0.115	0.122	0.110	0.117	0.121	0.118	0.126
26:01:18	37.2	0.884	1.051	0.896	0.822	0.804	0.939	1.047	0.849	0.961	1.055	1.304	1.125	1.079	1.255	0.913	1.028	0.925	1.106	1.216	1.171	0.913	1.158	1.339	1.330	1.290	1.290	1.105	1.067	1.260	1.300	1.287	1.311	0.882	1.121	1.286	1.322	1.034	1.220	1.054	1.036	1.099	1.150	1.276	1.035	0.949	1.117	1.227	1.329	0.908	1.040	0.748	0.856	0.872	0.915	1.042	1.018	1.212	1.242	1.325	1.182	0.122	0.126	0.118	0.127	0.128	0.117	0.119	0.132	0.124	0.120	0.126	0.121	0.128	0.123	0.119	0.122	0.130	0.122	0.127	0.121	0.108	0.121	0.118	0.133	0.117	0.123	0.126	0.126	0.122	0.115	0.122	0.110	0.117	0.120	0.118	0.126
27:01:19	37.3	0.913	1.088	0.909	0.831	0.824	0.966	1.055	0.844	1.023	1.069	1.327	1.127	1.158	1.312	0.961	1.046	0.879	1.147	1.230	1.170	0.983	1.180	1.365	1.334	1.332	1.341	1.187	1.132	1.321	1.347	1.306	1.313	0.917	1.126	1.298	1.335	1.063	1.258	1.060	1.061	1.125	1.178	1.286	1.033	0.994	1.120	1.231	1.335	0.953	1.120	0.743	0.853	0.887	0.931	1.049	1.018	1.247	1.256	1.353	1.192	0.122	0.126	0.118	0.127	0.129	0.117	0.119	0.132	0.124	0.120	0.126	0.121	0.127	0.123	0.119	0.122	0.130	0.122	0.127	0.121	0.108	0.121	0.118	0.132	0.117	0.123	0.126	0.125	0.122	0.115	0.122	0.110	0.117	0.120	0.118	0.126
28:01:19	37.2	0.961	1.134	0.933	0.849	0.834	1.006	1.068	0.836	1.058	1.078	1.345	1.146	1.242	1.365	1.061	1.065	0.859	1.181	1.245	1.167	1.049	1.201	1.383	1.347	1.378	1.389	1.264	1.214	1.346	1.373	1.321	1.311	0.945	1.124	1.304	1.349	1.099	1.287	1.045	1.077	1.161	1.210	1.296	1.027	1.023	1.119	1.234	1.347	1.001	1.198	0.738	0.848	0.897	0.960	1.054	1.018	1.270	1.263	1.378	1.202	0.122	0.126	0.117	0.127	0.128	0.117	0.119	0.131	0.124	0.120	0.126	0.121	0.127	0.123	0.119	0.121	0.130	0.122	0.127	0.121	0.108	0.121	0.118	0.132	0.116	0.123	0.126	0.125	0.122	0.115	0.122	0.110	0.117	0.120	0.118	0.126
29:01:20	37.1	1.000	1.189	0.972	0.869	0.858	1.039	1.075	0.833	1.079	1.085	1.360	1.169	1.288	1.411	1.156	1.098	0.867	1.207	1.258	1.164	1.103	1.221	1.392	1.358	1.409	1.431	1.315	1.253	1.379	1.397	1.336	1.313	0.967	1.121	1.308	1.363	1.135	1.317	1.060	1.106	1.193	1.244	1.307	1.019	1.047	1.121	1.235	1.365	1.052	1.260	0.761	0.825	0.891	0.981	1.058	1.007	1.288	1.270	1.399	1.210	0.122	0.125	0.117	0.127	0.128	0.117	0.119	0.131	0.124	0.120	0.126	0.121	0.127	0.123	0.119	0.121	0.130	0.122	0.127	0.121	0.108	0.120	0.118	0.131	0.116	0.123	0.126	0.125	0.121	0.114	0.121	0.110	0.117	0.120	0.118	0.126
30:01:21	37.2	1.074	1.251	1.000	0.883	0.876	1.068	1.084	0.827	1.096	1.089	1.377	1.173	1.327	1.440	1.247	1.162	0.943	1.229	1.266	1.162	1.145	1.236	1.399	1.355	1.431	1.458	1.373	1.304	1.405	1.419	1.345	1.313	0.989	1.119	1.311	1.368	1.181	1.335	1.092	1.127	1.228	1.272	1.308	1.017	1.068	1.119	1.237	1.371	1.117	1.305	0.798	0.837	0.886	1.010	1.068	0.998	1.302	1.274	1.413	1.205	0.122	0.125	0.117	0.126	0.128	0.117	0.119	0.131	0.124	0.120	0.126	0.121	0.127	0.123	0.119	0.121	0.130	0.122	0.127	0.121	0.108	0.120	0.118	0.131	0.116	0.123	0.126	0.125	0.121	0.114	0.121	0.110	0.117	0.120	0.118	0.126
31:01:22	37.3	1.165	1.313	1.043	0.894	0.894	1.103	1.096	0.822	1.109	1.094	1.380	1.158	1.362	1.463	1.315	1.240	1.078	1.236	1.284	1.159	1.184	1.256	1.406	1.367	1.455	1.487	1.407	1.351	1.429	1.439	1.364	1.312	1.009	1.117	1.315	1.372	1.224	1.365	1.148	1.141	1.246	1.294	1.323	1.012	1.090	1.119	1.243	1.375	1.183	1.346	0.850	0.895	0.874	1.030	1.077	1.002	1.319	1.282	1.423	1.200	0.122	0.125	0.117	0.127	0.129	0.117	0.119	0.131	0.124	0.120	0.125	0.121	0.127	0.122	0.119	0.121	0.130	0.122	0.127	0.121	0.108	0.120	0.118	0.131	0.116	0.123	0.126	0.125	0.121	0.115	0.122	0.110	0.117	0.120	0.118	0.125
32:01:21	37.3	1.241	1.369	1.091	0.910	0.914	1.135	1.108	0.820	1.119	1.098	1.401	1.164	1.388	1.481	1.368	1.300	1.182	1.253	1.300	1.158	1.217	1.273	1.409	1.394	1.473	1.504	1.437	1.387	1.453	1.450	1.377	1.313	1.031	1.119	1.317	1.385	1.266	1.393	1.215	1.160	1.260	1.316	1.329	1.009	1.106	1.119	1.243	1.391	1.252	1.383	0.927	0.989	0.912	1.074	1.091	0.996	1.327	1.284	1.434	1.205	0.121	0.125	0.117	0.126	0.128	0.117	0.119	0.131	0.124	0.120	0.125	0.121	0.127	0.122	0.119	0.121	0.130	0.122	0.127	0.121	0.108	0.120	0.118	0.131	0.116	0.122	0.126	0.125	0.121	0.115	0.121	0.110	0.117	0.120	0.118	0.126
33:01:22	37.4	1.300	1.410	1.143	0.938	0.946	1.169	1.121	0.818	1.127	1.100	1.411	1.177	1.410	1.498	1.397	1.353	1.264	1.286	1.316	1.156	1.246	1.292	1.418	1.402	1.492	1.525	1.461	1.415	1.468	1.464	1.394	1.314	1.046	1.123	1.321	1.401	1.312	1.421	1.287	1.171	1.270	1.326	1.341	1.003	1.121	1.118	1.246	1.410	1.300	1.411	1.016	1.097	0.979	1.130	1.107	0.998	1.338	1.288	1.442	1.206	0.121	0.125	0.117	0.126	0.128	0.116	0.119	0.131	0.124	0.120	0.125	0.121	0.127	0.122	0.119	0.121	0.130	0.122	0.127	0.121	0.108	0.120	0.118	0.131	0.116	0.122	0.126	0.125	0.121	0.114	0.121	0.110	0.117	0.120	0.118	0.125
34:01:22	37.3	1.342	1.443	1.193	0.975	0.978	1.202	1.133	0.816	1.130	1.105	1.410	1.187	1.431	1.510	1.427	1.390	1.322	1.325	1.333	1.152	1.271	1.305	1.425	1.416	1.507	1.537	1.481	1.441	1.485	1.475	1.406	1.314	1.064	1.122	1.322	1.423	1.352	1.443	1.347	1.190	1.288	1.335	1.351	1.000	1.133	1.118	1.247	1.420	1.347	1.432	1.099	1.198	1.060	1.195	1.124	0.996	1.340	1.291	1.451	1.209	0.121	0.125	0.117	0.126	0.128	0.116	0.119	0.131	0.124	0.119	0.124	0.121	0.127	0.122	0.118	0.121	0.130	0.122	0.127	0.121	0.108	0.120	0.118	0.130	0.116	0.122	0.125	0.125	0.121	0.114	0.121	0.110	0.117	0.120	0.118	0.126
35:01:23	37.4	1.373	1.467	1.241	1.008	1.017	1.227	1.145	0.815	1.136	1.108	1.419	1.188	1.450	1.521	1.446	1.421	1.367	1.364	1.349	1.150	1.295	1.325	1.422	1.419	1.518	1.548	1.498	1.463	1.504	1.485	1.419	1.318	1.078	1.122	1.323	1.425	1.387	1.463	1.386	1.241	1.321	1.343	1.363	0.996	1.146	1.119	1.249	1.420	1.379	1.455	1.178	1.273	1.152	1.258	1.144	0.990	1.348	1.297	1.457	1.203	0.122	0.125	0.117	0.127	0.128	0.116	0.119	0.131	0.124	0.119	0.124	0.121	0.127	0.122	0.119	0.121	0.130	0.122	0.127	0.121	0.108	0.120	0.118	0.130	0.116	0.122	0.125	0.125	0.121	0.114	0.121	0.110	0.117	0.120	0.118	0.125
36:01:24	37.3	1.397	1.489	1.283	1.057	1.067	1.256	1.163	0.819	1.139	1.114	1.428	1.199	1.464	1.534	1.465	1.447	1.400	1.398	1.367	1.148	1.320	1.345	1.421	1.428	1.528	1.558	1.513	1.485	1.517	1.496	1.431	1.321	1.091	1.123	1.329	1.445	1.417	1.488	1.422	1.309	1.357	1.360	1.372	0.998	1.156	1.119	1.253	1.432	1.404	1.471	1.242	1.340	1.233	1.321	1.167	0.988	1.352	1.303	1.465	1.205	0.121	0.125	0.117	0.126	0.128	0.116	0.119	0.130	0.124	0.119	0.124	0.121	0.127	0.122	0.118	0.120	0.130	0.122	0.127	0.121	0.108	0.120	0.118	0.130	0.116	0.122	0.125	0.125	0.121	0.114	0.121	0.110	0.117	0.120	0.118	0.125
37:01:25	37.3	1.419	1.505	1.313	1.104	1.113	1.282	1.175	0.820	1.143	1.119	1.434	1.208	1.478	1.546	1.478	1.465	1.423	1.427	1.381	1.147	1.335	1.359	1.419	1.430	1.534	1.559	1.527	1.496	1.530	1.502	1.444	1.322	1.102	1.126	1.332	1.454	1.441	1.504	1.448	1.369	1.385	1.388	1.383	0.995	1.163	1.122	1.254	1.444	1.430	1.486	1.294	1.386	1.294	1.370	1.190	0.984	1.354	1.307	1.471	1.201	0.121	0.125	0.117	0.126	0.128	0.116	0.119	0.130	0.124	0.119	0.124	0.121	0.127	0.122	0.118	0.120	0.130	0.122	0.127	0.121	0.108	0.120	0.118	0.130	0.116	0.122	0.125	0.124	0.121	0.114	0.121	0.110	0.117	0.120	0.118	0.125
38:01:25	37.4	1.436	1.519	1.344	1.157	1.162	1.310	1.193	0.825	1.144	1.123	1.442	1.235	1.491	1.556	1.492	1.482	1.441	1.450	1.399	1.145	1.351	1.373	1.426	1.435	1.534	1.566	1.540	1.506	1.539	1.505	1.448	1.325	1.110	1.129	1.337	1.460	1.461	1.519	1.468	1.408	1.419	1.416	1.395	0.992	1.171	1.124	1.257	1.451	1.448	1.496	1.340	1.419	1.344	1.403	1.210	0.981	1.357	1.312	1.475	1.199	0.121	0.125	0.117	0.126	0.128	0.116	0.119	0.130	0.124	0.119	0.124	0.121	0.127	0.122	0.118	0.120	0.130	0.122	0.127	0.121	0.108	0.120	0.118	0.130	0.116	0.122	0.125	0.124	0.121	0.114	0.121	0.110	0.117	0.120	0.118	0.125
39:01:26	37.4	1.453	1.533	1.367	1.198	1.209	1.339	1.210	0.829	1.147	1.130	1.439	1.254	1.503	1.563	1.505	1.498	1.457	1.467	1.414	1.144	1.365	1.385	1.437	1.430	1.538	1.571	1.548	1.520	1.545	1.511	1.458	1.324	1.121	1.134	1.339	1.465	1.480	1.532	1.483	1.445	1.448	1.447	1.408	0.995	1.179	1.125	1.259	1.458	1.457	1.504	1.377	1.442	1.384	1.425	1.231	0.976	1.360	1.318	1.456	1.206	0.121	0.125	0.117	0.126	0.128	0.116	0.119	0.130	0.124	0.119	0.124	0.121	0.127	0.121	0.118	0.120	0.130	0.122	0.127	0.121	0.108	0.120	0.118	0.129	0.116	0.122	0.125	0.124	0.121	0.114	0.120	0.110	0.117	0.120	0.118	0.125
40:01:27	37.4	1.467	1.545	1.394	1.245	1.252	1.363	1.231	0.835	1.150	1.139	1.431	1.271	1.512	1.571	1.514	1.512	1.470	1.482	1.431	1.144	1.382	1.397	1.438	1.441	1.541	1.574	1.556	1.528	1.550	1.513	1.472	1.326	1.132	1.141	1.348	1.482	1.490	1.541	1.496	1.469	1.469	1.471	1.420	0.987	1.189	1.129	1.263	1.466	1.460	1.508	1.399	1.459	1.412	1.444	1.259	0.977	1.362	1.327	1.441	1.206	0.121	0.125	0.117	0.126	0.128	0.116	0.119	0.130	0.123	0.119	0.124	0.121	0.127	0.121	0.118	0.120	0.130	0.122	0.127	0.121	0.108	0.120	0.118	0.129	0.116	0.122	0.124	0.124	0.121	0.114	0.121	0.110	0.117	0.119	0.118	0.125
41:01:27	37.3	1.479	1.555	1.418	1.290	1.292	1.389	1.255	0.842	1.153	1.146	1.432	1.290	1.522	1.580	1.526	1.524	1.484	1.497	1.447	1.143	1.394	1.401	1.436	1.433	1.543	1.579	1.560	1.537	1.556	1.518	1.478	1.327	1.139	1.141	1.355	1.478	1.504	1.550	1.507	1.490	1.486	1.490	1.433	0.986	1.195	1.130	1.266	1.469	1.455	1.521	1.421	1.476	1.435	1.458	1.291	0.980	1.362	1.338	1.434	1.218	0.121	0.124	0.117	0.126	0.128	0.116	0.119	0.129	0.124	0.119	0.124	0.121	0.127	0.121	0.118	0.120	0.129	0.122	0.126	0.121	0.108	0.119	0.118	0.129	0.116	0.121	0.124	0.124	0.121	0.114	0.120	0.110	0.117	0.119	0.118	0.125
42:01:28	37.5	1.493	1.563	1.439	1.330	1.326	1.413	1.273	0.845	1.155	1.159	1.437	1.306	1.528	1.587	1.536	1.535	1.496	1.511	1.463	1.140	1.407	1.407	1.437	1.438	1.547	1.595	1.568	1.531	1.553	1.525	1.494	1.329	1.149	1.143	1.362	1.487	1.519	1.558	1.520	1.506	1.501	1.508	1.451	0.988	1.201	1.135	1.269	1.472	1.456	1.517	1.438	1.492	1.453	1.473	1.322	0.982	1.366	1.346	1.449	1.227	0.121	0.124	0.117	0.126	0.128	0.116	0.119	0.129	0.124	0.119	0.124	0.121	0.127	0.121	0.118	0.120	0.130	0.122	0.126	0.121	0.108	0.119	0.118	0.129	0.116	0.122	0.124	0.124	0.121	0.114	0.120	0.110	0.117	0.120	0.118	0.125
43:01:29	37.3	1.507	1.567	1.457	1.360	1.360	1.434	1.298	0.849	1.157	1.183	1.441	1.311	1.531	1.593	1.546	1.546	1.506	1.524	1.478	1.139	1.420	1.419	1.455	1.463	1.555	1.606	1.568	1.534	1.554	1.525	1.501	1.331	1.157	1.148	1.371	1.490	1.527	1.567	1.530	1.521	1.518	1.524	1.464	0.987	1.210	1.141	1.278	1.482	1.468	1.523	1.455	1.500	1.470	1.487	1.351	0.986	1.373	1.357	1.468	1.232	0.121	0.124	0.117	0.126	0.128	0.116	0.119	0.129	0.124	0.119	0.124	0.121	0.127	0.121	0.118	0.120	0.130	0.122	0.126	0.121	0.108	0.119	0.118	0.129	0.116	0.122	0.124	0.124	0.121	0.114	0.121	0.110	0.117	0.120	0.118	0.125
44:01:30	37.4	1.518	1.571	1.472	1.390	1.390	1.452	1.320	0.852	1.160	1.204	1.430	1.312	1.534	1.598	1.556	1.556	1.512	1.533	1.490	1.137	1.431	1.417	1.463	1.454	1.534	1.591	1.573	1.534	1.560	1.534	1.502	1.334	1.163	1.148	1.376	1.492	1.537	1.575	1.539	1.531	1.529	1.540	1.473	0.986	1.217	1.140	1.276	1.483	1.482	1.534	1.468	1.498	1.485	1.498	1.376	0.986	1.376	1.365	1.475	1.224	0.121	0.124	0.117	0.126	0.128	0.116	0.119	0.129	0.124	0.119	0.124	0.121	0.127	0.121	0.118	0.120	0.130	0.122	0.126	0.121	0.108	0.119	0.118	0.129	0.116	0.122	0.124	0.124	0.121	0.114	0.121	0.110	0.117	0.120	0.118	0.125
45:01:30	37.3	1.532	1.578	1.486	1.413	1.415	1.468	1.347	0.857	1.165	1.234	1.440	1.322	1.540	1.601	1.565	1.565	1.522	1.541	1.503	1.135	1.441	1.402	1.456	1.451	1.470	1.560	1.575	1.547	1.564	1.548	1.512	1.337	1.172	1.156	1.387	1.502	1.544	1.580	1.549	1.544	1.542	1.549	1.483	0.987	1.228	1.147	1.286	1.489	1.501	1.550	1.487	1.498	1.491	1.496	1.394	0.985	1.383	1.377	1.484	1.227	0.121	0.124	0.117	0.126	0.128	0.116	0.119	0.129	0.123	0.119	0.124	0.120	0.127	0.121	0.118	0.120	0.129	0.122	0.126	0.120	0.108	0.119	0.118	0.128	0.116	0.121	0.124	0.124	0.121	0.114	0.120	0.110	0.117	0.119	0.118	0.124
46:01:30	37.3	1.541	1.585	1.496	1.440	1.437	1.484	1.376	0.865	1.171	1.254	1.431	1.325	1.547	1.604	1.572	1.568	1.534	1.552	1.519	1.132	1.451	1.388	1.444	1.475	1.425	1.522	1.587	1.556	1.581	1.557	1.518	1.339	1.180	1.161	1.391	1.503	1.546	1.584	1.560	1.555	1.555	1.563	1.484	0.988	1.238	1.152	1.290	1.492	1.519	1.565	1.518	1.504	1.499	1.496	1.408	0.988	1.391	1.385	1.499	1.215	0.121	0.124	0.117	0.126	0.128	0.116	0.119	0.129	0.123	0.119	0.124	0.120	0.127	0.121	0.118	0.120	0.130	0.122	0.126	0.120	0.108	0.119	0.118	0.128	0.116	0.121	0.124	0.123	0.121	0.114	0.120	0.110	0.117	0.119	0.118	0.124
47:01:31	37.4	1.556	1.593	1.513	1.460	1.456	1.498	1.401	0.866	1.180	1.291	1.429	1.371	1.559	1.605	1.583	1.574	1.540	1.560	1.530	1.132	1.462	1.377	1.432	1.490	1.381	1.487	1.586	1.570	1.594	1.562	1.526	1.341	1.188	1.166	1.398	1.504	1.550	1.582	1.567	1.563	1.563	1.572	1.490	0.988	1.246	1.155	1.295	1.488	1.544	1.580	1.525	1.506	1.505	1.495	1.412	0.985	1.402	1.398	1.497	1.264	0.121	0.124	0.117	0.126	0.128	0.116	0.119	0.129	0.123	0.119	0.124	0.120	0.127	0.121	0.118	0.120	0.130	0.122	0.126	0.120	0.108	0.119	0.118	0.128	0.116	0.121	0.124	0.123	0.121	0.114	0.120	0.110	0.117	0.119	0.118	0.124
48:01:31	37.4	1.567	1.599	1.526	1.476	1.472	1.510	1.426	0.871	1.190	1.300	1.407	1.346	1.559	1.607	1.585	1.578	1.542	1.565	1.540	1.128	1.469	1.365	1.438	1.483	1.407	1.458	1.566	1.553	1.601	1.554	1.533	1.344	1.199	1.170	1.406	1.515	1.550	1.581	1.575	1.568	1.570	1.580	1.494	0.988	1.255	1.160	1.299	1.486	1.571	1.585	1.535	1.510	1.502	1.504	1.412	0.971	1.409	1.405	1.504	1.234	0.121	0.124	0.117	0.126	0.128	0.116	0.119	0.129	0.123	0.119	0.124	0.120	0.127	0.121	0.118	0.120	0.129	0.122	0.126	0.120	0.108	0.119	0.118	0.127	0.116	0.121	0.124	0.123	0.120	0.114	0.120	0.110	0.117	0.119	0.118	0.124

Results
	1	2	3	4	5	6	7	8	9	10	11	12
A	2.551	2.416	2.620	2.608	2.567	2.690	2.586	2.611	1.861	2.040	2.112	1.054	Max V [578]
	0.976	0.981	0.974	0.974	0.970	0.975	0.970	0.974	0.995	0.964	0.981	0.999	R-Squared [578]
	6:01:09	6:01:09	6:01:09	6:01:09	6:01:09	6:01:09	6:01:09	7:01:09	24:01:17	21:01:16	19:01:14	14:01:12	t at Max V [578]
	4:05:05	4:06:30	4:09:18	4:09:53	4:08:58	4:07:46	4:09:55	4:33:26	18:30:47	15:41:23	12:55:19	6:34:36	Lagtime [578]
B	2.385	2.484	2.727	2.823	2.594	2.837	2.918	3.646	1.594	2.154	2.091	1.455	Max V [578]
	0.975	0.980	0.973	0.972	0.971	0.975	0.975	0.987	0.983	0.980	0.994	0.998	R-Squared [578]
	6:01:09	6:01:09	6:01:09	6:01:09	6:01:09	6:01:09	7:01:09	7:01:09	6:01:09	20:01:15	20:01:15	9:01:10	t at Max V [578]
	4:07:42	4:03:30	4:07:50	4:09:57	4:12:41	4:06:15	4:31:36	4:43:41	4:01:13	14:46:03	13:38:09	5:42:04	Lagtime [578]
C	2.484	2.037	2.302	2.295	2.543	2.394	2.834	3.659	1.440	1.298	2.530	1.621	Max V [578]
	0.971	0.978	0.982	0.979	0.983	0.984	0.979	0.972	0.992	1.000	0.945	0.995	R-Squared [578]
	6:01:09	7:01:09	7:01:09	7:01:09	7:01:09	7:01:09	7:01:09	7:01:09	7:01:09	17:01:13	18:01:14	10:01:11	t at Max V [578]
	4:09:18	4:21:24	4:26:08	4:29:44	4:31:39	4:33:32	4:31:24	4:37:28	4:10:09	8:46:04	13:15:10	6:01:53	Lagtime [578]
D	2.186	2.071	2.491	2.638	2.733	2.648	3.170	3.189	1.246	1.305	2.086	1.991	Max V [578]
	0.966	0.969	0.964	0.967	0.968	0.972	0.992	0.966	0.991	0.995	0.988	0.995	R-Squared [578]
	6:01:09	7:01:09	6:01:09	7:01:09	6:01:09	7:01:09	7:01:09	7:01:09	7:01:09	16:01:13	17:01:13	10:01:11	t at Max V [578]
	4:14:09	4:21:43	4:13:15	4:25:34	4:09:17	4:32:22	4:44:54	4:54:37	4:27:00	9:05:28	10:58:26	6:47:02	Lagtime [578]
E	2.367	2.277	2.434	2.678	2.751	2.789	3.040	3.028	1.566	2.329	1.940	1.602	Max V [578]
	0.969	0.970	0.956	0.966	0.964	0.972	0.986	0.985	0.997	0.983	0.993	0.999	R-Squared [578]
	6:01:09	6:01:09	7:01:09	7:01:09	6:01:09	7:01:09	7:01:09	6:01:09	20:01:15	19:01:14	19:01:14	11:01:11	t at Max V [578]
	4:09:55	4:09:12	4:28:18	4:29:07	4:12:58	4:29:17	4:46:25	4:07:18	12:49:38	14:22:35	12:20:57	6:44:20	Lagtime [578]
F	-0.004	-0.006	-0.004	-0.004	-0.004	-0.006	-0.002	-0.012	-0.003	-0.003	-0.007	-0.009	Max V [578]
	0.823	0.747	0.959	0.925	0.818	0.933	0.899	0.908	0.990	0.853	0.868	0.817	R-Squared [578]
	2:01:06	2:01:06	16:01:13	2:01:06	2:01:06	14:01:12	2:01:06	2:01:06	3:01:07	2:01:06	2:01:06	2:01:06	t at Max V [578]
	?????	?????	11:22:46	?????	?????	9:28:44	?????	?????	?????	?????	?????	?????	Lagtime [578]
G	-0.006	-0.005	-0.007	-0.011	-0.004	-0.003	-0.005	-0.005	-0.001	-0.019	-0.003	-0.009	Max V [578]
	0.907	0.818	0.748	0.949	0.758	0.829	0.987	0.934	0.696	0.987	0.931	0.978	R-Squared [578]
	5:01:08	2:01:06	2:01:06	6:01:09	2:01:06	2:01:06	10:01:11	5:01:08	26:01:18	2:01:06	2:01:06	2:01:06	t at Max V [578]
	1:26:22	?????	?????	1:57:24	?????	?????	1:52:52	0:11:26	21:46:16	0:09:18	?????	?????	Lagtime [578]
H	-0.002	-0.005	-0.012	-0.025	-0.004	-0.003	-0.004	-0.001	-0.002	-0.003	-0.003	-0.008	Max V [578]
	0.644	0.970	0.958	0.989	0.837	0.955	0.793	0.817	0.704	0.988	0.736	0.905	R-Squared [578]
	2:01:06	13:01:12	9:01:10	2:01:06	2:01:06	2:01:06	2:01:06	26:01:18	2:01:06	7:01:09	2:01:06	4:01:08	t at Max V [578]
	?????	4:09:43	4:12:48	?????	?????	?????	?????	18:52:41	?????	1:01:06	?????	?????	Lagtime [578]

